1	'Heart1' -1383.12 68.4491 607.921
2	'Heart2' -1156.33 52.419 456.074
3	'Heart3' -1026.12 58.6482 353.473
4	'Heart4' -905.207 4.77282 536.676
5	'Heart5' -717.7 9.12104 541.112
6	'Heart6' -968.02 41.245 133.598
7	'Heart7' -1135.4 53.7765 -273.629
8	'Heart8' -539.825 54.5632 -92.0761
9	'Heart9' -531.202 53.8994 231.712
10	'Heart10' -317.817 45.8034 -199.238
11	'Heart11' 217.902 19.6952 -139.373
12	'Heart12' 187.156 42.8092 537.065
13	'Heart13' 818.231 42.8488 647.435
14	'Heart14' 1133.2 35.867 -59.5807
15	'Heart15' 1380.77 20.3016 -571.372
16	'Heart16' 764.618 0.800857 -240.823
17	'Heart17' 536.431 4.25616 -560.06
18	'Heart18' -1361.75 50.3094 350.72
