1	'PoI1' -1277.88 51.5153 6.88944
2	'PoI2' -1028.42 58.6607 335.03
3	'PoI3' -571.315 64.1475 431.421
4	'PoI4' -697.496 0.504615 74.6917
5	'PoI5' -675.783 66.2413 -152.884
6	'PoI6' -417.036 66.4924 -84.3236
7	'PoI7' -1086.31 55.687 -269.808
8	'PoI8' -610.103 66.1507 -496.244
9	'PoI9' -40.3311 43.389 467.041
10	'PoI10' 89.7864 3.66456 404.102
11	'PoI11' 280.217 72.0008 410.699
12	'PoI12' 493.242 36.4513 195.68
13	'PoI13' 610.839 44.414 521.853
14	'PoI14' 714.299 34.0243 -671.551
15	'PoI15' 1369.35 55.6405 321.213
16	'PoI16' 991.438 49.1538 640.714
17	'PoI17' -1450.31 88.4724 695.745
