1	'Legionnaire_Tosia_Domesplitter' -1187.53 47.5108 24.1751
2	'Downed_Centurion_Gracchus_Krysknife' -1068.46 56.2267 -19.2315
3	'Barradin_Chamber' -678.967 0.538479 73.4665
4	'Transition-PortalAshfordToCitadel' -1400 82 136
5	'BlackCitadel-WP1' 484.083 163.041 264.494
6	'BlackCitadel-WP2' 209.476 206.583 317.243
7	'BlackCitadel-WP3' 218.307 173.759 540.843
8	'BlackCitadel-WP4' -43.5504 172.366 621.926
9	'BlackCitadel-WP5' 37.5069 208.415 455.744
10	'BlackCitadel-WP6' -362.13 26.7413 347.049
11	'BlackCitadel-WP7' -192.668 210.567 376.156
12	'BlackCitadel-WP8' -36.6346 31.8242 329.904
13	'BlackCitadel-WP9' 0.739634 263.397 250.113
14	'BlackCitadel-WP10' 100.536 207.412 58.4006
15	'BlackCitadel-WP11' 24.22 123.45 -97.6882
16	'BlackCitadel-WP12' -156.156 14.321 -174.406
17	'BlackCitadel-PoI1' -77.8189 191.396 510.036
18	'BlackCitadel-PoI2' 267.509 164.109 608.056
19	'BlackCitadel-PoI3' 357.665 159.464 564.831
20	'BlackCitadel-PoI4' 495.547 186.579 561.024
21	'BlackCitadel-PoI5' 521.696 198.994 418.243
22	'BlackCitadel-PoI6' 448.202 162.336 393.505
23	'BlackCitadel-PoI7' 235.864 163.554 397.098
24	'BlackCitadel-PoI8' 543.866 160.517 272.417
25	'BlackCitadel-PoI9' 225.421 191.525 196.138
26	'BlackCitadel-PoI10' -403.458 11.5428 -291.235
27	'BlackCitadel-PoI11' -16.3328 203.979 111.466
28	'BlackCitadel-PoI12' 3.80882 302.028 274.784
29	'BlackCitadel-PoI13' 44.8807 196.487 265.493
30	'BlackCitadel-PoI14' 2.94415 303.031 226.95
31	'BlackCitadel-PoI15' -17.3416 267.848 215.836
32	'BlackCitadel-PoI16' -41.0207 283.467 351.632
33	'BlackCitadel-PoI17' 137.113 177.511 534.445
34	'BlackCitadel-Vista1' -170.553 85.8941 -357.717
35	'BlackCitadel-Vista2' -51.7733 125.094 -65.7448
36	'BlackCitadel-Vista3' 317.674 217.698 -29.2303
37	'BlackCitadel-Vista4' -352.473 53.9408 119.957
38	'BlackCitadel-Vista5' 61.9819 197.062 552.096
39	'Transition-PortalCitadelToLionsArch' -203 216 400
40	'LionsArch-WP1' -435.8 36.2466 464.698
41	'LionsArch-WP2' -66.316 25.822 432.736
42	'LionsArch-WP3' 118.096 35.7177 199.498
43	'LionsArch-WP4' 448.315 36.0451 395.046
44	'LionsArch-WP5' 581.148 25.3664 262.23
45	'LionsArch-WP6' 757.835 38.3916 38.9652
46	'LionsArch-WP7' 603.781 31.2989 -151.863
47	'LionsArch-WP8' 350.43 37.8869 -414.68
48	'LionsArch-WP9' 229.266 37.2517 -158.732
49	'LionsArch-WP10' -116.267 12.5451 -273.876
50	'LionsArch-WP11' -691.491 51.5007 -150.578
51	'LionsArch-WP12' -366.384 12.7518 69.6959
52	'LionsArch-WP13' -562.095 18.1049 248.611
53	'LionsArch-PoI1' -750.652 26.2586 503.663
54	'LionsArch-PoI2' -699.05 7.65252 167.649
55	'LionsArch-PoI3' -649.905 0.770974 -43.1831
56	'LionsArch-PoI4' -717.657 46.4757 -146.758
57	'LionsArch-PoI5' -520.689 -59.0001 -114.508
58	'LionsArch-PoI6' -463.606 0.759009 276.898
59	'LionsArch-PoI7' -411.946 9.50926 353.091
60	'LionsArch-PoI8' -369.706 9.33153 339.07
61	'LionsArch-PoI9' -357.974 59.0409 243.554
62	'LionsArch-PoI10' -387.935 0.483911 -0.592636
63	'LionsArch-PoI11' -288.272 22.0175 -20.6169
64	'LionsArch-PoI12' -333.437 -141.814 -201.909
65	'LionsArch-PoI13' -329.462 45.6207 -440.594
66	'LionsArch-PoI14' 270.256 38.219 -354.887
67	'LionsArch-PoI15' 0.421859 -62.4771 -129.532
68	'LionsArch-PoI16' 185.914 30.9004 -252.783
69	'LionsArch-PoI17' 167.777 44.1363 -43.9245
70	'LionsArch-PoI18' 614.465 64.0453 -267.197
71	'LionsArch-PoI19' 519.021 45.0727 -4.84735
72	'LionsArch-PoI20' 618.602 38.6315 209.801
73	'LionsArch-PoI21' 182.442 49.38 265.043
74	'LionsArch-PoI22' 109.532 29.2438 398.082
75	'LionsArch-PoI23' -42.2107 29.5291 214.353
76	'LionsArch-PoI24' -122.76 28.5088 376.151
77	'LionsArch-PoI25' -206.432 27.8985 332.362
78	'LionsArch-PoI26' -210.899 27.3935 236.377
79	'LionsArch-Vista1' -718.694 14.4105 386.805
80	'LionsArch-Vista2' -498.982 50.5153 240.227
81	'LionsArch-Vista3' -384.461 65.7381 265.71
82	'LionsArch-Vista4' -120.137 38.7633 208.562
83	'LionsArch-Vista5' 209.06 20.5723 73.6083
84	'LionsArch-Vista6' 337.288 16.7793 127.804
85	'LionsArch-Vista7' 536.76 40.5714 233.797
86	'LionsArch-Vista8' 699.386 130.606 -374.333
87	'LionsArch-Vista9' 415.919 76.5325 -335.17
88	'LionsArch-Vista10' -157.53 -97.16 -139.413
89	'LionsArch-Vista11' -387.859 196.901 -454.57
90	'Transition-PortalLionsArchtoSouthsun' 197.6 48.4 331
91	'SouthsunCove-WP1' 765.888 38.1621 -425.866
92	'SouthsunCove-WP2' 596.43 36.0153 116.334
93	'SouthsunCove-WP3' 801.815 0.973127 459.188
94	'SouthsunCove-WP4' -16.3756 0.846693 432.43
95	'SouthsunCove-WP5' 28.4585 28.3706 -406.764
96	'SouthsunCove-WP6' -663.406 39.0144 -505.826
97	'SouthsunCove-PoI1' -449.5 39.153 -354.999
98	'SouthsunCove-PoI2' -304.532 117.222 235.993
99	'SouthsunCove-PoI3' -141.449 -0.181253 161.331
100	'SouthsunCove-PoI4' 233.476 67.8451 14.4872
101	'SouthsunCove-PoI5' 539.846 62.4531 -7.59816
102	'SouthsunCove-PoI6' 374.861 -40.2604 -476.341
103	'Transition-PortalSouthsuntoLionsArch' 805 42 -368
104	'Transition-PortalLionsArchToHoelbrak' 222 50 305
105	'Hoelbrak-WP1' 87.8438 372.451 -297.5
106	'Hoelbrak-WP2' 347.819 405.189 -319.577
107	'Hoelbrak-WP3' 598.312 383.296 -247.549
108	'Hoelbrak-WP4' 494.57 309.11 -75.9324
109	'Hoelbrak-WP5' 209.651 412.307 -159.708
110	'Hoelbrak-WP6' 225.609 371.523 -54.7264
111	'Hoelbrak-WP7' -46.3428 382.224 -51.3057
112	'Hoelbrak-WP8' 300.121 286.617 68.7605
113	'Hoelbrak-WP9' 664.868 314.875 37.355
114	'Hoelbrak-WP10' 535.304 268.564 228.757
115	'Hoelbrak-WP11' 671.054 271.306 436.456
116	'Hoelbrak-WP12' 313.457 327.326 314.377
117	'Hoelbrak-WP13' 59.7953 307.458 147.097
118	'Hoelbrak-WP14' -245.409 356.192 188.991
119	'Hoelbrak-PoI1' -275.742 356.636 297.284
120	'Hoelbrak-PoI2' -356.138 343.327 139.873
121	'Hoelbrak-PoI3' -82.6194 297.327 194.034
122	'Hoelbrak-PoI4' -41.6963 409.949 -147.319
123	'Hoelbrak-PoI5' 160.539 355.215 -157.246
124	'Hoelbrak-PoI6' 38.0552 361.51 -385.92
125	'Hoelbrak-PoI7' 28.6596 484.943 -408.367
126	'Hoelbrak-PoI8' 87.4914 420.733 -419.152
127	'Hoelbrak-PoI9' 268.798 412.837 -274.759
128	'Hoelbrak-PoI10' 460.829 366.19 -208.614
129	'Hoelbrak-PoI11' 787.264 367.256 -313.498
130	'Hoelbrak-PoI12' 688.428 377.715 -471.587
131	'Transition-PoI13' 575.455 395.019 -377.103
132	'Hoelbrak-PoI13' 481.433 413.759 -427.238
133	'Hoelbrak-PoI14' 548.996 301.246 -149.951
134	'Hoelbrak-PoI15' 627.882 311.257 43.1201
135	'Hoelbrak-PoI16' 731.039 347.25 -69.2058
136	'Hoelbrak-PoI17' 789.68 301.573 170.969
137	'Hoelbrak-PoI18' 650.424 258.24 261.416
138	'Hoelbrak-PoI19' 752.687 253.726 560.546
139	'Hoelbrak-PoI20' 415.895 308.627 602.632
140	'Hoelbrak-PoI21' 249.609 318.517 423.826
141	'Hoelbrak-PoI22' 332.826 316.802 435.402
142	'Hoelbrak-PoI23' -54.0197 318.884 528.833
143	'Hoelbrak-PoI24' 288.118 286.701 81.4346
144	'Hoelbrak-Vista1' -499.627 362.053 49.2213
145	'Hoelbrak-Vista2' 103.175 362.712 295.058
146	'Hoelbrak-Vista3' 362.523 394.096 -229.709
147	'Hoelbrak-Vista4' 586.004 411.582 -292.218
148	'Hoelbrak-Vista5' 528.788 325.409 148.948
149	'Transition-PortalHoelbrakToLionsArch' -81.4054 388.917 -48.4323
150	'Transition-PortalLionsArchToDivinitysReach' 156.154 48.655 329.907
151	'DivinitysReach-WP1' 69.1991 123.352 -613.887
152	'DivinitysReach-WP2' 107.974 170.793 -325.897
153	'DivinitysReach-WP3' 9.99841 97.9804 -336.095
154	'DivinitysReach-WP4' 99.1199 168.412 -44.4078
155	'DivinitysReach-WP5' -395.745 123.498 -326.189
156	'DivinitysReach-WP6' -207.111 88.6791 -70.23
157	'DivinitysReach-WP7' -386.375 122.002 214.882
158	'DivinitysReach-WP8' -63.8438 98.2687 202.406
159	'DivinitysReach-WP9' 104.593 124.548 477.842
160	'DivinitysReach-WP10' 271.785 98.1724 155.717
161	'DivinitysReach-WP11' 567.281 123.007 188.281
162	'DivinitysReach-WP12' 379.844 97.9789 -77.3438
163	'DivinitysReach-WP13' 550.281 123.81 -366.624
164	'DivinitysReach-PoI1' 419.686 69.7543 -370.252
165	'DivinitysReach-PoI2' 335.639 71.8794 -511.429
166	'DivinitysReach-PoI3' -35.7802 65.4993 -483.543
167	'DivinitysReach-PoI4' -8.8351 86.6278 -380.398
168	'DivinitysReach-PoI5' -323.733 73.3749 -403.759
169	'DivinitysReach-PoI6' 14.7254 90.0832 277.25
170	'DivinitysReach-PoI7' 83.3473 97.9902 191.066
171	'DivinitysReach-PoI8' 187.982 102.382 296.411
172	'DivinitysReach-PoI9' 338.268 88.2736 418.547
173	'DivinitysReach-PoI10' 361.893 76.4241 284.317
174	'DivinitysReach-PoI11' 284.267 93.783 203.966
175	'DivinitysReach-PoI12' 339.213 80.0621 171.587
176	'DivinitysReach-PoI13' 543.441 69.5409 -44.8483
177	'DivinitysReach-PoI14' 465.458 69.1618 -150.778
178	'DivinitysReach-PoI15' 285.755 99.7954 -189.757
179	'DivinitysReach-PoI16' 81.7814 170.894 -276.89
180	'DivinitysReach-PoI17' 81.3818 170.577 -140.501
181	'DivinitysReach-PoI18' 147.627 165.981 17.6536
182	'DivinitysReach-PoI19' 83.6714 169.059 59.118
183	'DivinitysReach-PoI20' 21.0562 164.901 25.2506
184	'DivinitysReach-PoI21' -115.179 98.1731 -183.619
185	'DivinitysReach-Vista1' -265.554 85.6091 -356.038
186	'DivinitysReach-Vista2' -350.031 92.2924 -203.279
187	'DivinitysReach-Vista3' 176.785 196.582 -137.606
188	'DivinitysReach-Vista4' 176.601 89.6769 457.244
189	'DivinitysReach-Vista5' 433.328 93.797 228.362
190	'DivinitysReach-Vista6' -80.2526 132.582 181.236
191	'Transition-PortalDivinitysReachToLionsArch' 154.307 179.1 -191.943
192	'Transition-PortalLionsArchToRataSum' 124.124 48.3622 257.752
193	'RataSum-WP1' 146.945 474.698 147.28
194	'RataSum-WP2' 148.88 417.586 197.734
195	'RataSum-WP3' 89.335 474.691 303.282
196	'RataSum-WP4' 65.1066 447.685 206.962
197	'RataSum-WP5' 67.2867 417.58 103.689
198	'RataSum-WP6' -55.8819 474.691 182.971
199	'RataSum-WP7' -42.9779 417.586 232.052
200	'RataSum-WP8' -415.441 44.2279 -657.716
201	'RataSum-WP9' 34.8506 132.649 -440.559
202	'RataSum-PoI1' 32.315 474.462 82.0982
203	'RataSum-PoI2' -48.7535 474.133 276.601
204	'RataSum-PoI3' 166.015 474.579 248.311
205	'RataSum-PoI4' 168.734 445.477 248.499
206	'RataSum-PoI5' 176.188 447.301 297.244
207	'RataSum-PoI6' 210.779 447.301 204.497
208	'RataSum-PoI7' -45.7258 445.43 282.079
209	'RataSum-PoI8' -91.8353 430.115 315.948
210	'RataSum-PoI9' 45.6289 600.559 208.417
211	'RataSum-PoI10' 29.5023 445.433 78.4395
212	'RataSum-PoI11' 70.8452 447.301 39.7957
213	'RataSum-PoI12' -20.7614 447.301 60.7938
214	'RataSum-PoI13' 19.5494 415.425 14.8658
215	'RataSum-PoI14' -750.796 402.78 760.206
216	'RataSum-PoI15' -359.153 122.451 35.7692
217	'RataSum-PoI16' -23.7903 135.844 -558.407
218	'RataSum-PoI17' -438.362 3.76675 -705.598
219	'RataSum-PoI18' -252.341 3.81513 -613.689
220	'RataSum-PoI19' 192.674 417.727 247.518
221	'RataSum-Vista1' 137.133 495.604 225.219
222	'RataSum-Vista2' 178.147 427.754 246.949
223	'RataSum-Vista3' 53.3271 410.939 187.982
224	'RataSum-Vista4' 47.9773 453.633 83.9899
225	'RataSum-Vista5' -359.583 21.0281 -816.679
226	'Transition-PortalRataSumToMetrica' 172 473 116
227	'Transition-PortalMetricaToCaledon' 705 41 867
228	'Transition-PortalCaledonToGrove' -235 29 -1395
229	'Grove-WP1' -64.0408 86.543 330.125
230	'Grove-WP2' 19.3353 84.9034 7.25832
231	'Grove-WP3' 26.8513 57.7264 43.8871
232	'Grove-WP4' 58.1513 1.68935 41.4306
233	'Grove-PoI1' -44.8723 96.3852 186.192
234	'Grove-PoI2' 21.7873 27.1543 186.477
235	'Grove-PoI3' -131.377 36.5841 203.601
236	'Grove-PoI4' 42.7788 83.4729 39.0058
237	'Grove-PoI5' 33.7734 127.256 73.2305
238	'Grove-PoI6' 39.7421 125.047 19.8548
239	'Grove-PoI7' 140.228 91.1784 23.2505
240	'Grove-PoI8' 135.245 89.2417 69.7352
241	'Grove-PoI9' 180.98 12.2073 54.5545
242	'Grove-PoI10' 2.04188 29.8679 -45.1485
243	'Grove-PoI11' -81.0051 0.517299 -44.8844
244	'Grove-PoI12' 40.7007 11.8383 -82.7425
245	'Grove-PoI13' 158.112 33.506 -105.871
246	'Grove-PoI14' 70.4962 51.3058 -90.4225
247	'Grove-PoI15' -73.7803 54.189 -29.3829
248	'Grove-PoI16' -107.468 58.2034 46.1423
249	'Grove-PoI17' -120.904 60.5213 103.817
250	'Grove-PoI18' -113.439 11.8231 24.0941
251	'Grove-PoI19' 116.786 1.57148 103.206
252	'Grove-Vista1' -1.55576 120.439 324.942
253	'Grove-Vista2' 178.365 101.512 120.461
254	'Grove-Vista3' 116.42 109.934 25.9101
255	'Grove-Vista4' 99.2 34.7679 -26.913
256	'Grove-Vista5' 15.2143 31.8455 4.44937
257	'Grove-Vista6' -64.1547 31.033 180.555