1	'WP1' -1336.56 69.4125 601.8
2	'WP2' -1324.16 63.5707 289.661
3	'WP3' -1066.75 56.5312 -41.6764
4	'WP4' -794.192 49.991 280.085
5	'WP5' -557.594 64.9753 34.6424
6	'WP6' -1065.77 33.2791 -427.405
7	'WP7' -1012.93 63.4607 -627.838
8	'WP8' -402.844 10.3541 -386.625
9	'WP9' -62.1149 54.1031 -323.239
10	'WP10' -5.77339 62.0734 192.933
11	'WP11' -256.926 71.3903 568.742
12	'WP12' 396.849 42.7798 407.433
13	'WP13' 943.394 3.46526 -556.399
14	'WP14' 717.032 3.21094 -274.733
15	'WP15' 764.155 15.6401 215.974
16	'WP16' 812.468 45.4248 617.775
17	'WP17' 1206.91 42.5946 117.705
18	'WP18' 1342.65 41.5486 -218.317
