1	'Chest' -1431.62 84.2063 146.452
2	'Chest' -1048.45 166.371 102.366
3	'Chest' -467.756 70.4686 -183.016
4	'Chest' -350.015 72.7409 143.828
5	'Chest' -343.732 72.6452 147.27
6	'Chest' 665.474 179.342 552.539
7	'Chest' 867.692 0.0529177 -129.571
8	'Chest' 867.499 0.08272 -119.993
9	'Chest' 526.48 164.085 118.172
10	'Chest' 568.671 191.165 240.631
11	'Chest' 1394.84 147.729 673.84
12	'Chest' 1402.05 147.552 679.316
13	'Chest' -687.776 162.348 -645.558
14	'Chest' -478.775 91.1315 841.161
15	'Chest' -477.907 91.6086 848.47
16	'Chest' -1265.1 118.198 590.991
