1	'Mist_Touched' 672.927 179.111 550.577
2	'Mist_Touched' 949.399 219.878 300.374
3	'Mist_Touched' 1080.21 279.478 351.047
4	'Mist_Touched' 1020.24 142.437 1120.14
5	'Mist_Touched' 342.949 213.01 789.451
6	'Mist_Touched' 335.427 159.289 655.463
7	'Mist_Touched' -46.7435 164.585 667.452
8	'Mist_Touched' -105.344 187.668 856.148
9	'Mist_Touched' 227.337 243.759 379.408
10	'Mist_Touched' 280.737 195.752 145.672
11	'Mist_Touched' -545.372 180.473 255.64
12	'Mist_Touched' -584.249 75.7897 -393.551
13	'Mist_Touched' 807.389 131.021 -573.536
14	'Mist_Touched' 1306.29 76.4842 -523.078
15	'Mist_Touched' 676.723 156.852 100.618
16	'Mist_Touched' 947.642 163.225 -5.82476
17	'Mist_Touched' 727.566 226.91 261.829
18	'Mist_Touched' 122.36 112.185 -564.299
19	'Mist_Touched' 1156.23 211.577 -246.149
20	'Mist_Touched' -1011.28 153.783 1065.8
21	'Mist_Touched' -538.956 77.9831 1123.24
22	'Mist_Touched' -1397.55 214.119 277.959
