1	'PoI1' 166.956 28.1006 -839.457
2	'PoI2' 881.608 -0.422319 -173.876
3	'PoI3' -859.086 44.3726 896.672
4	'PoI4' 689.846 227.235 218.75
5	'PoI5' 765.472 173.985 225.04
6	'PoI6' 940.552 40.4294 -984.31
7	'PoI7' 919.144 149.627 1043.78
8	'PoI8' 750.733 190.068 1003.46
9	'PoI9' 522.75 164.078 114.783
10	'PoI10' 380.079 177.652 929.343
11	'PoI11' 854.722 119.103 -529.942
12	'PoI12' 748.419 167.641 -99.7393
13	'PoI13' -15.4187 189.422 773.495
14	'PoI14' 1430.82 150.932 838.544
15	'PoI15' 1310.06 149.128 -362.562
16	'PoI16' 116.147 112.233 -599.155
17	'PoI17' 83.7276 108.493 -465.552
18	'PoI18' -770.995 59.4501 664.786
19	'PoI19' -141.713 106.436 -628.18
20	'PoI20' -360.057 69.4435 87.5946
21	'PoI21' 196.984 263.872 160.371
22	'PoI22' 691.124 179.122 527.326
23	'PoI23' -514.7 58.4817 -680.866
24	'PoI24' 84.2438 68.6317 -3.34901
25	'PoI25' -1149.39 48.2965 214.711
26	'PoI26' -444.679 63.1291 -875.492
27	'PoI27' -1202.83 66.0707 702.681
28	'PoI28' 1240.3 2.94412 -84.68