1	'Take' 82.24 371.189 659.622
2	'Take' 703.395 368.278 438.942
3	'Take' 586.298 421.87 161.697
4	'Take' -531.796 358.831 -532.079
5	'Take' 254.17 328.358 -796.847
6	'Take' 77.22 274.932 -989.52
7	'Take' 394.397 347.399 -286.378
8	'Take' 754.539 378.167 79.017
9	'Take' -414.723 363.542 -454.859
10	'Take' -627.749 150.996 -327.503
11	'Take' -729.754 358.339 187.552
12	'Take' -448.482 517.496 643.577
13	'Take' -22.448 479.225 673.124
14	'Take' 464.76 427.405 659.963
15	'Take' 667.677 457.145 883.151
16	'Take' 619.312 348.025 -649.37
17	'Take' 530.283 303.432 -1007.528
18	'Take' 116.285 341.796 -838.229
19	'Take' -220.996 375.535 -715.412
20	'Take' -133.169 375.659 -470.872
21	'Take' 73.272 392.78 -362.854
22	'Take' 182.165 373.678 -548.954
23	'Take' -380.369 448.32 904.085
24	'Take' -708.865 354.972 -52.865
25	'Take' 101.973 433.978 402.791