1	'PoI1' -607.625 574.898 707.485
2	'PoI2' 61.579 516.306 850.303
3	'PoI3' 537.588 386.655 847.686
4	'PoI4' 159.53 412.268 621.647
5	'Poi5' -383.369 339.32 471.823
6	'PoI6' 679.01 287.943 420.279
7	'PoI7' 695.569 385.047 70.7326
8	'Poi8' 1.42077 352.233 292.387
9	'PoI9' 271.223 6.53475 174.433
10	'PoI10' 442.687 303.49 3.00775
11	'PoI11' -0.320023 83.9878 4.97749
12	'PoI12' -192.244 382.152 -7.09335
13	'PoI13' -292.69 308.565 116.913
14	'PoI14' -244.483 41.4736 283.791
15	'PoI15' 516.683 298.274 -249.262
16	'PoI16' 268.9 12.3843 -262.499
17	'PoI18' 82.6104 280.097 -926.855
18	'PoI17' 236.026 290.776 -760.849
19	'PoI19' -158.12 296.031 -708.601
20	'PoI20' -395.53 203.746 -283.206
21	'PoI21' 0.524348 317.039 -341.07
22	'PoI22' 378.919 307.238 -523.116
