1	'Heart1' -1041.97 123.238 492.271
2	'Heart2' -834.841 79.6176 256.754
3	'Heart3' -232.224 106.914 621.224
4	'Heart4' -128.095 40.7038 -2.87501
5	'Heart5' 147.74 2.16706 114.939
6	'Heart6' -556.378 42.9501 -324.322
7	'Heart7' -940.676 46.1685 -523.971
8	'Heart8' -865.704 38.3039 -649.913
9	'Heart9' -497.643 60.7153 -659.44
10	'Heart10' -184.896 57.6935 -758.935
11	'Heart11' 137.162 42.0712 -485.57
12	'Heart12' 541.207 43.737 -300.37
13	'Heart13' 870.586 20.8195 -438.768
14	'Heart14' 770.694 27.7852 204.133
15	'Heart15' 849.334 39.6847 481.799
