1	'Take-bomb' 703.28 26.1976 267.708
2	'press1-to-remove-stump' 703.683 26.2832 252.673
3	'Kill-cannon' -208.465 52.6692 147.438
4	'Kill-Trebouche' -281.281 40.0112 95.52
5	'Kill-Trebouchet' -132.477 95.0233 135.522
6	'Testing-Kit' 100.816 1.50657 208.842
7	'Testing-Kit' 117.549 0.358956 194.398
8	'Throw-the-stick-away-so-skelk-can-return-it' 937.352 20.4337 -441.866
9	'pick-up-plank-and-hit-multiple-times-the-dummy-until-heart-completed' 925.629 23.3317 -355.806
10	'Pile' 513.569 45.0672 -318.834
11	'Testing-Kit' 10.2694 0.376581 284.795
12	'Testing-Kit' 168.801 1.76757 403.638
13	'Testing-Kit' 222.913 0.341782 231.94
14	'Testing-Kit' 261.635 0.962913 261.878
15	'Testing-Kit' 186.427 0.840217 118.896
16	'Give-him-Kits' 147.688 2.25922 114.464
17	'Pile' 505.848 45.854 -319.593
18	'Take-chicken' 180.383 35.7563 -523.949
19	'Give-chicken-back' 156.826 33.3679 -458.826
20	'cut-tree' 735.513 28.0926 203.017
21	'put-tree-in-fire' 749.749 26.302 209.335
22	'Kill-Trebouche' -143.335 74.0282 123.504
23	'Kill-Cannon' -183.047 52.5909 126.664
24	'Torch' -958.914 42.5598 -488.663
25	'Torch' -945.343 43.054 -476.958
26	'Torch' -994.599 47.5292 -482.528
27	'Torch' -1004.44 53.3517 -495.16
28	'Torch' -1018.25 60.2851 -508.462
29	'Mine' -805.143 43.3195 -585.132
30	'Destroy-Gate&Help-Prisoners' -440.646 59.269 -713.049
31	'Destroy-Tent' -456.275 59.2615 -713.691
32	'Destroy-Tent' -457.214 60.42 -731.495
33	'Destroy-Wagon' -453.919 59.8325 -759.46
34	'Mine' -795.595 44.8854 -570.506
35	'Pile' 502.814 45.4862 -331.122
36	'Search' 537.102 49.1431 -384.381
37	'Search' 539.951 48.902 -380.451
38	'Mine' -781.387 45.2696 -559.658
39	'Take' 138.714 33.8643 -406.161
40	'give-chicken' 161.564 33.2288 -435.269
41	'Mine' -758.297 44.2212 -549.591
42	'Mine' -738.107 40.6742 -521.033
43	'Mine' -709.904 34.7353 -524.091
44	'Mine' -683.645 30.3193 -500.64
45	'Mine' -710.197 34.6995 -492.861
46	'Mine' -695.763 33.2943 -472.916
47	'Mine' -739.977 39.9384 -540.685
48	'Take-Meat' -820.431 83.9206 284.46
49	'GIve-him-meat' -859.257 81.1595 267.723
50	'Take-meat' -868.57 81.1505 270.737
51	'give-him-meat' -884.154 80.2563 265.19
52	'take' -877.301 81.0821 268.205
53	'give' -881.009 70.5461 205.698
54	'Take' -865.001 65.7701 199.081
55	'Give-him' -859.382 81.3555 269.197
56	'take' -857.457 79.3158 251.077
57	'Give' -883.232 71.8581 233.251
58	'Take' -889.297 72.7721 216.995
59	'Give' -881.678 70.9391 206.866
60	'Kill-non-hostile' -1020.92 114.09 536.358
61	'kill' -972.653 119.351 609.495
62	'kill-mining-machine' -937.057 116.473 623.85
63	'kill' -891.391 119.229 638.61
64	'kill' -887.014 117.839 696.191
65	'kill' -853.021 122.916 680.043
66	'kill-mining-machine' -831.626 120.582 700.966
67	'kill-mining-machine' -800.624 123.989 694.405
68	'kill' -788.69 130.079 685.271
69	'kill-cannon' -754.388 133.836 677.936
70	'kill' -739.005 154.95 761.647
71	'kill-mining-machine' -759.887 132.426 711.584
72	'kill' -885.427 117.289 698.878
73	'kill' -981.464 135.493 746.872
74	'kill' -1075.68 148.305 764.869
75	'Weed' -199.714 62.2017 -817.825
76	'Weed' -197.676 61.8374 -828.775
77	'Weed' -199.166 62.6978 -833.305
78	'Search' -689.721 32.4359 -480.669
79	'Search' -656.112 34.3349 -513.637
80	'Give-him-what-you-found' -862.6 38.4556 -648.453
81	'Testingkit' 100.213 1.76899 205.333
82	'Testing-.kit' 117.058 0.476692 193.717
83	'Testing-Kit' 222.198 0.669258 232.627
84	'Testing-Kit' 261.816 0.753423 263.879
85	'Testing-Kit' 186.398 0.860867 117.725
86	'Testing-Kit' 330.372 0.628826 388.122
87	'Mine' -807.031 42.9431 -585.997
88	'Mine' -795.163 44.8075 -571.352
89	'Mine-Heart-completed' -781.242 45.2813 -559.444
90	'Testing-Kit' 224.435 -0.00366467 418.697
91	'Chicken' 162.608 36.3621 -386.064
92	'Return-chicken' 168.241 33.5701 -424.494
93	'Chicken' 122.617 33.6627 -440.066
94	'Return-chicken' 167.924 33.5686 -424.574
95	'Chicken' 135.747 34.0744 -455.281
96	'Return-Chicken' 165.137 33.2384 -424.656
97	'CHicken' 123.324 33.5702 -441.567
98	'Return-Chicken' 163.842 33.1711 -416.266
99	'Search' 546.342 51.1663 -380.509
100	'Search' 564.069 51.0581 -371.898
101	'Search' 571.237 53.5334 -361.324
102	'Search' 582.133 53.0694 -358.532
103	'cutt' 773.64 27.0431 176.723
104	'put-in-fire' 753.035 26.3063 207.024
105	'cutting' 773.71 29.4809 148.037
106	'Put-in-Fire' 754.493 26.2993 207.532
107	'Kill-Trebouche' -327.846 63.9475 262.943
108	'Kill-Cannon' -346.571 63.1476 280.376
109	'Repair' 300.304 -19.6249 315.711
110	'Repair' 289.697 -21.529 361.103
111	'Repair' 338.36 -15.8978 349.938
112	'Repair' 237.748 -14.529 390.347
113	'kIll-Scale' 319.713 0.986372 394.739
114	'Use-Rifle-to-kill-Seperatist-until-heart-is-full' 494.97 45.7131 -275.552
115	'Wrackage' -740.947 40.4844 -535.064
116	'Give-him-scrap' -864.287 38.2238 -648.167
117	'Search' -676.588 35.0609 -530.693
118	'Give-him-what-you-found' -863.209 38.2925 -647.664
119	'Search' -702.017 35.6084 -537.632
120	'GIve-him-what-you-found' -862.819 38.2677 -646.946
121	'Take' -781.659 71.1675 202.977
122	'GIve' -786.831 77.0253 235.616
123	'Take' -782.055 71.2977 203.533
124	'Give' -786.839 76.8675 234.989
125	'Take' -824.852 84.3258 281.645
126	'Give' -860.7 81.2669 269.803
127	'kill-cannon' -1100.03 146.721 755.54
128	'kill' -1122.46 147.299 763.365
129	'kill-heart-completed' -1194.77 145.183 753.594
130	'Rock-Pile' -432.531 98.0031 604.512
131	'Machine' -333.326 107.273 580.989
132	'Machine' -312.251 107.153 578.885
133	'Machine' -310.674 117.317 558.858
134	'Rock-Pile' -336.034 116.612 556.231
135	'Machine' -272.838 116.374 550.997
136	'Rock-Pile' -257.495 118.465 531.81
137	'Machine' -173.869 123.034 621.06
138	'Weed' -190.791 59.5997 -836.593
139	'Weed' -190.196 59.08 -833.231
140	'Rock-Pile' -170.14 124.862 619.237
141	'Machine' -169.884 127.382 671.519
142	'Take' -879.959 81.3298 273.32
143	'Give' -882.786 80.4044 265.499
144	'Weed' -188.296 59.0967 -822.472
145	'Weed' -184.828 58.3484 -822.183
146	'Torch' -1036.55 59.9698 -508.59
147	'Torch' -1055.71 57.6774 -496.506
148	'Torch' -1043.34 52.3166 -478.177
149	'Torch' -1035.8 48.107 -462.834
150	'Torch' -1031.68 46.0287 -443.724
151	'Take-bomb' 703.959 25.9201 267.511
152	'Use-bomb' 715.441 22.499 312.147
153	'Take' 703.245 25.2733 272.897
154	'Use-skill2-to-remove-nest' 719.044 24.6669 279.842
155	'plant-bomb-to-remove' 734.078 22.8537 319.021
156	'Plant-bomb' 783.821 17.7655 297.246
157	'Plant-bomb' 761.565 20.3116 266.758
158	'throw-bomb' 769.454 19.1734 275.999
159	'throw-bomb' 738.035 25.4389 223.439
160	'plant-bomb' 716.089 29.8733 200.947
161	'THrow-bomb' 691.117 25.4661 256.199
162	'THrow-bomb' 680.279 22.2231 283.888
163	'THrow-bomb' 741.44 22.6131 330.189
164	'Chicken' 201.581 32.1081 -569.535
165	'Return-Chicken' 177.755 34.048 -496.342
166	'Chicken' 265.83 30.6085 -524.416
167	'Return' 211.643 31.9833 -500.212
168	'Chicken' 245.603 30.2536 -547.165
169	'Return' 203.634 32.6032 -495.034
170	'Chicken' 227.398 30.6111 -576.866
171	'Return-HEart-completed' 209.75 32.0833 -499.772
172	'Torch' -1031.81 49.0187 -419.964
173	'Torch' -1004.78 49.4905 -406.512
174	'Torch' -1002.13 46.5183 -395.808
175	'Torch' -985.64 45.1156 -403.305
176	'Torch' -964.775 43.3351 -416.549
177	'Torch' -952.508 41.2731 -393.249
178	'Torch' -943.709 41.3077 -371.425
179	'Take' -875.637 81.279 274.316
180	'Give' -882.968 80.7804 267.806
181	'Take' -871.691 81.2295 273.967
182	'Give' -883.923 80.3972 265.895
183	'Take' -857.352 79.3304 251.297
184	'Give' -831.464 84.7252 280.022
185	'Take' -852.337 79.4636 250.227
186	'GIve' -832.031 84.8717 280.395
187	'Torch' -941.544 42.3165 -343.442
188	'Torch' -949.861 51.3331 -305.994
189	'Torch' -949.511 52.2752 -290.073
190	'Repair' 172.444 -15.9232 375.101
191	'Repair' 145.966 -24.8293 321.216
192	'Testing-Kit' 100.816 1.50657 208.842
193	'Testing-Kit' 117.549 0.358956 194.398
194	'Testing-Kit' 10.2694 0.376581 284.795
195	'Testing-Kit' 168.801 1.76757 403.638
196	'Testing-Kit' 222.913 0.341782 231.94
197	'Testing-Kit' 261.635 0.962913 261.878
198	'Testing-Kit' 186.427 0.840217 118.896
199	'Give-him-Kits' 147.688 2.25922 114.464
200	'Testing-Kit' 332.361 0.104491 387.836
201	'Torch' -990.233 55.3854 -237.716
202	'Torch' -970.42 60.7863 -243.4
203	'Take' -808.405 78.384 244.076
204	'Give' -860.321 81.2364 269.407
205	'Torch' -1008.86 53.7834 -237.486
206	'Rock-Pile' -213.208 130.751 722.269
207	'Machine' -213.591 129.798 704.606
208	'Torch' -1021.5 53.7659 -248.1
209	'Torch' -1046.33 55.0454 -258.338
210	'Weed' -169.945 55.7352 -800.283
211	'Weed' -164.697 57.1194 -797.371
212	'Torch' -1057.31 57.283 -270.691
213	'Torch' -1050.62 57.0443 -285.715
214	'Kill-Seperatists-until-heartfull' -469.398 59.9924 -743.067
215	'Take' -857.95 79.2286 249.638
216	'GIve' -883.066 71.975 234.553
217	'Take' -857.563 79.2977 250.782
218	'GIve' -882.075 71.8573 233.352
219	'Machine' -250.489 130.56 725.504
220	'Machine' -273.697 128.476 680.07
221	'Machine-Heart' -321.131 119.094 686.666
222	'Torch' -1039.34 53.8886 -298.831
223	'Weed' -153.141 58.0707 -796.635
224	'Weed' -142.891 59.0761 -806.304
225	'Torch' -1034.45 55.3444 -321.108
226	'Torch' -1023.49 50.9139 -361.503
227	'Take' -857.563 79.2976 250.78
228	'GIve' -882.885 71.9506 234.413
229	'Take' -857.538 79.3017 250.846
230	'GIve' -882.412 71.8571 233.348
231	'Torch' -1021.97 49.6552 -373.153
232	'Repair' 99.3649 -31.121 269.885
233	'Repair' 158.406 -16.0371 215.982
234	'Torch' -990.195 49.4628 -424.583
235	'Kill-Turret' 986.691 43.2272 558.739
236	'Kill-Brazier' 1002.34 59.2197 498.981
237	'Flame-font&Kill-Ember' 968.164 55.4443 585.621
238	'Torch' -987.677 46.1625 -451.685
239	'Take-a-difficulty-and-start-Heart-is-random-so-do-it-manualy' -558.686 42.9381 -321.764
240	'Weed' -155.15 56.9709 -821.967
241	'Take' -199.656 59.8008 -792.831
242	'Throw-it-on-a-larva' -206.02 64.1179 -811.014
243	'Machine' -319.25 106.84 660.93
244	'Machine' -354.57 107.73 657.59
245	'Kill-Brazier' 980.932 53.9836 672.163
246	'Flame-Font&Kill-Ember' 1070.94 54.5012 729.339
247	'Weed' -157.476 57.7182 -834.982
248	'Weed' -175.395 61.6411 -830.334
249	'Take' -200.502 60.0582 -792.929
250	'Throw-on-larva' -215.655 64.7127 -801.179
251	'Supply-Cart' 1122.23 54.5698 731.611
252	'Flame-font&Kill-Ember' 1148.16 54.632 639.527
253	'Take' -854.208 79.338 245.937
254	'GIve-him-Heart-completed' -784.694 76.5043 232.979
255	'Kill-Brazier' 1173.22 54.7909 672.747
256	'Kill-Brazier' 1145.86 66.0612 479.06
257	'Weed' -208.649 64.2116 -807.76
258	'Weed' -177.205 62.736 -834.744
259	'Take' -200.241 59.9338 -793.991
260	'THrow-on-larva' -207.009 62.8124 -831.742
261	'Chicken' 275.16 31.74 -503.76
262	'Return' 195.34 32.93 -501.78
263	'Weed' -185.441 56.0713 -801.137
264	'Testing-Kit' 225.837 0.497153 421.351
265	'Testing-Kit' 99.7738 1.07668 210.49
266	'Testing-Kit' 117.047 0.599788 192.897
267	'Take-Testingkit' 10.1443 0.428625 285.603
268	'Flame-Font&Kill-Ember' 1144.9 65.5957 497.554
269	'Torch-Heart-compelted' -907.403 43.3069 -457.359
270	'GIve-him-TEsting-Kits-Heart-completed' 146.842 2.33949 114.501
