1	'PoI1' -1042.69 102.385 328.524
2	'PoI2' -652.905 58.672 6.35179
3	'PoI3' -1212.34 114.948 -224.046
4	'PoI4' -1292.1 41.9006 -595.406
5	'PoI5' -721.925 36.4088 -525.532
6	'PoI6' -470.86 60.3714 -732.286
7	'PoI7' -237.556 71.9224 -94.3958
8	'PoI8' -182.843 -1.29912 94.9875
9	'PoI9' -317.357 63.436 281.996
10	'PoI10' 225.127 4.05613 315.82
11	'PoI11' 154.792 4.32527 156.127
12	'PoI12' 866.63 30.1882 269.258
13	'PoI13' 895.924 27.2552 -411.424
14	'PoI14' 1198.38 -4.14576 -554.423
15	'PoI15' 346.634 30.0539 -756.245
16	'PoI16' 199.126 33.135 -445.428
17	'PoI17' -660.274 82.4333 -749.904
