1	'PoI1' -432.78 8.12235 -546.841
2	'PoI2' -460.695 527.745 -678.717
3	'PoI3' -565.183 554.541 -450.636
4	'PoI4' -447.473 552.213 -231.166
5	'PoI5' -506.873 64.7402 23.5935
6	'PoI6' -296.178 568.15 -106.116
7	'PoI7' -233.862 301.863 187.403
8	'PoI8' -65.8586 596.519 -39.1657
9	'PoI9' -21.9176 367.375 53.4191
10	'PoI10' 300.294 629.849 92.4693
11	'PoI11' 376.658 547.728 3.66358
12	'PoI12' 302.408 509.569 -104.296
13	'PoI13' 403.415 526.539 -146.067
14	'PoI14' 430.38 40.4439 -185.514
15	'PoI15' 731.146 298.556 -350.035
16	'PoI16' 575.362 125.772 -534.698
17	'PoI17' 128.591 632.152 -361.345
18	'PoI18' -43.8612 682.415 -338.746
19	'PoI19' -58.8294 193.384 -905.429
20	'PoI20' 206.368 217.462 -846.659
21	'PoI21' -32.4993 152.897 -1206.05
22	'PoI22' 165.746 10.8925 -929.901
