1	'PoI1' -77.8189 191.396 510.036
2	'PoI2' 267.509 164.109 608.056
3	'PoI3' 357.665 159.464 564.831
4	'PoI4' 495.547 186.579 561.024
5	'PoI5' 521.696 198.994 418.243
6	'PoI6' 448.202 162.336 393.505
7	'PoI7' 235.864 163.554 397.098
8	'PoI8' 543.866 160.517 272.417
9	'PoI9' 225.421 191.525 196.138
10	'PoI10' -403.458 11.5428 -291.235
11	'PoI11' -16.3328 203.979 111.466
12	'PoI12' 3.80882 302.028 274.784
13	'PoI13' 44.8807 196.487 265.493
14	'PoI14' 2.94415 303.031 226.95
15	'PoI15' -17.3416 267.848 215.836
16	'PoI16' -41.0207 283.467 351.632
17	'PoI17' 137.113 177.511 534.445
