1	'Pearl' -849.73 7.11605 -714.734
2	'Steal-Egg' -764.14 0.856078 -686.268
3	'Steal' -728.263 1.65827 -754.861
4	'Steal' -764.606 14.486 -817.079
5	'Steal' -752.588 20.8474 -848.61
6	'Steal' -729.117 20.5178 -851.742
7	'Steal' -713.29 17.8315 -823.915
8	'Steal' -692.246 21.7428 -865.469
9	'Pearl' -689.315 21.5128 -869.197
10	'Steal' -715.203 22.0664 -904.99
11	'Take-Egg' -804.379 61.3184 -834.138
12	'Take-Egg' -794.867 64.6532 -805.601
13	'Steal' -838.126 13.8039 -749.652
14	'Take' -875.367 64.5161 -858.625
15	'Take' -881.336 64.4994 -858.752
16	'Take' -865.786 48.8383 -848.111
17	'Take' -794.439 64.4334 -805.368
18	'Take' -804.13 61.5619 -831.649
19	'Take' -895.234 63.9543 -837.586
20	'Take' -855.773 77.2818 -882.383
21	'Take' -840.025 83.0859 -876.315
22	'Take' -720.903 65.8439 -1006.94
23	'Take' -697.138 78.8536 -1009.86
24	'Give-him-all-the-stuff-collected-Heart-completed' -801.349 20.344 -788.99
25	'Passed-out' 725.249 14.3257 -381.593
26	'Passed-out' 760.355 11.8454 -350.735
27	'Passed-out' 824.116 15.9141 -370.739
28	'Passed-Out' 788.003 16.9154 -413.667
29	'Passed-Out' 748.775 12.3999 -438.644
30	'Passed-Out' 790.316 1.9125 -507.902
31	'Passed-Out' 722.5 9.64671 -500.859
32	'Weapon-Cache' 625.418 12.0675 -433.944
33	'Weapon-Cache' 603.131 21.6999 -353.47
34	'Rescue-Skritt' 560.319 18.7904 -414.564
35	'Put-Rescued-Skritt-in-Bed' 671.013 22.3148 -409.048
36	'Rescue' 581.101 8.73502 -472.284
37	'Put-In-Bed' 673.081 22.3847 -403.722
38	'Rescue' 584.228 8.7654 -474.644
39	'put-in-Bed' 671.357 22.4212 -405.524
40	'Weapon-Cache' 698.467 13.7267 -315.603
41	'Passed-Out' 676.058 21.29 -336.117
42	'Passed-Out' 640.629 18.9622 -369.731
43	'Rescue' 584.775 9.16012 -467.719
44	'Put-in-Bed-Heart-completed' 675.971 22.0117 -395.297
45	'Camera' 274.176 22.1529 -564.6
46	'Camera' 291.563 17.0025 -514.088
47	'Camera' 322.144 19.2534 -473.22
48	'Camera' 370.895 15.9791 -448.171
49	'Camera' 400.532 16.6524 -513.038
50	'Camera' 358.681 12.7519 -551.18
51	'Camera' 367.65 12.0525 -641.267
52	'Camera' 302.615 6.87336 -713.664
53	'Camera' 306.524 20.6961 -817.269
54	'Camera' 326.96 36.021 -877.084
55	'Camera' 341.329 50.2753 -983.955
56	'Camera' 401.094 49.8164 -1023.44
57	'Camera' 261.148 11.1999 -868.515
58	'Camera' 407.491 21.6377 -645.84
59	'Camera' 465.003 7.932 -749.026
60	'Camera' 324.046 19.1041 -472.456
61	'Camera' 292.118 16.8596 -515.902
62	'Camera' 274.447 21.9363 -563.283
63	'Camera' 357.495 12.7464 -552.735
64	'Next-coords-are-just-for-when-you-didnt-got-the-last-4-camera-the-respawned-ones' 387.677 15.4172 -624.279
65	'Kill2' 386.162 14.1367 -665.322
66	'Kill' 367.072 11.3158 -670.009
67	'Kill-Heart-completed' 424.573 13.4058 -574.896
68	'Kill-ooze' 223.625 74.8129 127.914
69	'Kill-OOze' 232.065 78.747 152.745
70	'Kill-Elemental' 221.25 83.6404 173.021
71	'Artifact' 220.042 47.8151 -39.9279
72	'Artifact' 180.433 49.323 -74.2378
73	'Artifact' 111.569 49.3773 -98.5254
74	'Artifact' 122.866 30.5902 -83.1447
75	'Artifact' 165.614 36.5867 -86.3049
76	'Artifact' 197.082 33.4756 -54.4855
77	'Artifact' 184.014 30.13 -35.4667
78	'Artifact' 165.316 28.7884 4.63858
79	'Artifact' 124.245 29.0536 -1.02897
80	'Artifact' 143.047 44.847 30.2429
81	'Artifact' 107.588 49.6154 54.6008
82	'Artifact' 47.2564 47.6442 8.30854
83	'Artifact' 65.2825 40.0595 -34.3173
84	'Artifact' 62.3507 49.5608 -63.7673
85	'Artifact' 68.8756 67.6946 24.878
86	'Kill-2-3-or-4-Enemys-then-Heart-completed' 192.283 44.1116 27.485
87	'Lore-Tablet' -1050.51 27.5566 -22.66
88	'Kill-2-Jade-armours' -980.204 83.2098 86.4376
89	'Lore-Tablet' -859.325 140.211 49.6697
90	'Lore-Tablet' -787.589 187.035 16.1366
91	'Lore-Tablet' -835.216 111.992 -69.0714
92	'Lore-Tablet' -819.456 170.622 -96.848
93	'Kill-Jade-Armours' -807.047 170.474 -123.435
94	'Kill' -815.473 111.588 -30.5701
95	'Lore-Tablet' -1086.28 19.7059 -174.708
96	'Lore-Tablet' -1107.82 10.6407 -24.001
97	'Kill' -951.847 84.2421 -116.287
98	'Kill2' -912.824 112.447 -103.316
99	'Kill' -886.08 113.047 -10.2948
100	'Kill' -914.038 114.014 6.98831
101	'Kill-Heart-completed' -930.172 111.317 10.2519
