1	'Take-Apple' -777.86 36.3243 -812.49
2	'Give-Him-Apple' -840.566 83.1317 -275.575
3	'Take-Apple' -785.436 76.1582 -897.454
4	'Give-him' -840.509 83.1677 -274.859
5	'Take-Apple' -792.822 91.4857 -954.575
6	'Give-him' -840.557 83.1911 -274.51
7	'Take-Apple' -700.522 86.5097 -974.279
8	'Give-Him' -840.881 83.1671 -275.44
9	'Take-Apple' -697.78 86.2964 -990.235
10	'Give-Him' -841.199 83.2034 -275.312
11	'Take-Apple' -837.753 83.1024 -871.311
12	'Give-Him' -840.668 83.164 -275.245
13	'Take-Apple' -804.708 64.8813 -813.198
14	'Give-Him' -841.01 83.1965 -275.194
15	'Take-Apple' -1061.14 59.1751 -540.847
16	'Give-Him' -841.229 83.1924 -275.491
17	'Take-Apple' -1070.46 59.3528 -537.776
18	'Give-Him' -841.35 83.2029 -275.844
19	'Take-Apple' -1077.99 30.7509 -523.066
20	'Give-Him' -841.385 83.2007 -276.206
21	'Take-Apple' -1061.69 22.4824 -509.62
22	'GIve-Him' -841.52 83.2267 -276.526
23	'Take-Apple' -1031.25 41.112 -558.877
24	'Give-Him' -840.677 83.1127 -275.934
25	'Apple' -1025.47 40.909 -563.091
26	'Give-Him' -840.818 83.1315 -275.841
27	'Apple' -1020.74 41.0398 -568.459
28	'Give-Him' -840.838 83.1349 -275.818
