50	'Find/Speak-Npc' -251.78 0.86 293.93
7	'checkpoint-1' -308.76 -0.44 343.45
8	'checkpoint-2' -379.93 -0.46 350.46
9	'checkpoint-3' -463.47 -0.49 360.53
10	'checkpoint-4' -499.38 -0.31 321.28
11	'checkpoint-5' -520.68 -0.18 259.68
12	'checkpoint-6' -622.99 17.3 178.81
13	'checkpoint-7' -681.3 -0.57 121.26
14	'checkpoint-8' -733.94 16.51 59.09
15	'checkpoint-9' -766.15 -0.47 -15.34
16	'checkpoint-10' -802.71 0.08 -91.69
17	'checkpoint-11' -771.76 -0.15 -161.92
18	'checkpoint-12' -716.53 -0.15 -222.52
19	'checkpoint-13' -663.93 -0.12 -250.85
20	'checkpoint-14' -593.29 -0.36 -263.29
21	'checkpoint-15' -517.01 -0.57 -364.94
22	'checkpoint-16' -437.8 11.24 -413.35
23	'checkpoint-17' -370.46 10.11 -439.96
24	'checkpoint-18' -360.47 -1.47 -513.44
25	'checkpoint-19' -308.64 -1.29 -569.3
26	'checkpoint-20' -240.93 -1.29 -560.51
27	'checkpoint-21' -171.86 0.49 -573.63
30	'checkpoint-22' -149.94 -0.58 -650.26
31	'checkpoint-23' -134.65 -0.49 -686.87
32	'checkpoint-24' -79.85 12.47 -687.96
33	'checkpoint-25' -52.74 -0.38 -663.86
34	'checkpoint-26' -8.1 -0.54 -656.11
35	'checkpoint-27' 39.09 -1.3 -596.55
36	'checkpoint-28' 13.14 -1.3 -534.88
37	'checkpoint-29' 57.19 -1.3 -517.22
38	'checkpoint-30' 88.15 16.61 -451.08
39	'checkpoint-31' 100.34 -1.29 -402.01
40	'checkpoint-32' 100.87 13.24 -357.35
41	'checkpoint-33' 157.67 -1.29 -227.95
42	'checkpoint-34' 194.36 6.39 -95.75
43	'checkpoint-35' 194.6 0.92 19.77
44	'checkpoint-36' 129.23 9.98 66.14
45	'checkpoint-37' 2.1 8.98 25.51
46	'checkpoint-38' -87.54 -1.71 37.06
47	'checkpoint-39' -188.91 5.33 44.49
48	'checkpoint-40' -198.85 1.33 117.78
49	'finish-41' -203.26 1.54 200.36
