29	'spawn-Escaped-subject-S' -19.43 56.67 -37.23
1	'test-1' -81.72 51.3 -146.15
2	'test-2' -60.78 51.5 -148.56
3	'test-3' -45.89 6.64 -173.33
4	'test-4' -47.46 6.51 -136.03
5	'test-5' -27.72 7.34 -87.47
6	'test-6' -22.32 7.4 -79.18
7	'test-7' -146.18 1.42 -241.61
8	'test-8' -152.48 1.42 -231.88
9	'test-9' -192.01 1.84 -170.83
10	'test-10' -181.86 1.9 -165.98
11	'test-11' -251.54 0.99 -95.99
12	'test-12' -256.84 0.91 -104.66
13	'test-13' -185.43 1 -41.58
14	'test-14' -196.4 1 -22.62
15	'test-15' -136.56 1.5 26.28
16	'test-16' -134.24 0.91 42.4
17	'test-17' -205.3 1.36 97.78
18	'test-18' -191.69 1.41 103.01
