1	'cache' 212.411 56.948 318.936
2	'cache' -221.571 193.971 362.224
3	'cache' -179.91 136.571 46.523
4	'cache' -155.919 325.779 -38.8944
5	'cache' -41.1727 256.457 -131.31
6	'cache' -31.3786 218.273 -219.876
7	'cache' 266.388 294.334 -585.669
8	'cache' 379.269 242.522 -638.143
9	'cache' -133.392 191.093 -295.263
10	'cache' 85.9816 3.7307 -455.225
11	'cache' 125.426 56.3282 -680.781
12	'cache' 388.949 145.227 -568.321
13	'cache' 587.297 105.497 -771.957
14	'cache' 227.689 260.93 575.965
15	'cache' 219.649 137.368 695.327
16	'cache' 160.978 111.784 841.262
17	'cache' 348.733 106.841 717.932
18	'cache' 127.746 7.00271 894.713
19	'cache' -323.195 9.82063 652.323
20	'cache' -685.725 3.02163 524.402
21	'cache' -655.652 47.4998 277
22	'cache' -393.357 31.359 -67.4097
23	'cache' -561.782 90.0663 -93.702
24	'cache' -641.277 109.394 -198.527
25	'cache' -742.873 62.4021 -46.9165
26	'cache' -951.787 112.264 207.783
27	'cache' -1088.07 92.0785 108.792
28	'cache' -995.153 119.923 -31.0876
29	'cache' -1024.51 80.1433 -427.364
30	'cache' -840.426 101.533 -567.147
31	'cache' -555.688 78.8774 -454.305
32	'cache' -451.193 103.783 -538.222
33	'cache' -786.741 141.245 -394.449
34	'cache' -690.461 1.77325 -845.538
35	'cache' -629.725 174.234 -506.403
