1	'Trade-Cache1' -149.773 71.4855 529.188
2	'Trade-Cache2' -12.587 46.9122 724.012
3	'Trade-Cache3' 88.2301 47.6431 828.618
4	'Trade-Cache4' -112.301 86.0183 828.193
5	'Trade-Cache5' -138.304 33.5997 862.765
6	'Trade-Cache6' -189.993 11.8196 875.295
7	'Trade-Cache7' -248.588 1.34978 922.73
8	'Trade-Cache8' -415.886 12.8349 1071.95
9	'Trade-Cache9' -466.022 3.25898 956.871
10	'Trade-Cache10' -542.099 2.00055 580.502
11	'Trade-Cache11' -677.742 101.694 601.692
12	'Trade-Cache12' -884.56 136.866 776.239
13	'Trade-Cache13' -960.108 182.141 718.613
14	'Trade-Cache14' -985.336 215.707 787.082
15	'Trade-Cache15' -1006.75 200.846 834.135
16	'Trade-Cache16' -957.867 166.092 837.413
17	'Trade-Cache17' -1033.54 136.866 904.61
18	'Trade-Cache18' -1012.84 149.219 856.285
19	'Trade-Cache19' -1255 109.527 566.91
20	'Trade-Cache20' -1046.98 37.7185 706.495
21	'Trade-Cache21' -1065.43 36.0666 779.445
22	'Trade-Cache22' -985.592 37.7185 866.617
23	'Trade-Cache23' -988.863 37.7593 783.716
24	'Trade-Cache24' -997.712 120.409 1002.06
25	'Trade-Cache25' -895.958 136.957 661.375
26	'Trade-Cache26' -970.122 62.102 174.376
27	'Trade-Cache27' -889.975 90.184 238.532
28	'Trade-Cache28' -1098.05 160.812 370.107
29	'Trade-Cache29' -1058.61 90.9904 77.7153
30	'Trade-Cache30' -1043.94 90.8171 -166.173
31	'Trade-Cache31' -1012.5 103.716 -245.377
32	'Trade-Cache32' -1100.23 103.498 -309.427
33	'Trade-Cache33' -892.198 36.3145 -453.648
34	'Trade-Cache34' -757.769 54.432 -543.469
35	'Trade-Cache35' -681.96 46.7414 -575.09
36	'Trade-Cache36' -722.994 0.43808 -826.465
37	'Trade-Cache37' 629.098 86.5114 -733.452
38	'Trade-Cache38' 691.364 14.0964 -279.158
39	'Trade-Cache39' 723.378 14.3906 -188.771
40	'Trade-Cache40' 804.305 7.85507 -68.1073
41	'Trade-Cache41' 816.499 19.1016 24.2216
42	'Trade-Cache42' 820.32 34.4808 129.23
43	'Trade-Cache43' 639.863 35.1751 -105.049
44	'Trade-Cache44' 579.885 7.68806 -78.1395
45	'Trade-Cache45' 537.06 12.3978 -361.237
46	'Trade-Cache46' 357.922 7.82898 -275.277
47	'Trade-Cache47' 307.466 96.4808 -506.883
48	'Trade-Cache48' 722.736 50.0277 213.139
49	'Trade-Cache49' 819.126 41.9088 266.992
50	'Trade-Cache50' 845.025 50.0678 365.781
51	'Trade-Cache51' 232.065 25.1909 205.437
52	'Trade-Cache52' 141.145 25.7155 152.574
53	'Trade-Cache53' 316.283 7.55268 110.913
54	'Trade-Cache54' 302.361 14.6798 -85.6391
55	'Trade-Cache55' 147.065 44.3454 -126.218
56	'Trade-Cache56' 103.42 152.643 -208.452
57	'Trade-Cache57' -575.891 103.65 -601.143
58	'Trade-Cache58' -604.097 103.355 -414.237
59	'Trade-Cache59' -694.303 32.0771 -298.832
60	'Trade-Cache60' -860.195 101.365 -193.122
61	'Trade-Cache61' -815.31 90.6594 -63.2485
62	'Trade-Cache62' -712.522 61.097 -47.8074
63	'Trade-Cache63' -580.034 16.8001 -223.032
64	'Trade-Cache64' -652.511 103.601 -214.56
65	'Trade-Cache65' -554.578 71.1379 -93.6022
66	'Trade-Cache66' -894.972 104.249 22.3286
67	'Trade-Cache67' 97.9714 181.1 -440.928
68	'Trade-Cache68' 211.396 139.941 -370.161
69	'Trade-Cache69' 494.171 15.7811 -232.553
70	'Trade-Cache70' 484.869 14.3941 47.23
71	'Trade-Cache71' 588.835 30.2396 240.209
72	'Trade-Cache72' 546.013 38.5069 382.688
73	'Trade-Cache73' 458.643 34.8904 322.875
74	'Trade-Cache74' 303.51 18.8392 535.118
75	'Trade-Cache75' 272.281 51.3945 447.552
76	'Trade-Cache76' 217.845 59.9993 290.724
77	'Trade-Cache77' 168.947 67.6239 270.486
78	'Trade-Cache78' 31.9365 41.4934 288.279
79	'Trade-Cache79' -22.9039 67.2634 137.098
80	'Trade-Cache80' -235.604 90.256 146.316
81	'Trade-Cache81' -157.319 136.483 69.9505
82	'Trade-Cache82' 70.0937 163.856 0.6961
83	'Trade-Cache83' -623.434 54.2983 215.328
84	'Trade-Cache84' -736.349 50.9801 248.379
85	'Trade-Cache85' -796.896 0.696324 332.28
86	'Trade-Cache86' -593.5 1.89679 946.132
87	'Trade-Cache87' 507.045 1.7551 554.118
88	'Trade-cache88' 163.562 38.0392 339.729
89	'Trade-Cache89' 199.16 7.64284 -27.124
90	'Trade-Cache90' -864.188 107.495 345.787
91	'Trade-Cache91' -814.717 50.7031 442.673
92	'Trade-Cache92' -616.136 5.20569 397.598
93	'Trade-Cache93' -206.615 76.8266 385.149
94	'Trade-Cache94' -110.587 76.8233 453.138
95	'Trade-Cache95' -156.603 83.2681 327.696
96	'Trade-Cache96' -103.478 86.4078 355.768
97	'trade-Cache97' -187.74 83.2681 302.677
