1	'Starting-The-Ghosts-of-Fort-Salma' -899.04 107.51 595.13
2	'kill' -945.76 109.48 605.57
3	'port' -955.13 111.24 627.9
4	'port' -965.1 116.94 669.07
5	'port' -997.65 124.74 691.15
6	'port' -1028.19 124.78 676.54
7	'port' -1059.78 118.49 643.24
8	'port' -1064.6 115.75 619.53
9	'port' -1077.07 116.06 615.46
10	'port' -1099.34 116.02 608.6
11	'talk' -1071.9 115.81 595.02
12	'talk-end-of-instance' -1106.09 115.52 603.79
13	'starting-Reunion-with-the-Pact' -1047.92 2.47 60.05
14	'Instance-start' 682.14 510.24 -214.16
15	'port' 691.1 510.3 -216.52
16	'port-to-Deadwood' 583.05 522.93 -239.42
17	'talk' 600.03 508.06 -237.45
18	'check-taimi' 667.35 509.05 -266.5
19	'talk' 688.42 509.11 -273.64
20	'talk-taimi' 694.01 509.07 -275.45
21	'instance-over' 694.01 509.07 -275.45
22	'instance-start' -110.84 514.71 228.67
23	'port' -111.64 514.64 227.46
24	'interact' -113.57 515.57 247.51
25	'speak' -117.36 516.96 248.65
26	'port' -205.78 512.69 279.98
27	'interact' -243.46 514.83 293.23
28	'port' -341.43 515.93 293.44
29	'talk-with-caith' -350.45 515.76 267.89
30	'port-here' -399.86 577.65 111.68
31	'port-here-cutscene' -397.72 581.35 96.42
32	'activate-signal' -398.69 578.8 105.38
33	'survive' -401.05 576.73 115.57
34	'port-after-survive-hier-to-escape' -404.57 578.03 117.19
35	'talk' 673.37 508.64 -385.64
36	'talk' -202.13 515.13 -141.59
37	'Starting-Hidden-Arcana' -584.63 198.18 809.3
38	'talk' -202.4 175.83 326.79
39	'port-Here-after-door-opens-and-talk' -221.12 175.84 311.11
40	'talk' -247.49 175.83 364.44
41	'portal' -251.17 176.32 367.79
42	'talk' -52.82 40.16 -183.04
43	'talk' -155.39 40.16 -281.87
44	'get' -231.32 53.76 -217.44
45	'get' -219.51 40.16 -208.19
46	'get' -224.62 52.49 -176.3
47	'get' -238.84 52.59 -167.75
48	'get' -272.63 40.16 -186.61
49	'port' -137.73 15.21 -187.16
50	'talk' -108.51 15.21 -193.04
51	'Hourglass' -116.51 15.21 -176.94
52	'port-here' 758.56 69.73 -221.95
53	'port-here' 690.39 68.86 -224.01
54	'kill' 665.39 71.88 -229.14
55	'inspect' 625.99 69.3 -204.04
56	'inspect' 591.24 64.54 -208.04
57	'kill' 281.82 54.37 29.92
58	'port-in-here-to-get-protect' 320.99 50.88 58.37
59	'port' 342.43 57.94 128.82
60	'kill' 385.92 65.66 75.38
61	'port' 371.38 65.33 39.98
62	'port' 410.1 65.9 -35.35
63	'port' 407.73 59.12 -83.34
64	'port-kill' 488.62 66.7 -73.76
65	'inspect' 512.17 66.14 -143.98
66	'inspect' 536.72 63.37 -166.36
67	'port' 282.88 75.37 -357.39
68	'port' 345.24 67.1 -313.85
69	'get' 356.82 63.96 -330.89
70	'port' 317.59 70.31 -413.07
71	'talk' 405.48 64.68 -452.13
72	'port' 417.78 62.39 -427.86
73	'port' 465.36 64.53 -381.78
74	'kill' 498.8 65.23 -363.35
75	'inspect' 514.35 66.58 -280.26
76	'inspect' 524.04 62.64 -244.88
77	'port' 725.11 70.17 -265.48
78	'port' 610.38 70.06 -282.83
79	'kill' 544.37 56.87 -229.27
80	'after-boss-dead-porthere' 513.17 57.34 -207.76
81	'interact' 523.04 56.84 -219.04
82	'talk' -109.43 15.22 -191.8
83	'end-of-chapter5' -109.43 15.22 -191.8
