1	'starting-Return-to-Camp-Resolve' 612.62 508.66 -226.36
2	'talk' 580.14 522.93 -236.78
3	'port-then-talk' 630.53 510.8 -170.79
4	'talk' 677.49 509.1 -272.79
5	'talk' 627.54 510.22 -179.11
6	'instance-over' 627.54 510.22 -179.11
7	'port' 541.45 508.59 -349.01
8	'examine' 404.41 506.5 -392.39
9	'examine' 344 507.57 -452.14
10	'examine' 92.95 507.33 -388.41
11	'examine' 185.65 507.25 -267.45
12	'instance-start' 227.86 508.82 -249.56
13	'port' 215.92 445.27 -273.66
14	'talk' 215.31 452.57 -296.89
15	'take-or-go-kill-them-without' 222.29 443.09 -235.32
16	'port' 167.95 453.85 -287.6
17	'kill' 146.23 448.81 -289.82
18	'kill-boss' 73.29 441.3 -275.43
19	'port-cutscene' 22.84 428.17 -291.07
20	'endboss' 21.09 426.25 -352.22
21	'after-boss' -4.37 426.37 -337.07
22	'talk' -4.98 426.68 -343.01
23	'talk' 2.97 426.24 -335.96
24	'talk' 1.13 426.24 -340.73
25	'instance-over' 1.13 426.24 -340.73
26	'port-here' -35.16 508.13 -460.2
27	'port' -9.46 465.78 -441.76
28	'instance-start' -12.58 465.57 -438.73
29	'talk' -90.52 426.27 -396.02
30	'talk-Marjory' -87.76 426.28 -422.37
31	'talk-Kas' -193.27 440.82 -316.12
32	'talk-Braham' -426.96 416.44 -334.69
33	'talk-Rox' -261.13 429.56 -461.75
34	'port-and-kill-endboss' -281.37 459.32 -393.58
35	'after-cutscene-talk-with-Rox' -298.39 459.64 -431.25
36	'end-of-instance-and-chapter6' -298.39 459.64 -431.25
