1	'Starting-The-Newly-Awakened' 53.81 82.72 65.15
2	'talk' 73.37 83.03 51.78
3	'port' 80.48 83.37 48.89
4	'talk' 38.74 125.07 17.34
5	'location' 37.62 127.24 72.76
6	'talk' 26.72 129.17 78.3
7	'port' 54.47 124.12 52.52
8	'port' 67.18 88.54 147.12
9	'talk' 64.04 88.58 145.36
10	'talk' 66.89 87.2 132.46
11	'talk' 34.03 126.88 71.06
12	'instance-over' 34.03 126.88 71.06
13	'starting-instance' 524.43 34.37 853.47
14	'talk' 515.67 34.22 866
15	'port-plant' 462.74 47.38 923.85
16	'talk' 463.79 48.15 928.75
17	'kill' 513.26 90.08 1015.45
18	'stealth-kill' 500.52 99.47 1031.4
19	'consol' 496.07 99.47 1032.19
20	'stealth-kill' 518.83 99.21 1050.11
21	'stealth-kill' 505.08 99.21 1050.34
22	'stealth-kill' 519.25 99.2 1062.91
23	'stealth-kill' 504.82 99.2 1060.52
24	'stealth-kill' 519.73 99.2 1076.67
25	'stealth-kill' 526.82 99.2 1079.62
26	'console' 527.79 99.2 1085.22
27	'Consol' 543.61 98.24 1140.45
28	'consol' 542.58 98.2 1120.44
29	'consol' 615.59 92.59 1062.43
30	'next-part-is-manually-untill-consoles-are-done' 581.37 91.27 1072.04
31	'now-boss-room' 641.04 79.71 1105.38
32	'first-boss-stationary-location' 647.6 83.32 1146.13
33	'Generator' 655.12 83.68 1162.99
34	'Generator' 681.3 83.63 1162.62
35	'Generator' 700.84 83.66 1143
36	'Generator' 701.71 83.66 1118.71
37	'Generator' 682.66 83.6 1099.43
38	'Generator' 655.98 83.64 1098.82
39	'Generator' 637.06 83.67 1117.32
40	'Generator' 636.25 83.65 1143.14
41	'cell-button-after-boss' 652.39 83.31 1130.4
42	'talk' 647.27 83.31 1129.2
43	'talk' 472.05 49.65 922.57
44	'instance-over' 472.05 49.65 922.57
45	'talk' 565.06 520.05 -240.35
46	'talk' 711.64 510.34 -180.67
47	'talk' 673.91 510.33 -183.63
48	'port-here-if-tunnels-are-disabled-and-kill-bandits-to-enable-them-again-' 726.6 454.73 108.09
49	'if-you-dont-need-the-event-go-next-port' 702.27 453.63 146.59
50	'use' -98.9 514.17 16.91
51	'instance-Start' 299.38 457.49 412.48
52	'talk' 295.24 457.72 382.95
53	'start-memory' 317.18 453.54 315.91
54	'talk' 304.94 454.33 315.07
55	'talk' 230.9 466.72 296.94
56	'talk' 48.83 490.85 378.2
57	'talk' 41.72 496.1 401.11
58	'port' -25.22 489.12 409.37
59	'port' -25.25 484.65 452.29
60	'port' 9.46 482.37 485.58
61	'port' 65.1 485.1 487.75
62	'port' 130.44 487.01 474.39
63	'kill-boss' 121.25 487.31 485.08
64	'port' 14.42 492.68 362.05
65	'port' -60.58 490.38 348.83
66	'talk' 313.36 453.73 324.99
67	'port' -60.76 490.35 349.09
68	'talk' -66.32 490.74 345.35
69	'endof-chapter7' 299.72 457.49 412.63
