1 	'shrine01' -963.167901235 113.368148148 -496.398765432
2 	'shrine02' -329.207407407 222.241975309 200.62962963
3 	'shrine03' -552.704938272 186.525925926 110.55962963
4 	'shrine04' -249.388888889 312.795061728 -496.327160494
5 	'shrine05' -492.716049383 386.314814815 -549.080246914
6 	'shrine06' -619.619753086 232.279012346 -633.322222222
7 	'shrine07' -548.430864198 305.451851852 -303.930864198
8 	'shrine08' -279.861728395 306.601234568 274.887654321
9 	'shrine09' -642.141975309 392.74691358 734.772839506
10	'shrine10' -1223.8691358 56.1407407407 243.404938272
11	'shrine11' -851.222222222 270.111111111 439.651851852
12	'shrine12' -78.4187654321 417.667901235 736.735802469
13	'shrine13' -188.4 271.640740741 666.820987654
14	'shrine14' -345.559259259 153.804938272 -24.3137037037
15	'shrine15' -804.144444444 198.977777778 835.950617284
16	'shrine16' -100.797654321 82.5840740741 -586.927160494
17	'shrine17' -1153.09382716 22.9522222222 -414.52345679
18	'shrine18' 1658.59259259 46.9748148148 799.339506173