1	'Loot01' 947.435802469 172.549382716 -307.185185185
2	'Loot02' 960.066666667 159.72962963 607.849382716
3	'Loot3New' 750.49 57.05 488.98
4	'Loot04' 460.174074074 258.659259259 669.904938272
5	'Loot05' 422.902469136 264.658024691 510.034567901
6	'Loot06' 239.864197531 269.974074074 497.622222222
7	'Loot7New' 1341.03 167.35 546.18
8	'Loot08' 322.755555556 189.843209877 -166.798765432
9	'Loot09' 719.498765432 136.527160494 -220.996296296
10	'Loot10' -889.401234568 115.591975309 -438.475308642
11	'Loot11' -1.28558024691 308.435802469 -284.986419753
12	'Loot12' -378.911111111 432.043209877 -365.186419753
13	'Loot13' -743.390123457 311.830864198 721.638271605
14	'Loot14' -1176.55308642 0.722727160494 286.482716049
15	'Loot15' -724.203703704 267.844444444 421.362962963
16	'Loot16' -237.528395062 515.866666667 835.309876543
17	'Loot17' -799.709876543 464.858024691 709.424691358
18	'Loot18' -942.274 278.475 485.898
19	'Loot19' -920.888888889 279.112345679 527.887654321
20	'Loot20' -277.197530864 436.851851852 818.307407407
21	'Loot21x' -384.272839506 384.082716049 737.202469136
22	'Loot22' -81.3344444444 309.171604938 722.645679012
23	'Loot23x' -68.754691358 304.239506173 -247.272839506
24	'Loot24x' -949.77 277.496 400.009
25	'Loot25x' -786.340740741 287.912345679 320.99382716
26	'Loot26x' -229.360493827 292.34691358 802.181481481
27	'Loot27x' -430.25308642 431.777777778 -705.114814815
28	'Loot28x' -953.958024691 274.869135802 434.528395062
29	'Loot29x' -42.0981481481 308.827160494 699.082716049
30	'Loot30' -263.141975309 313.065432099 804.995061728
31	'Loot31x' -787.49382716 274.080246914 374.951851852
32	'Loot32x' -74.8111111111 270.838271605 691.42962963
33	'Loot34' 229.622 282.982 610.379
34	'Loot35' -377.115 387.468 -666.474
35	'Loot36' 117.9 235.4 629.211
36	'' 553.84 256.68 510.47
37	'' 652.8 265.4 606.28
