1 	'Node01' 1537.49 99.4805 -234.972
2 	'Node02' 1372.95 138.543 -575.345
3 	'Node03' 1145.57 98.9009 -403.722
4 	'Node04' 1195.86 84.4672 -222.537
5 	'Node05' 556.434567901 167.027160494 -373.217283951
6 	'Node06' 563.017283951 217.49382716 -542.367901235
7 	'Node07' 631.007407407 195.197530864 316.317283951
8 	'Node08' 770.712345679 168.741975309 490.638271605
9 	'Node09' 540.960493827 257.780246914 533.239506173
10 	'Node10' 1467.77777778 64.7571604938 162.591358025
11 	'Node11' 1457.91358025 65.0301234568 171.503703704
12 	'Node12' 1385.08 167.972 517.653
13 	'Node13' 1296.13580247 123.05 202.512345679
14 	'Node14' 608.756790123 218.235802469 -70.0979012346
15 	'Node15' 1076.41 122.639 -412.333
16 	'Node16' 781.503703704 179.601234568 -399.609876543
17 	'Node17' 720.85308642 176.359259259 -348.313580247
18 	'Node18' 951.759259259 172.559259259 -321.724691358
19 	'Node19' 870.112345679 165.324691358 102.631111111
20 	'Node20' 1030.73580247 132.748148148 300.792592593
21 	'Node21' 1117.80617284 74.5151851852 66.6287654321
22 	'Node22' 812.606 175.797 -543.149
23 	'Node23' 728.027160494 154.613580247 -167.37654321
24 	'Node24' 736.115 135.977 -240.34
25 	'Node25' 373.377777778 178.797530864 -256.871604938
26 	'Node26' 715.428395062 48.4308641975 450.381481481
27 	'Node27' 424.435802469 254.634567901 645.018518519
28 	'Node28' -127.914814815 347.187654321 768.181481481
29 	'Node29' -514.798765432 216.522222222 123.157777778
30 	'Node30' -29.7672839506 323.849382716 -322.627160494
31 	'Node31' -641.737037037 234.532098765 -629.57037037
32 	'Node32' -635.885185185 303.333333333 -231.37037037
33 	'Node33' -685.960493827 318.920987654 597.956790123
34 	'Node34' -1128.32 -0.302934 242.024
35 	'Node35' -541.282716049 265.412345679 678.214814815
36 	'Node36' -60.2613580247 335.111111111 575.145679012
37 	'Node37' -307.891358025 319.551851852 -322.771604938
38 	'Node38' -387.743209877 244.943209877 -46.27
39 	'Node39' -81.1677777778 270.838271605 712.249382716
40 	'Node40' -141.066666667 331.165432099 -127.709876543
41 	'Node41' -610.722222222 294.87654321 -46.1687654321
42 	'Node42' -632.272839506 267.104938272 -200.643209877
43 	'Node43' -747.351851852 317.933333333 519.222222222
44 	'Node44' -158.845679012 317.888888889 790.156790123
45 	'Node45' -535.797530864 210.728395062 -635.620987654
46 	'Node46' -466.712345679 228.237037037 -24.167654321
47 	'Node47' -1111.36296296 14.1430864198 163.828395062
48 	'Node48' -673.138 117.016 119.885
49 	'Node49' -632.74691358 197.134567901 465.027160494
50 	'Node50' -667.441975309 179.524691358 -438.640740741
51 	'Node51' -467.616049383 265.148148148 66.5097530864
52 	'Node52' -806.565432099 171.904938272 -212.545679012
53 	'Node53' -594.258024691 222.12962963 524.224691358
54 	'Node54' -58.5103703704 308.654320988 710.425925926
55 	'Node55' -336.179012346 141.034567901 -11.4611975309
56 	'Node56' -681.159259259 240.97654321 479.656790123
57 	'Node57' -112.470740741 362.414814815 470.840740741
58 	'Node58' -141.874074074 321.766666667 -299.679012346
59 	'Node59' -712.964197531 269.640740741 -210.077777778
60 	'Node60' -350.935802469 261.312345679 -59.9985185185
61 	'Node61' -222.991358025 280.851851852 754.508641975
62 	'Node62' -1189.35 22.8933 -367.771
63 	'Node63' -1189.35 22.8933 -367.771
64 	'Node64' -1297.04 22.7162 -400.622
65 	'Node65' -315.186419753 270.4 -17.6962962963
66 	'Node66' -332.314814815 273.495061728 -97.0249382716
67 	'Node67' -562.62345679 228.382716049 -18.7582716049
68 	'Node68' -261.741975309 371.035802469 -161.903703704
69 	'Node69' -444.44691358 340.964197531 -509.465432099
70 	'Node70' -70.1762962963 299.97654321 -235.34691358
71 	'Node71' 506.590123457 87.1959259259 448.165432099
72 	'Node72' 888.011 194.015 -208.892
73 	'Node73' -562.497 227.667 -20.4893
74 	'Node74' -466.073 264.238 66.2681
75 	'Node75' -593.866 220.99 520.118
76 	'Node76' -141.782 330.015 -126.051