1 	'icebroodgoliath' 464.197530864 253.086419753 630.864197531
2 	'icebroodvoice' 362.962962963 261.728395062 544.444444444
3 	'sonsofsvanirtyrant' 550.617283951 262.962962963 640.740740741
4 	'icebroodkodan' 593.827160494 255.555555556 527.160493827
5 	'fallenkodanberserker' 1345.67901235 166.666666667 480.24691358
6 	'aberrantskelk' 491.358024691 187.654320988 -504.938271605
7 	'sonsofsvanirbrute' 1107.40740741 106.172839506 -14.8148148148
8 	'fallenleopardshaman' 361.728395062 186.419753086 -114.814814815
9 	'aberrantmurellow' 937.037037037 167.901234568 -314.814814815
10	'sonsofsvanirsummoner' 1038.27160494 141.975308642 343.209876543
11 	'boneskinner' 562.962962963 175.308641975 -208.641975309