1	'Start1' 993.827160494 188.888888889 -67.9012345679
2	'Wait_turn3' 696.296296296 259.259259259 259.259259259
3	'UNLOCK' 1096.87 158.053 569.386
4	'Turn' 1065.43209877 198.765432099 585.185185185
5	'Turn' 1325.92592593 245.679012346 291.358024691
6	'Chest' 1241.97530864 154.320987654 544.444444444
7	'Start2' 402.469135802 227.160493827 -88.8888888889
8	'Turn' 467.901234568 179.012345679 -132.098765432
9	'Turn' 422.222222222 202.469135802 -428.395061728
10	'Break' 382.902 182.832 -222.385
11	'Chest' 376.543209877 187.654320988 -191.358024691
12	'Start3' 1551.85185185 220.987654321 -392.592592593
13	'Wait_turn' 1483.95061728 128.395061728 -365.432098765
14	'break' 1312.34567901 106.172839506 -504.938271605
15	'turn' 1513.27 172.253 -433.823
16	'turn' 1267.90123457 167.901234568 -508.641975309
17	'Chest' 1149.38271605 156.790123457 -304.938271605
18	'Start4' 362.962962963 122.222222222 423.456790123
19	'Turn' 530.864197531 81.4814814815 476.543209877
20	'Break' 629.825 63.7189 444.22
21	'use' 667.231 46.5408 420.879
22	'Turn' 686.419753086 50.6172839506 414.814814815
23	'Chest' 692.592592593 66.6666666667 337.037037037
24	'startingtorch' -1142.94 31.953 -435.2
25	'mirror_______1' -1135.44 31.3563 -350.664
26	'mirror_______2' -1160.55 31.3563 -370.428
27	'mirror_______3' -1300.2 32.7119 -294.368
28	'mirror_______3' -1349.15 32.6357 -370.087
29	'mirror_______2' -1309.28 32.4843 -378.675
30	'shrine_______' -1213.10617284 30.154691358 -427.777777778
31	'startingtorch' -124.47654321 113.310246914 -612.716049383
32	'mirror_______3' -121.690740741 114.139135802 -567.530864198
33	'mirror_______2' -78.5909876543 114.165555556 -566.913580247
34	'ravenlock____' -78.193 114.249 -627.266
35	'shrine_______' -126.12962963 114.087654321 -665.320987654
36	'startingtorch' -124.982716049 32.7634567901 -689.75308642
37	'mirror_______1' -104.123 40.8542 -651.478
38	'mirror_______1' -103.459012346 55.9413580247 -703.333333333
39	'shrine_______' -103.271111111 130.785185185 -652.345679012
40	'startingtorch' -102.459753086 172.555555556 -653.148148148
41	'mirror_______2' -122.878518519 173.491358025 -690.37037037
42	'mirror_______2' -83.7575308642 165.371604938 -692.098765432
43	'shrine_______' -80.7016049383 113.94345679 -665.432098765
44	'startingtorch' -742.37654321 204.398765432 834.197530864
45	'Mirror3___Fixed_by_Blood' -695.16 203.56 810.98
46	'ravenlock____' -754.633 203.726 803.058
47	'mirror_______2' -809.124 205.551 808.726
48	'ravenlock____' -785.35 198.087 776.835
49	'mirror_______1' -786.020987654 199.732098765 760.086419753
50	'ravenlock____' -802.155 197.875 723.551
51	'shrine_______' -857.637037037 185.822222222 738.888888889
52	'startingtorch' -867.594 184.491 736.849
53	'mirror_______2' -905.624691358 186.320987654 741.508641975
54	'mirror_______1' -912.681481481 186.040740741 821.777777778
55	'mirror_______2' -1009.70740741 185.313580247 740.938271605
56	'shrine_______' -1058.22098765 185.69382716 781.049382716
57	'startingtorch' -679.113580247 253.214814815 -106.061728395
58	'mirror_______3' -742.627160494 348.328395062 419.308641975
59	'mirror_______2' -120.852592593 369.737037037 301.790123457
60	'mirror_______3' 421.360493827 201.365432099 -429.975308642
61	'mirror_______3' 695.425925926 260.317283951 259.603703704
62	'mirror_______3' 1065.61111111 199.288888889 585.385185185
63	'mirror_______2' 1325.17283951 246.248148148 292.349382716
64	'mirror_______3' 1268.33333333 165.945679012 -508.444444444
65	'mirror_______3' 1511.22222222 177.32962963 -440.148148148
66	'shrine_______' 1486.38271605 158.143209877 -528.925925926
67	'startingtorch' 1535.85185185 64.327654321 697.865432099
68	'mirror_______3' 1667.13580247 65.5607407407 690.992592593
69	'ravenlock____' 1588.55 63.8568 706.068
70	'shrine_______' 1539.20987654 65.0292592593 712.35308642
71	'startingtorch' 1536.0 64.3288888889 746.637037037
72	'mirror_______2' 1666.80246914 65.455308642 753.274074074
73	'ravenlock____' 1589.35 63.7177 738.03
74	'shrine_______' 1540.90123457 64.2367901235 733.208641975
75	'startingtorch' -80.1535802469 369.212345679 272.790123457
76	'mirror_______2' -213.639506173 409.832098765 318.037037037
77	'mirror_______1' -197.733333333 384.692592593 189.641975309
78	'mirror_______3' -118.095185185 369.733333333 297.382716049
79	'mirror_______1' 3.02907407407 351.961728395 -59.724691358
80	'mirror_______2' -338.004938272 371.772839506 -309.135802469
81	'mirror_______1' -456.765432099 339.613580247 -82.5209876543
82	'mirror_______3' -624.895061728 304.411111111 -208.641975309
83	'shrine_______' -596.039506173 298.316049383 -52.6419753086

