1	'talk' 428.705 176.629 -435.522
2	'buy_orange_karma' 1402.71 58.6435 -163.163
3	'deliver' 428.705 176.629 -435.522
4	'kill_rabbit' 1295.27 67.9746 -97.052
5	'deliver' 428.705 176.629 -435.522
6	'Kill_deer' 1337.78 63.9375 -127.866
7	'deliver' 428.705 176.629 -435.522
8	'Kill_Arctodus' 1261.12 148.946 517.751
9	'deliver' 428.705 176.629 -435.522
10	'find_kill_Aberrant_Wargs' 693.036 162.415 -354.443
11	'deliver' 428.705 176.629 -435.522
12	'WAIT_meta_kill_Boneskinner' 543.677 177.084 -191.703
12	'deliver' 428.705 176.629 -435.522
