1 	'Chest01' 798.466666667 160.897530864 434.841975309
2 	'Chest02' 1469.58 64.4974 167.002
3 	'Chest03' 1142.68518519 157.42345679 501.845679012
4 	'Chest04' 1032.77901235 140.472839506 194.777777778
5 	'Chest05' 831.815 164.21 94.1701
6 	'Chest06' 1116.9037037 75.6801234568 77.4804938272
7 	'Chest07' 1437.52 133.04 -574.133
8 	'Chest08' 443.882716049 266.824691358 502.671604938
9 	'Chest09' 269.997530864 274.412345679 614.016049383
10 	'Chest10' 546.501234568 265.332098765 669.57654321
11 	'Chest11' 591.798765432 255.797530864 515.883950617
12 	'Chest12' -748.303703704 313.127160494 720.361728395
13 	'Chest13' -885.22962963 116.885185185 -443.003703704
14 	'Chest14' -568.349382716 230.877777778 133.691358025
15 	'Chest15' -513.591358025 355.796296296 717.282716049
16 	'Chest16' -1152.16 50.8839 267.731
17 	'Chest17' -95.1069135802 515.532098765 756.0
18 	'Chest18' -844.164197531 189.767901235 173.717283951
19 	'Chest19' -448.256790123 341.358024691 -518.527160494
20 	'Chest20' -593.456790123 210.713580247 -655.443209877
21 	'Chest21' -261.456790123 364.238271605 -49.3832098765
22 	'Chest22' -765.616049383 218.641975309 799.302469136
23 	'Chest23' -829.487654321 199.537037037 736.949382716
24 	'Chest24' -828.702 198.211 729.421
25 	'Chest25' -870.174074074 185.50617284 728.080246914
26 	'Chest26' -102.431975309 149.272839506 -636.798765432
27 	'Chest27' -76.7559259259 82.2085185185 -699.287654321
28 	'Chest28' -86.6338271605 40.0287654321 -643.813580247
29 	'Chest29' -136.075308642 82.2871604938 -600.543209877
30 	'Chest30' -150.065432099 123.918518519 -681.4
31 	'Chest31' -1133.65802469 24.2311111111 -346.064197531
32 	'Chest32' -1188.11 22.9175 -366.821
33 	'Chest33' -1292.27160494 24.4135802469 -367.298765432
34 	'Chest34' -1332.03 23.0067 -413.832
35 	'Chest35' -1158.03209877 -2.22966666667 -411.064197531
36 	'Chest36' -833.963 196.57 734.012
37 	'Chest37' -848.27037037 186.238271605 821.744444444
38 	'Chest38' -962.137037037 181.054320988 753.566666667
39 	'Chest39' -1169.55308642 23.0333333333 -368.237037037
40 	'Chest40' -1258.34 22.9254 -320.123
41 	'Chest41' -1316.12345679 23.0764197531 -372.765432099
42 	'Chest42' 1583.95 63.9426 684.496
43 	'Chest43' 1662.33 54.1068 741.045
44 	'Chest44' 1659.80246914 42.3464197531 691.707407407
45 	'Chest45' 1611.78 41.813 748.612
46 	'Chest46' -816.187654321 199.04691358 780.827160494
47 	'Chest47' 1659.87654321 42.8904938272 614.754320988
48 	'Chest48' -1172.18 23.0095 -337.856
49 	'Chest49' -1245.96296296 27.6243209877 -359.607407407
50 	'Chest50' -1310.59 21.0877 -436.859
51 	'Chest51' -82.8519753086 81.8186419753 -647.3
52 	'Chest52' -78.8848148148 31.6965432099 -663.103703704
53 	'Chest53' -79.9612 103.707 -702.64
54 	'Chest54' -128.87037037 149.450617284 -678.641975309
55 	'Chest55' 1684.36 63.6409 722.231
56 	'Chest56' 1660.0 42.2362962963 753.164197531
57 	'Chest57' 1583.1 63.9113 719.958
58 	'Chest58' -1219.09 20.8602 -490.757
59 	'Chest59' -1255.91358025 -4.44367901235 -488.232098765
60 	'Chest60' 1621.53 67.1038 694.04
61 	'Chest61' -836.172839506 198.903703704 719.825925926
62 	'Chest62' -102.294 31.3954 -717.984
63 	'Chest63' -117.346 81.2856 -707.667
64 	'Chest64' -66.3163 113.718 -562.436
65 	'Chest65' -828.556 198.29 793.855
66 	'Chest66' -896.903 184.585 722.399
67 	'Chest67' -942.585 180.174 832.385
68 	'Chest68' -65.3666 148.899 -693.47
69 	'Chest69' -106.091 81.6417 -560.043
70 	'Chest70' 1653.34 41.8111 830.76
71 	'Chest71' 1582.11 64.3692 744.584
72 	'Chest72' -1353.16 22.9535 -362.725
73 	'Chest72' 1654.86 42.8425 750.032
74 	'Chest74' -782.147 197.843 834.344
75 	'Chest75' -1011.04 181.053 821.626
76 	'Chest76' -1303.77 23.2535 -291.084
77 	'Chest77' 1663.58 53.8752 719.989
78 	'Chest78' 1613.65 66.447 729.237
79 	'Chest79' -1331.12 23.0954 -413.587
80 	'Chest80' -1237.61 -2.63469 -323.452
81 	'Chest81' -1129.78 24.1522 -344.944
82 	'Chest82' -1163.49 23.0045 -368.589
83 	'Chest83' 1583.62 64.0667 684.601
84 	'Chest84' -773.646 197.843 748.542
85 	'Chest85' -85.9877 39.8992 -641.753