1	'kill-and-kneel-for-15-sec' -483.45 72.72 856.45
2	'kneel15secs' 524.43 153.48 -376.16
3	'kneel' -784.86 176.67 -385.91
4	'now-port-to-Kourna' -784.86 176.67 -385.91
5	'kneel' -754.56 123.89 215.57
6	'kneel' -229.39 64.29 250.55
7	'kneel' 78.62 25.19 -798.7
8	'TPnow-to-Jahai' 78.62 25.19 -798.7
9	'kneel' 501.34 246.29 766.13
10	'kneel' -531.61 267.08 226.37
11	'kneel' 950.21 284.53 543.98
12	'kneel' -66.17 194.48 -288.42
13	'tp-to-thunderhead' -66.17 194.48 -288.42
14	'kneel' -242.35 294.03 1360.4
15	'kneel' -1121.13 7.66 -891.69
16	'kneel' -218.66 128.52 -612.33
17	'kneel' 686.93 549.35 172.95
18	'tp-to-Sandswept' -221.69 128.96 -611.32
19	'kneel' -393.3 208.83 1231.94
20	'kneel' -896.09 67.81 823.86
21	'kneel' 827.84 89.17 -1161.59
22	'tp-dragonfall' -393 208.76 1232.23
23	'kneel' -464.69 140.47 -937.98
24	'kneel' -999.88 128.63 -935.45
25	'kneel' -25.17 -0.5 54.25
26	'kneel' -1076.48 282.48 739.67
27	'kneel' 356.78 337.3 207.56
