1	'MistBorn' 239.50617284 293.827160494 375.308641975
2	'MistBorn' -22.2222222222 258.024691358 774.074074074
3	'MistBorn' -480.24691358 325.925925926 216.049382716
4	'MistBorn' -627.160493827 239.50617284 593.827160494
5	'MistBorn' -546.913580247 177.777777778 539.50617284
6	'MistBorn' -660.49382716 259.259259259 766.666666667
7	'MistBorn' -574.074074074 140.740740741 774.074074074
8	'MistBorn' -223.456790123 267.901234568 -465.432098765
9	'MistBorn' -337.037037037 165.432098765 -876.543209877
10	'MistBorn' 858.024691358 233.333333333 -528.395061728
11	'MistBorn' 1195.0617284 148.148148148 -416.049382716
12	'MistBorn' 1260.49382716 502.469135802 122.222222222
13	'MistBorn' 866.666666667 170.37037037 50.6172839506
14	'MistBorn' 83.950617284 202.469135802 387.654320988
15	'MistBorn' 328.395061728 160.49382716 611.111111111
16	'MistBorn' 65.4320987654 123.456790123 680.24691358
17	'MistBorn' -956.790123457 188.888888889 -75.3086419753
18	'MistBorn' 574.074074074 98.7654320988 640.740740741
19	'MistBorn' 535.802469136 2.46913580247 371.604938272
20	'MistBorn' 286.419753086 93.8271604938 339.50617284
21	'MistBorn' -119.75308642 29.6296296296 224.691358025
22	'MistBorn' -434.567901235 113.580246914 -108.641975309
23	'MistBorn' 81.4814814815 243.209876543 -518.518518519
24	'MistBorn' 656.790123457 241.975308642 -261.728395062
25	'MistBorn' 512.345679012 241.975308642 -466.666666667
26	'MistBorn' -546.913580247 88.8888888889 -886.419753086
27	'MistBorn' -987.654320988 161.728395062 -356.790123457
28	'MistBorn' -1151.85185185 -0.0 4.93827160494
29	'MistBorn' 1124.69135802 97.5308641975 61.7283950617
30	'MistBorn' 445.679012346 64.1975308642 519.75308642
31	'MistBorn' -354.320987654 72.8395061728 46.9135802469
32	'MistBorn' -698.765432099 325.925925926 66.6666666667
33	'MistBorn' -979.012345679 79.012345679 -832.098765432
34	'MistBorn' -140.740740741 137.037037037 -725.925925926
35	'MistBorn' 71.6049382716 123.456790123 -786.419753086
36	'MistBorn' 808.641975309 361.728395062 -30.8641975309
37	'MistBorn' 597.530864198 361.728395062 182.716049383
38	'MistBorn' 991.358024691 0.0 4.93827160494
39	'MistBorn' 498.765432099 134.567901235 638.271604938
40	'MistBorn' 134.567901235 243.209876543 403.703703704
41	'MistBorn' -297.530864198 177.777777778 544.444444444
42	'MistBorn' -125.925925926 170.37037037 797.530864198
43	'MistBorn' -569.135802469 106.172839506 945.679012346
44	'MistBorn' -867.901234568 235.802469136 392.592592593
45	'MistBorn' -944.444444444 -0.0 82.7160493827
46	'MistBorn' -586.419753086 239.50617284 -308.641975309
47	'MistBorn' -518.518518519 171.604938272 -322.222222222
48	'MistBorn' -13.5802469136 349.382716049 -490.12345679
49	'MistBorn' -500.0 354.320987654 -196.296296296
50	'MistBorn' -772.839506173 311.111111111 697.530864198
51	'MistBorn' 86.4197530864 29.6296296296 323.456790123
52	'MistBorn' -580.24691358 175.308641975 -46.9135802469
53	'MistBorn' -704.938271605 237.037037037 -176.543209877
54	'MistBorn' -397.530864198 328.395061728 141.975308642
55	'MistBorn' -1158.02469136 214.814814815 -23.4567901235
56	'MistBorn' 569.135802469 325.925925926 -720.987654321
57	'MistBorn' 565.432098765 240.740740741 -360.49382716
58	'MistBorn' 304.938271605 238.271604938 -240.740740741
59	'MistBorn' 812.345679012 166.666666667 195.061728395
60	'MistBorn' 602.469135802 256.790123457 156.790123457
61	'MistBorn' 1234.56790123 53.0864197531 -709.87654321
62	'MistBorn' 504.938271605 123.456790123 795.061728395
63	'MistBorn' 156.790123457 127.160493827 649.382716049
64	'MistBorn' 1186.41975309 62.962962963 -274.074074074
65	'MistBorn' 1297.5308642 548.148148148 53.0864197531
66	'MistBorn' 1281.48148148 520.987654321 -19.7530864198
67	'MistBorn' 1166.66666667 460.49382716 23.4567901235
68	'MistBorn' 676.543209877 25.9259259259 -909.87654321
69	'MistBorn' 1245.67901235 4.93827160494 272.839506173
70	'MistBorn' 332.098765432 20.987654321 340.740740741
71	'MistBorn' -298.765432099 58.024691358 93.8271604938
72	'MistBorn' -417.283950617 360.49382716 -28.3950617284
73	'MistBorn' -859.259259259 -0.0 212.345679012
74	'MistBorn' -986.419753086 186.419753086 -665.432098765
75	'MistBorn' 533.333333333 249.382716049 -888.888888889
76	'MistBorn' 1237.03703704 519.75308642 103.703703704
77	'MistBorn' 1233.33333333 527.160493827 -29.6296296296
78	'MistBorn' 1169.13580247 1.23456790123 51.8518518519
79	'MistBorn' -1012.34567901 -0.0 98.7654320988
80	'MistBorn' 1223.45679012 93.8271604938 470.37037037
81	'MistBorn' 1139.50617284 143.209876543 134.567901235
82	'MistBorn' 417.283950617 293.827160494 -222.222222222
83	'MistBorn' 143.209876543 239.50617284 -304.938271605
84	'MistBorn' -477.777777778 239.50617284 641.975308642
85	'MistBorn' -160.49382716 296.296296296 438.271604938
86	'MistBorn' -318.518518519 106.172839506 867.901234568
87	'MistBorn' -843.209876543 86.4197530864 864.197530864
88	'MistBorn' 1200.0 519.75308642 -93.8271604938
89	'MistBorn' 1053.08641975 302.469135802 -162.962962963
90	'MistBorn' 788.888888889 288.888888889 -129.62962963
91	'MistBorn' 297.530864198 256.790123457 511.111111111
92	'MistBorn' 525.925925926 0.0 527.160493827
93	'MistBorn' -181.481481481 197.530864198 -579.012345679
94	'MistBorn' -432.098765432 367.901234568 -133.333333333
95	'MistBorn' -77.7777777778 153.086419753 -816.049382716
96	'MistBorn' 1227.16049383 2.46913580247 -249.382716049
97	'MistBorn' 343.209876543 293.827160494 -300.0
98	'MistBorn' 376.543209877 392.592592593 -23.4567901235
99	'MistBorn' -102.469135802 185.185185185 574.074074074
100	'MistBorn' -1155.55555556 272.839506173 400.0
101	'MistBorn' -265.432098765 262.962962963 919.75308642
102	'MistBorn' 639.50617284 332.098765432 -66.6666666667
103	'MistBorn' 1149.38271605 459.259259259 -50.6172839506
104	'MistBorn' 1035.80246914 80.2469135802 -412.345679012
105	'MistBorn' 185.185185185 139.50617284 -712.345679012
106	'MistBorn' -230.864197531 167.901234568 -658.024691358
107	'MistBorn' -696.296296296 188.888888889 -283.950617284
108	'MistBorn' 380.24691358 162.962962963 -204.938271605
109	'MistBorn' 200.0 25.9259259259 -850.617283951
110	'MistBorn' 397.530864198 165.432098765 -639.50617284
111	'MistBorn' 930.864197531 333.333333333 -317.283950617
112	'MistBorn' 1151.85185185 459.259259259 -6.17283950617
113	'MistBorn' 56.7901234568 271.604938272 596.296296296
114	'MistBorn' -348.148148148 300.0 316.049382716
115	'MistBorn' -648.148148148 214.814814815 455.555555556
116	'MistBorn' -391.358024691 207.407407407 -761.728395062
117	'MistBorn' -201.234567901 146.913580247 311.111111111
118	'MistBorn' -108.641975309 153.086419753 186.419753086
119	'MistBorn' -346.913580247 167.901234568 -392.592592593
120	'MistBorn' 362.962962963 360.49382716 123.456790123
121	'MistBorn' 379.012345679 112.345679012 660.49382716
122	'MistBorn' 1024.69135802 316.049382716 349.382716049
123	'MistBorn' 551.851851852 200.0 327.160493827
124	'MistBorn' 924.691358025 167.901234568 -523.456790123
125	'MistBorn' 113.580246914 292.592592593 439.50617284
126	'MistBorn' -132.098765432 296.296296296 -634.567901235