1	'poi1' 863.241 121.737 778.38
2	'poi2' 926.337 131.311 901.902
3	'poi3' 639.977 121.455 813.833
4	'poi4' 694.524 98.6696 656.938
5	'poi5' 301.673 254.365 828.096
6	'poi6' -63.6066 150.848 698.123
7	'poi7' -900.864 154.865 612.14
8	'poi8' -711.711 303.76 707.78
9	'poi9' -1165.38 34.4227 584.502
10	'poi10' -892.247 180.768 297.556
11	'poi11' -902.213 159.523 -292.623
12	'poi12' -984.201 80.2349 -824.234
13	'poi13' -372.192 165.398 -881.172
14	'poi14' -111.761 159.272 -763.385
15	'poi15' -552.64 169.249 -491.853
16	'poi16' -548.846 142.645 -128.611
17	'poi17' -215.359 177.338 -242.631
18	'poi18' 743.458 169.468 -720.266
19	'poi19' 1038.26 158.354 -484.28
20	'poi20' -883.391 180.362 299.063
21	'poi21' 1272.99 503.011 119.137
22	'poi22' 1011.73 248.673 -311.223