1	'Chest1' 35.9314 38.8894 741.041
2	'Chest2' 57.0725 41.0695 586.619
3	'Chest3' 346.915 39.458 880.633
4	'Chest4' 841.259 0.510565 809.911
5	'Chest5' 607.266 0.428207 604.958
6	'Chest6' 304.66 0.285192 646.033
7	'Chest7' -240.839 110.63 1317.17
8	'Chest8' -553.233 89.4897 1243.25
9	'Chest9' -560.152 3.24348 1013.56
10	'Chest10' 1061.47 4.56113 -1136.05
11	'Chest11' 802.115 16.0226 -743.062
12	'Chest12' 675.739 40.4851 -1126.58
13	'Chest13' 634.309 48.9511 -1415.25
14	'Chest14' 847.932 5.07156 -164.017
15	'Chest15' 402.474 129.444 109.773
16	'Chest16' 195.876 26.7831 -407.238
17	'Chest17' 74.1574 60.4401 -552.847
18	'Chest18' -110.375 44.0781 -975.162
19	'Chest19' 74.9672 75.272 -1022.48
20	'Chest20' -484.442 16.9906 -455.6
21	'Chest21' -661.091 59.1977 -301.947
22	'Chest22' -707.135 8.84395 -66.3353
23	'Chest23' -490.924 39.1491 230.645
24	'Chest24' -373.89 64.0654 178.449
25	'Chest25' -232.139 93.9795 60.6298
26	'Chest26' -172.583 64.9165 115.686
27	'Chest27' -68.0827 200.54 51.4355
28	'Chest28' -527.519 112.409 29.8386
29	'Chest29' -413.971 90.35 -171.498
30	'Chest30' -282.257 105.173 -570.041
31	'Chest31' -124.501 161.526 -429.351
32	'Chest32' 479.912 70.8824 -449.096
33	'Chest33' 581.947 36.7334 -358.168
34	'Chest34' 597.338 69.7558 -306.557
35	'Chest35' 700.704 47.6984 -209.001
36	'Chest36' 563.606 150.203 -72.7106
37	'Chest37' -703.974 0.552312 740.726
38	'Chest38' -720.659 3.30525 853.396
39	'Chest39' 524.972 138.3 1100.48
40	'Chest40' 754.501 24.2915 1243.73
41	'Chest41' 347.476 38.3687 879.079
42	'Chest42' -236.119 2.73416 654.978
43	'Chest45' 847.641 5.0002 -164.409
44	'Chest46' -526.692 112.408 31.4418
45	'Chest47' -231.821 93.9818 60.6298
46	'Chest48' -18.6157 6.5095 -267.884
47	'Chest49' -707.688 8.48172 -64.9562
48	'Chest50' 633.933 48.9506 -1415.44
