1	'Sandpile1' -17.8143 0.701973 612.966
2	'Sandpile2' 85.4337 -0.346178 605.38
3	'Sandpile3' 201.66 0.316007 581.493
4	'Sandpile4' 34.0693 14.0881 655.551
5	'Sandpile5' 653.317 1.81165 750.405
6	'Sandpile6' 675.577 0.839063 894.978
7	'Sandpile7' 858.329 0.294085 776.121
8	'Sandpile8' 359.859 4.74419 663.32
9	'Sandpile9' -636.184 1.44401 1260.75
10	'SandPile10' 736.556 0.278962 -690.678
11	'SandPile11' 431.061 2.63532 -1189.71
12	'SandPile12' 589.558 2.20984 -1492.56
13	'SandPile13' 741.165 1.07789 -58.1263
14	'SandPile14' 632.021 0.38232 403.499
15	'SandPile15' 445.022 4.99081 438.57
16	'SandPile16' 458.534 9.30253 529.207
17	'SandPile17' 503.832 1.77057 271.272
18	'SandPile18' 175.556 1.56473 283.227
19	'Sandpile19' 131.028 -0.307856 -630.593
20	'SandPile20' 63.1432 0.887653 -690.149
21	'SandPile21' 161.255 2.06623 -1082.3
22	'SandPile22' 163.923 1.07136 -1226.54
23	'SandPile23' -532.654 2.31078 -295.665
24	'SandPile24' -649.445 0.238584 244.769
25	'SandPile25' -396.59 1.35592 277.233
26	'SandPile26' -236.894 1.70633 375.388
27	'SandPile27' -726.658 1.21216 678.596
28	'SandPile28' 825.153 8.13374 1065.62
