1	'Heart1' 423.44 6.51747 -1021.58
2	'Heart2' 66.8524 13.3341 -1359.3
3	'Heart3' 285.549 0.209347 -881.279
4	'Heart4' 15.7895 119.703 -817.395
5	'Heart5' -273.913 130.883 -1154.02
6	'Heart6' -160.481 50.7132 -340.675
7	'Heart7' 224.686 28.0774 -179.053
8	'Heart8' 74.9927 106.948 205.975
9	'Heart9' -130.721 114.126 251.262
10	'Heart10' -309.781 155.473 452.054
11	'Heart11' 257.637 102.674 688.821
12	'Heart12' -139.052 145.969 942.846
13	'Heart13' 335.582 91.8562 959.92
14	'Heart14' 478.531 154.428 1190.66
15	'Heart15' 202.084 189.607 1367.85
