1	'Raven-Egg' -41.21 98.7815 -856.723
2	'Raven-Egg' -50.9906 92.3389 -873.201
3	'Raven-Egg' -63.4385 91.8901 -865.088
4	'Raven-Egg' -57.3202 77.6784 -897.401
5	'Raven-Egg' -94.0273 84.0778 -888.422
6	'Raven-Egg' -98.6117 91.6318 -865.488
7	'Raven-Egg' -84.178 93.0496 -861.434
8	'Raven-Egg' -51.2663 85.3585 -886.505
9	'Raven-Egg' -34.8308 61.7379 -926.929
10	'Raven-Egg' -30.454 62.7986 -917.767
11	'Raven-Egg' -35.6562 69.5422 -894.808
12	'Raven-Egg' 7.38209 66.2365 -893.514
13	'Raven-Egg' 0.502204 68.7805 -882.28
14	'Raven-Egg' 6.43119 68.7637 -876.754
15	'Raven-Egg' 5.52424 69.4663 -872.056
16	'Raven-Egg' 17.3065 68.8407 -869.265
17	'Raven-Egg' 27.9364 70.9913 -857.001
18	'Raven-Egg' 40.4744 70.9657 -863.143
19	'Raven-Egg' 45.9266 69.6994 -867.497
20	'Raven-Egg' -116.658 88.3883 -890.617
21	'Put-Eggs-in-the-Rooster-Heart-completed' -107.687 84.8852 -896.955
22	'Bear-Trap' 235.449 6.5097 -933.156
23	'Bear-Trap' 258.205 3.32092 -956.756
24	'Bear-Trap' 281.848 0.884493 -980.297
25	'Bear-Trap' 290.565 1.29199 -955.18
26	'Fish-Trap' 297.491 -0.0492506 -928.986
27	'Fish-Trap' 279.409 -0.0678541 -911.454
28	'Fish-Trap' 328.917 -0.256079 -955.973
29	'Fish-Trap' 334.441 -0.347223 -974.808
30	'Fish-Trap' 329.858 -0.251931 -984.935
31	'Fish-Trap' 307.586 -0.132139 -986.461
32	'Bear-Trap' 276.306 0.919174 -1020.21
33	'Bear-Trap' 233.311 7.92905 -1001.61
34	'Tree&Kill' 240.838 7.80809 -981.552
35	'Tree&Kill' 225.882 11.7233 -955.328
36	'Tree&Kill' 196.45 15.1639 -936.864
37	'Tree&Kill' 259.857 2.87977 -922.446
38	'Tree&Kill' 272.022 2.40487 -954.795
39	'Bear-Trap-again' 234.689 6.23922 -930.95
40	'Bear-Trap-Heart-completed' 259.125 3.44468 -956.541
41	'Demonic-Effigy' 437.84 7.92314 -1025.46
42	'Demonic-Effigy' 465.099 20.1045 -1038.67
43	'Grawl-Cave-Painting' 506.597 17.9371 -1064.97
44	'Offerings' 522.692 18.1951 -1077.81
45	'Demonic-Effigy' 528.832 18.837 -1080.7
46	'Offerings' 612.089 19.5068 -1132.98
47	'Demonic-Effigy' 605.899 19.2451 -1136.19
48	'Offerings' 601.033 19.5433 -1137.74
49	'Grawl-Cave-Paintings' 594.041 22.6263 -1149.79
50	'Demonic-Effigy' 585.498 20.11 -1142.87
51	'Offerings' 578.66 19.8069 -1139.69
52	'Grawl-Cave-Painting' 567.947 19.3078 -1125.61
53	'Offerings' 573.822 18.509 -1122.62
54	'Offerings' 592.74 18.9083 -1109.64
55	'Offerings' 592.711 19.087 -1097.77
56	'Offerings' 583.127 18.8526 -1079.37
57	'Grawl-Painting' 578.114 18.9028 -1069.29
58	'Grawl-Cave-Painting' 563.607 19.1739 -1091.23
59	'Offerings' 557.664 19.2322 -1098.16
60	'Demonic-Effigy' 561.374 18.8407 -1107.99
61	'Cave-Painting' 554.168 19.7012 -1105.38
62	'Offerings' 535.27 19.0301 -1094.75
63	'Offerings' 524.41 18.2979 -1078.67
64	'Demonic-Effigy-Heart-completed' 556.217 18.5384 -1080.92
65	'Wolf-Cage' 148.338 25.7418 -1494.18
66	'Wolf-Cage' 122.766 24.7741 -1489.73
67	'Wolf-Cage' 99.2768 25.3257 -1516.02
68	'Wolf-Cage' 118.703 25.2796 -1529.61
69	'Dragon-Banner' 40.1225 35.6713 -1422.3
70	'Dragon-Banner' 3.41518 45.4211 -1461.01
71	'Dragon-Banner' -51.1192 54.0214 -1457.41
72	'Dragon-Banner' -87.8559 47.5397 -1442.49
73	'Dragon-Banner' -98.9727 65.9328 -1481.11
74	'Wolf-Cage' -70.4057 61.3556 -1498.21
75	'Wolf-Cage' -66.6748 61.9736 -1514.17
76	'Dragon-Banner' -57.7836 65.1156 -1527.7
77	'Wolf-Cage' -29.5501 59.5856 -1515.51
78	'Dragon-Banner' -4.88547 53.9769 -1517.23
79	'Dragon-Banner' -53.8821 42.0411 -1416.27
80	'Dragon-Banner' 1.29971 44.8699 -1464.67
81	'Dragon-Banner' -51.9302 54.0422 -1458.61
82	'Dragon-Banner-Heart-completed' -87.8435 47.5481 -1442.31
83	'Food' -86.6794 45.086 -372.551
84	'Bring-to-him' -158.936 50.7058 -338.775
85	'Food' -123.433 49.3349 -372.45
86	'BRing-him' -159.794 50.8054 -342.379
87	'Food' -95.6386 44.7334 -364.776
88	'Bring-him' -158.665 50.7273 -340.193
89	'Food' -57.401 44.1437 -364.163
90	'Bring-him' -159.701 50.736 -340.501
91	'Food' -42.1254 41.3449 -353.609
92	'Bring-him' -159.305 50.7743 -340.772
93	'Food' -11.1187 35.9929 -320.377
94	'Bring-him' -158.819 50.7722 -341.098
95	'Food' -111.281 50.4743 -293.662
96	'Bring-him' -160.558 50.745 -341.621
97	'Food' -65.3032 46.0116 -298.884
98	'Bring-him-Heart-completed' -160.339 50.7199 -340.712
99	'Destroy-Roadblock&kill2svanir' 42.1899 116.371 301.52
100	'Dragon-Banner' 25.0373 120.959 302.444
101	'Dragon-Banner' 40.3171 115.874 386.871
102	'Dragon-Banner' -14.7873 141.007 401.694
103	'Dragon-Banner&Kill3Svanir' -38.8129 141.781 433.234
104	'Dragon-Banner' -7.6742 148.192 445.257
105	'Kill-Svanir' -0.597962 150.782 454.218
106	'Dragon-Banner' -15.5008 148.653 464.22
107	'Dragon-Banner' 10.0327 129.623 466.873
108	'Corrupted-Ice' 448.729 88.4565 774.618
109	'Corrupted-Ice' 435.289 87.8884 799.14
110	'Dragon-Banner' 472.927 89.2434 793.333
111	'Dragon-Banner' 472.174 88.8441 784.423
112	'Corrupted-Ice' 501.538 89.8947 784.647
113	'Corrupted-Ice' 493.137 91.3114 769.983
114	'Corrupted-Ice' 501.055 91.1854 726.961
115	'Corrupted-Ice' 513.644 90.0618 714.187
116	'Corrupted-Ice' 537.118 92.5329 740.161
117	'Kill-Elementals' 525.591 89.0129 692.886
118	'Kill-Veteran-Heart-completed' 553.58 92.0125 701.96
119	'Roadblock&Kill2Svanir-again' 41.3264 116.378 303.862
120	'Dragon-Banner-again' 23.1191 121.356 301.941
121	'Dragon-Banner-again' 39.935 115.827 386.691
122	'Dragon-Banner-again' -14.9221 140.876 401.408
123	'Banner&3Svanir-Heart-completed' -38.0657 141.956 431.734
124	'Kill-THe-Icebrood-Elemental-around-here' -190.922 166.492 1143.88
125	'Kill-The-Ice-Elemental' -69.2363 161.422 1116.91
126	'KIll-The-Elemental' -25.2654 158.838 1122.02
127	'Kill-The-Elemental' -18.8763 153.134 1037.15
128	'Kill-Elemental' -10.6097 151.516 999.286
129	'Kill-Elemental' 33.989 146.034 983.942
130	'Kill-Elemental' -24.3331 150.59 905.859
131	'Kill-Elemental-around-these-coord' -53.9987 145.954 972.237
132	'Destroy-Roadblock&Kill-Svanir' -211.743 155.471 1111.03
133	'Kill-Owl-Griffon-around-here' -269.318 133.179 819.872
134	'Kill-Son-of-Svanir-around-here' -227.226 132.831 793.699
135	'Kill-Svanir-around-here' -244.773 151.134 886.243
136	'Kill-Elemental' -68.2491 161.092 1115.94
137	'Kill-Elemental' -10.9692 153.163 1007.04
138	'Kill-Elemental' 18.1636 148.103 989.256
139	'Kill-Elemental' -17.7467 149.335 910.383
140	'Kill-Roadblock&Svanir-Heart-completed' -211.466 155.23 1110.22
141	'kIll-Elemental' -298.923 149.378 1322.62
142	'Kill-Elemental' -284.617 165.205 1393.75
143	'Dragon-Banner' -174.775 230.563 1458.53
144	'Veteran-Elemental' -160.375 243.101 1551.76
145	'Dragon-Banner' -68.0066 274.107 1515.15
146	'Banner' 8.35324 232.361 1451.4
147	'Banner' 60.6579 231.533 1443.88
148	'Banner' 51.1726 231.534 1456.21
149	'Banner' 70.3209 231.414 1404.56
150	'Banner' 65.7295 229.127 1384.9
151	'Dragon-Banner' 48.6569 211.213 1314.2
152	'Kill' 157.779 159.059 1277.39
153	'Kill' 178.302 124.431 1203.88
154	'Kill' 130.581 140.281 1171.5
155	'Kill' 114.367 155.303 1221.12
156	'Kill' 76.6554 174.245 1232.39
157	'Kill' 50.8107 186.369 1247.28
158	'Kill' -11.2684 196.958 1215
159	'Kill' -72.0823 196.366 1203.15
160	'Banner' -90.6305 197.867 1203.61
161	'Banner-Heart-completed' -198.99 206.127 1294.91
162	'Do-the-Heart-manualy' 465.037 154.037 1189.68
163	'play-with-pub' -264.119 130.828 -1150.43
164	'Play-with-cub' -269.037 130.17 -1147.97
165	'Play-with-cub' -270.143 132.952 -1164.66
166	'Play-with-cub' -247.941 132.548 -1166.79
167	'Play-with-cub' -243.284 132.668 -1170.82
168	'Play-with-cub' -241.174 133.269 -1174.45
169	'Transform-into.leopard' -280.765 130.071 -1147.29
170	'Examine-bush&Kill-fast-what-comes-out' -296.309 122.099 -1112.97
171	'investigate-bush&Kill-fast-what-comes-out' -272.965 120.185 -1106.15
172	'Play-again' -261.503 130.81 -1150.02
173	'Play-again' -261.503 130.81 -1150.02
174	'Play-again-Heart-completed' -261.503 130.81 -1150.02
175	'Extra-play-with-cub-if-not-full' -241.91 133.557 -1176.33
176	'Take-snowball&Throw-it-on-a-children' 250.545 31.0413 -192.43
177	'Take-snowball&Throw-it-in-a-children' 278.626 20.9274 -230.53
178	'Take-snowball' 286.686 18.4576 -212.382
179	'Take-snowball' 276.786 18.8065 -204.44
180	'Take-snowball' 283.796 19.1878 -198.178
181	'Snowball&Children' 313.907 20.9421 -191.93
182	'Snowball&Child' 180.334 29.1223 -204.092
183	'Snowball&Children' 169.115 26.6947 -244.605
184	'Snowball&CHildren' 227.774 16.3439 -260.935
185	'Snowball&Children' 239.378 18.8648 -244.126
186	'Snowball&Children' 251.839 31.0833 -194.295
187	'Extra-snowball&Children' 264.669 30.7112 -187.874
188	'Extra-Snowball&Children' 282.913 19.2976 -198.145
189	'Destroy' -422.536 151.637 474.772
190	'Destroy' -482.914 130.114 410.311
191	'Kill' -515.01 132.463 375.92
192	'Kill' -482.309 116.299 472.467
193	'Kill' -457.822 115.803 486.167
194	'Kill' -456.977 116.066 507.7
195	'Kill' -456.795 116.741 524.594
196	'Kill' -476.066 117.286 516.782
197	'Kill' -479.758 120.636 567.995
198	'Kill' -490.818 122.074 575.07
199	'Kill' -450.136 126.103 584.59
200	'Kill' -431.921 130.676 589.943
201	'Kill' -341.403 120.305 704.14
202	'Kill-Heart-completed' -288.871 119.436 685.363
203	'Ore' -198.53 118.194 231.475
204	'Give-it-tohim' -139.332 115.754 263.202
205	'Ore' -148.559 116.31 265.718
206	'GIve' -140.162 115.875 264.557
207	'Trade' -138.381 116.87 281.824
208	'Give-.him-the-traded-item' -139.084 115.91 265.659
209	'Trade' -96.9855 118.462 265.942
210	'GIve-him-purchased-item' -139.101 115.869 265.135
211	'Catch-Rabbit' -152.918 128.606 326.357
212	'Give-rabbit' -128.104 116.583 279.613
213	'Rabbit' -156.382 130.285 346.309
214	'Give-Rabbit' -127.92 116.758 280.757
215	'Trade' -99.6131 118.524 276.392
216	'Give-him-item' -106.886 117.106 264.696
217	'Give-him-all-collected-jotun-stones' -130.718 114.113 251.498
218	'Ore' -191.492 127.041 272.628
219	'Give-him' -139.559 115.826 264.177
220	'Ore' -95.7259 128.203 220.931
221	'GIve-him' -139.157 115.805 264.109
222	'Take-Ore' -149.604 116.457 264.788
223	'Give-him' -139.597 115.84 264.382
224	'If-Heart-is-not-completed-give-him-the-Stones-again' -132.371 113.993 251.518
225	'Take-Keg' 265.299 57.3039 812.722
226	'Give-keg-to-Volden' 272.335 86.5857 896.497
227	'Take-Keg' 244.573 44.0726 826.454
228	'Give-Keg' 270.888 86.5859 897.911
229	'Frozen-Keg' 292.253 58.9613 821.588
230	'Give-him' 270.507 86.5861 897.103
231	'Keg' 280.396 58.9246 832.362
232	'GIve-keg' 269.842 86.5865 896.858
233	'Take-Keg' 231.438 40.2471 822.634
234	'Give-Keg' 271.282 86.5858 896.808
235	'Take-Keg' 331.264 59.874 808.216
236	'Give-Keg' 271.29 86.5857 897.294
237	'Take-Keg' 331.038 59.8495 808.776
238	'Give' 273.778 86.5857 896.731
239	'Take' 328.551 59.7104 813.22
240	'give' 269.154 86.5857 897.435
241	'take' 328.121 59.7351 813.602
242	'give' 269.885 86.5861 897.058
243	'take' 307.393 59.3826 813.484
244	'give' 269.674 86.5916 896.869
245	'take' 232.765 40.3806 822.075
246	'give' 269.646 86.5865 896.739
247	'kill' 241.66 86.4532 850.063
248	'now-kill-all-in-here-heart-completed' 264.333 64.1507 845.945
