1	'PoI1' -92.7399 63.8866 -1631.38
2	'PoI2' 45.6471 15.9461 -1367
3	'PoI3' 122.921 24.3026 -1514.96
4	'PoI4' 568.652 -0.837402 -1017.74
5	'PoI5' 232.171 1.5717 -861.133
6	'PoI6' -255.785 133.436 -1171.48
7	'PoI7' -47.3284 147.924 -760.357
8	'PoI8' -209.771 227.194 -551.39
9	'PoI9' -537.494 153.245 -227.068
10	'PoI10' -53.8811 51.146 -121.388
11	'PoI11' 220.194 29.1291 -135.494
12	'PoI12' 533.892 147.178 -139.136
13	'PoI13' 535.276 73.5147 427.701
14	'PoI14' -185.076 119.079 602.19
15	'PoI15' 529.745 88.8366 712.409
16	'PoI16' 327.146 91.6017 954.964
17	'PoI17' 28.5513 231.724 1464.93
18	'PoI18' 511.261 241.363 1409.04
19	'PoI19' 517.633 187.125 1506.51
20	'PoI20' 602.275 57.5064 -1309.26
