1	'WP1' -282.934 116.84 -759.457
2	'WP2' -48.2907 29.943 -1338.63
3	'WP3' 339.64 3.11667 -1126.22
4	'WP4' 18.6828 48.941 -948.626
5	'WP5' -365.402 186.615 -419.586
6	'WP6' 55.6412 36.182 -249.604
7	'WP7' 404.452 28.9908 -462.618
8	'WP8' 17.6948 97.9887 151.016
9	'WP9' -396.653 114.152 164.934
10	'WP10' 372.085 86.9863 265.336
11	'WP11' 284.698 103.798 640.372
12	'WP12' -231.232 133.957 710.252
13	'WP13' 172.233 103.188 928.794
14	'WP14' -156.774 146.19 1007.62
15	'WP15' -402.374 140.573 1271.85
16	'WP16' 325.868 242.789 1520.55
17	'WP17' 452.45 150.335 1200.94
