1	'' 269.97 16.32 196.2
2	'' -185.69 34.94 -472.14
3	'' -207.33 41.53 994.14
4	'' -567.37 91.89 -898.42
5	'' -581.8 5.15 563.18
6	'' -331.39 63.93 -420.98
7	'' 43.79 1.21 -500.52
8	'' -566.06 86.43 -874.54
9	'' 84.17 22.81 -977.35
10	'' -343.25 38.48 92.49
11	'' -1015.58 147.69 -678.91
12	'' -1028.38 150.8 -844.96
13	'' -318.08 0.94 954.04
14	'' 324.14 84.25 -372.66
15	'' -29.67 75.4 787.61
16	'' 903.72 35.35 -655.73
17	'' -274.48 50.99 -234.84
18	'' -13.28 86.42 953.78
19	'' 611.47 82.54 221.21
20	'' 812.73 19.88 -520.76
21	'' 482.65 82.6 -292.58
22	'' 966.98 28.07 -793.05
23	'' -1013.35 146.36 -616.55
24	'' 683.23 104.42 515.82
25	'' -857.07 0.95 691.69
26	'' -433.51 62.32 610.2
27	'' -447.58 46.49 -352.11
28	'' -684.14 121.01 -760.24
29	'' 195.4 95.77 -347.98
30	'' -64.72 48.32 562.73
31	'' -141.41 8.65 -407.33
32	'' -197.07 76.65 -152.71
33	'' -68.26 78.13 982.68
34	'' 366.15 22.8 -796.06
35	'' 1047.42 84.79 292.08
36	'' 1063.58 92.57 -139.38
37	'' 1123.07 83.12 228.22
38	'' -89.58 22.84 458.34
39	'' 1169.06 30.86 -630.17
40	'' 1201.89 111.2 342.93
41	'' 618.61 0.35 -600.26
42	'' 991.57 41.49 -683.96
43	'' -241.16 47.66 -419.9
44	'' 976.9 181.53 769.76
45	'' 49.47 0.19 -17.75
46	'' -458.3 60.01 -442.61
47	'' -620.02 35.35 250.99
48	'' 931.72 49.98 -422.14
49	'' -183.35 35.02 471.31
50	'' -213.08 40.3 -903.11
51	'' 193.47 9.2 361.66
52	'' -283.67 50.69 -913.38
53	'' 1130.54 155.48 494.33
54	'' -162.74 58.69 700.27
55	'' 1206.35 148.96 442.21
56	'' 1178.94 110.44 332.07
57	'' -396.21 62.9 -407.33
58	'' 1075.17 22.25 -678.43
59	'' 854.73 56.76 -415.79
60	'' 261.59 5.44 246.76
61	'' -241.18 47.85 -418.99
62	'' -298.84 70.97 728.83
63	'' -972.84 25.28 620.74
64	'' -241.7 18.68 916.18
65	'' -824.39 0.3 -119.88
66	'' 991.81 48.02 -421.09
67	'' 239.51 33.68 -969
68	'' 131.9 89.27 847.24
69	'' -744.97 8.83 752.42
70	'' 1088.58 45.26 -530.49
71	'' 140.88 88.8 836.42
72	'' -220.21 46.08 -736.13
73	'' 364.52 77.02 -369.61
74	'' 1082.15 31.23 -576.37
75	'' 901.03 30.18 -697.42
76	'' 483.65 43.88 -856.19
77	'' 87.04 -30.29 -644.32
78	'' -749.83 30.81 -91.89
79	'' 415.42 122.83 906.85
80	'' -945.6 25.42 653.64
81	'' -462.04 62.45 586.44
82	'' -733.37 2.5 -151.71
83	'' -343.47 68.42 529.34
84	'' -381.61 42.16 -134.81
85	'' 695.19 131.52 792.72
86	'' -353.14 49.66 2.14
87	'' -530.45 41.61 692.8
88	'' -116.43 57.77 714.72
89	'' -11.86 45.05 222.78
90	'' 964.63 24.2 -743.35
91	'' -366.95 68.43 665.64
92	'' -530.29 97.69 -730.09
93	'' 452.66 2.12 -515.59
94	'' 1193.48 110.5 332.53
95	'' -352.13 49.47 2.05
96	'' 1206.39 12.71 -760.58
97	'' 1098.21 14.54 -741.91
98	'' -518.79 86.92 -659.73
99	'' -296.45 44.7 -182.19
100	'' -495.94 50.79 -426.72
101	'' 60.95 6.44 479.33
102	'' -431.17 53.85 736.42
103	'' 1030.34 33.32 -681.27
104	'' -760.1 61.65 874.22
105	'' -340.28 84.6 -731.34
106	'' -342.96 73.8 567.58
107	'' -486.74 0.12 357.64
108	'' 1100.19 10.01 -709.23
109	'' 1033.75 83.27 -186.33
110	'' -16.47 77.91 799.53
111	'' -553.16 40.15 662.92
112	'' -876.74 0.29 -175.08
113	'' -379.56 45.65 88.06
114	'' -602.36 0.2 552.75
115	'' 284.93 12.58 -777.73
116	'' -417.74 62.5 654.44
117	'' 1097.99 14.5 -742.05
118	'' 373.78 0.6 -580.23
119	'' -837.82 139.19 -769.04
120	'' 586.83 54.15 327.6
121	'' 875.61 24.87 -660.33
122	'' 1051.4 0.87 -987.6
123	'' -310.21 68.97 574.11
124	'' 425.84 64.14 -300.26
125	'' -390.29 102.31 -839.04
126	'' 354.49 25.09 -905.3
127	'' 805.4 86.37 318.09
128	'' 186.66 27.17 -168.81
129	'' -564 95.79 -768.33
130	'' 362.48 44.05 229.09
131	'' 310.94 71.14 -41.34
132	'' 444.67 64.33 -291.44
133	'' -356.81 41.64 -137.74
134	'' 1166.12 90.41 -209.66
135	'' 349.68 71.03 -191.69
136	'' -547.41 45.7 -130.41
137	'' -350.09 24.09 207.76
138	'' -744.42 11.69 796.32
139	'' -871.2 38.69 4.01
140	'' 650.82 63.17 303.99
141	'' 697.99 1.03 -672.17
142	'' 319.18 0.36 -608.55
143	'' 1161.34 89.81 -195.49
144	'' 786.58 42.86 -407.52
145	'' -346.02 48.6 -234.68
146	'' -508.82 58.93 591.9
147	'' -46.38 59.99 -395.53
148	'' 390.43 31.07 -796.61
149	'' -859.09 0.54 -166.49
150	'' -120.46 26.8 466.31
151	'' -532.43 46.24 -105.86
152	'' 381.27 54.29 274.63
153	'' 223.39 87.28 797.5
154	'' -925.22 16.23 671.58
155	'' -558.6 62.41 -27.76
156	'' -123.69 58.02 956.1
157	'' 128.81 26.54 -278.25
158	'' 492.03 46.8 -929.85
159	'' 125.38 23.44 -964.02
160	'' -651.22 36.95 787.64
161	'' 772.58 31.8 -904.08
162	'' 1137.75 102.83 323.89
163	'' 505.13 -16.75 319.72
164	'' 1241.1 19.59 -744.14
165	'' 902.07 40.45 -609.28
166	'' 353.76 82.22 -343.06
167	'' 503.16 23.62 -738.51
168	'' 995.72 118.64 -100.57
169	'' -593.51 65.54 -465.69
170	'' -378.61 52.85 737.97
171	'' -548.56 85.04 -822.02
172	'' -424.58 42.53 -142.6
173	'' -644.73 44.51 -246.08
174	'' -1014.9 31.21 645.44
175	'' 406.44 0.45 -565.01
176	'' -185.95 33.91 417.84
177	'' 10.76 10.28 -22.34
178	'' 500.44 -11.54 344.33
179	'' -481.71 37.78 -185.91
180	'' -325.92 39.59 -206.05
181	'' 897.4 25.49 -714.87
182	'' 580.33 86.3 245.79
183	'' 982.36 3.51 -999.91
184	'' -978.4 27.22 627.13
185	'' -208.96 44.22 -752.71
186	'' -639.78 74.18 -384.34
187	'' 330.89 35.53 188.42
188	'' -164.4 25.36 -931.7
189	'' 714.41 106.75 529.36
190	'' 620.2 17.26 -863.29
191	'' 944.23 128.31 -126.71
192	'' 279.8 55.05 70.83
193	'' -486.36 44.9 706.46
194	'' -376.7 35.84 -170.47
195	'' 531.07 -9.43 330.17
196	'' 566.75 70.23 682.55
197	'' 1137.98 141.93 437.56
198	'' 788.41 -89.79 -837.36
199	'' -372.46 23.65 353.87
200	'' 37.03 12.64 512.34
201	'' 30.67 8.67 480.64
202	'' 754.53 128.98 639.7
203	'' -899.95 92.37 -339.37
204	'' 671.43 27.39 -368.61
205	'' -248.8 70.78 791.93
206	'' 858.92 73.16 -94.3
207	'' 292.35 66.03 307.79
208	'' 305.5 126.8 918.3
209	'' 399.28 62.88 -336.18
210	'' -694.38 53.07 875.56
211	'' -567.5 2.85 383.85
212	'' -267.37 48.08 -907.86
213	'' 1033.1 1.15 -967.03
214	'' 584.9 88.34 295.53
215	'' 801.61 31.09 -905.29
216	'' 662.39 21.9 -930.94
217	'' -46.1 80.17 976.73
218	'' 224.64 87.24 798.48
219	'' -946.86 24.81 637.42
220	'' 6.55 24.54 -298.27
221	'' 1007.75 115.66 -158.62
222	'' 95.68 0.78 -904.94
223	'' -310.3 58.36 -236.43
224	'' -316.5 81.77 -708.86
225	'' 473.65 41.02 -411.94
226	'' 1093.63 161.67 517.24
227	'' 902.74 0.91 -784.73
228	'' 672.04 0.65 -528.25
229	'' 1133.04 169.88 602
230	'' 1182.74 133.15 416.91
231	'' 1188.08 121.02 384.7
232	'' -967.08 21.52 542.74
233	'' 160.55 86.15 776.48
234	'' 1005.23 45.56 -612.11
235	'' 748.47 27.15 -937.94
236	'' 533.86 22.91 -741.44
237	'' -215.71 39.3 971.27
238	'' 1166.98 227.12 727.84
239	'' -288.61 50.7 -550.69
240	'' 1029.23 85.75 293.21
241	'' -873.11 0.82 -159.61
242	'' -144.1 54.8 691.39
243	'' -531.36 45.46 642.35
244	'' 587.49 53.13 300.72
245	'' 601.22 83.98 230.4
246	'' -213.92 73.1 743.02
247	'' 1067.59 90.71 72.37
248	'' -553.58 98.73 -747.89
249	'' 1018.68 35.93 -668.18
250	'' 533.49 72.63 -281.51
251	'' 626.11 21.34 -910.7
252	'' -168.23 23.78 117.38
253	'' 555.41 -11.52 -593.07
254	'' 1056.37 31.53 -638.09
255	'' 556.48 88.11 67.68
256	'' 192.89 7.33 191.97
257	'' 786.41 104.46 456.8
258	'' 1107.31 79.52 134.42
259	'' 455.32 59.9 12.08
260	'' -149.4 39.61 -254.47
261	'' -146.43 53.8 942.4
262	'' -217.3 74.22 638.95
263	'' 1093.7 161.44 518.19
264	'' -160.71 44.5 585.33
265	'' -903.94 20.19 629.31
266	'' -213.54 31.19 -816.2
267	'' 196.31 96.04 -348.71
268	'' -554.17 93.52 -781.82
269	'' 449.38 59.71 240.49
270	'' -405.38 104.25 -862.7
271	'' 891.43 27.84 -697.45
272	'' 1047.62 197.99 649.78
273	'' 426.54 40.24 -669.28
274	'' -247.87 19.17 188.68
275	'' -222.54 46.96 572.54
276	'' 372.63 47.37 -691.09
277	'' 1201.94 126.82 399.19
278	'' 521.27 63.78 -313.97
279	'' -786.39 128.32 -753.69
280	'' -388.37 42.67 -252.24
281	'' 940.66 0.82 -900.83
282	'' -168.54 62.97 -183.6
283	'' -592.86 0.99 448.35
284	'' -287.54 50.73 -548.93
285	'' 533.64 60.34 35.14
286	'' -878.11 0.4 -167.01
287	'' -368.42 55.18 494.24
288	'' -212.69 54.17 -573.84
289	'' 1070.59 38.3 -550.31
290	'' 736.91 149.02 872.35
291	'' -249.79 2.75 276.95
292	'' 1048.33 84.57 119.87
293	'' -246.59 72.59 610.86
294	'' 525.04 0.52 -673.29
295	'' -753.75 56 836.44
296	'' -520.51 42.31 718.51
297	'' -640.95 37.78 783.46
298	'' 248.44 5.59 -836.06
299	'' 91.99 87.14 875.11
300	'' 129.76 -51 -798.85
301	'' 1094.55 162.18 502.82
302	'' -462.66 51.26 668.91
303	'' 534.83 23.11 -854.74
304	'' -332.6 59.61 -928.05
305	'' 551.98 14.27 295.81
306	'' 989.29 117.11 -169.34
307	'' 486.13 93.72 -128.02
308	'' 958.71 127.49 -136.24
309	'' -949.09 131.05 -839.66
310	'' 1064.58 56.87 -412.65
311	'' -357.23 21.15 247.2
312	'' -607.19 50.36 -186.15
313	'' 472.8 26.54 -798.06
314	'' -659.15 73.34 -323.36
315	'' 1139.82 95.3 -155.04
316	'' 330.37 67.71 316.73
317	'' -336 61.38 -938.42
318	'' -628.13 73.7 -327.1
319	'' 407.79 42.12 -905.04
320	'' -91.71 35.54 -345
321	'' 35.77 90.92 917.48
322	'' 981.45 60 -375.06
323	'' 619.81 30.91 -373.67
324	'' 606.97 2.26 -716.26
325	'' -244.32 52.21 -260.07
326	'' 631.16 69.49 258.87
327	'' -450.55 102.5 -843.59
328	'' 409.33 44.28 -881.3
329	'' 1029.28 31.21 -710.03
330	'' 844.74 131.73 505.93
331	'' -677.78 113.03 -830.28
332	'' 322.54 43.06 118.95
333	'' 1039.3 1.66 -959.25
334	'' 1090.42 20.49 -757.06
335	'' -909.46 130.19 -783.25
336	'' 1089.02 28.24 -633.27
337	'' 86.69 -54.68 -770.09
338	'' 69.56 87.97 908.39
339	'' 1115.15 74.97 198.96
340	'' 802.51 24.36 -497.85
341	'' 1072.71 83.69 109.16
342	'' 782.98 128.73 658.14
343	'' 255.91 81.14 -317.73
344	'' -245.34 70.17 757.97
345	'' -433.91 33.37 -184.46
346	'' -308.03 66.8 -635.27
347	'' -297.06 80.27 -688.07
348	'' 365.42 0.51 -522.17
349	'' -241.16 47.65 -419.97
350	'' -725.39 84.15 -413.9
351	'' 1043.58 78.17 250.57
352	'' 140.49 88.81 837.02
353	'' -352.44 1.49 958.43
354	'' 899.59 52.85 -405.1
355	'' 803.02 6.43 -601.27
356	'' -668.02 115.06 -798.35
357	'' -293.27 3.78 923.69
358	'' -498.3 34.02 -228.66
359	'' 451.21 99.5 811.39
360	'' -216.64 42.72 -760.98
361	'' 148.52 76.56 566.22
362	'' -91.71 35.55 -345.3
363	'' -260.26 33.1 168.8
364	'' -315.41 57.93 -937
365	'' -556.82 39.44 651.18
366	'' -162.95 34.76 435.28
367	'' 604.64 5.61 -477.87
368	'' -611.52 45.76 -277.88
369	'' -337.21 3.42 865.6
370	'' -64.32 74.58 784.64
371	'' 629.42 59.02 358.27
372	'' 820.03 6.18 -668.33
373	'' -771.27 32.57 -48.5
374	'' 1044.71 105.84 -83.31
375	'' -341.39 66.22 745.01
376	'' 942.35 50.53 -442.4
377	'' -599.03 30.71 145.25
378	'' -124.29 44.81 627.36
379	'' -554.83 47.11 -305.72
380	'' -54.45 28.81 -301.79
381	'' -625.36 38.12 800.77
382	'' -806.24 12.89 338.5
383	'' -257.88 68.62 758.97
384	'' -531.05 64.74 -519.8
385	'' -880.22 6.82 702.48
386	'' 262 108.76 -356.9
387	'' 420.81 50.87 -378.84
388	'' 95.4 72.44 522.86
389	'' 121.11 50.07 -24.83
390	'' -427.78 60.88 -422.85
391	'' -418.74 70.29 -620.64
392	'' -732.79 9.92 754.52
393	'' 288.48 10.39 -803.99
394	'' -729.15 0.38 469.64
395	'' 25.3 69.62 658.91
396	'' 457.95 81.37 -219.34
397	'' -461.68 73.79 -841
398	'' -473.66 44.91 -119.34
399	'' 1113.58 184.54 654.87
400	'' -395.35 39.29 -220.34
401	'' 53.71 3.63 -548.75
402	'' 313.94 13.84 -807.84
403	'' 613.12 56.85 326.15
404	'' 433.43 65.32 -285.22
405	'' -872.48 42.6 -25.6
406	'' 787.3 54.71 -111.34
407	'' -944.72 25.42 654.63
408	'' 1023.94 109.39 -81.19
409	'' -548.44 86.57 -660.05
410	'' 948.56 25.42 -801.82
411	'' 469.09 3.72 -625.42
412	'' -252.17 59.81 -184.94
413	'' 910.95 -16.14 -849.29
414	'' -789.88 13.13 328.13
415	'' 492.25 0.5 -567.72
416	'' -346.2 52.47 506.15
417	'' -206.4 38.62 436.46
418	'' -288.94 75.76 612.13
419	'' -548.05 69.38 904.99
420	'' -707.9 57.51 882.46
421	'' 754.91 21.07 -468.14
422	'' 187.34 85.96 -310.15
423	'' -218.47 74.16 637.45
424	'' -1071.51 160.46 -173.49
425	'' -716.35 -9.51 504.29
426	'' 359.25 73.11 -234.47
427	'' 775.87 148.98 902.07
428	'' 884.47 128.61 427.12
429	'' -481.87 42.47 -136.51
430	'' 1060.39 98 -118.06
431	'' -838.74 127.56 -706.16
432	'' -316.12 54.4 -889.33
433	'' 695.64 -59.89 -733.03
434	'' 883.33 74.88 -5.49
435	'' 529.65 -6.73 352.37
436	'' 1050.75 79.26 209.84
437	'' -770.96 28.52 -80.08
438	'' -314.81 57.83 -936.94
439	'' 976.9 181.51 769.82
440	'' -184.11 48.57 600.55
441	'' -407.15 51.71 738.4
442	'' -608.35 100.38 -852.58
443	'' -29.17 30.33 -286.88
444	'' 645.22 22.17 -923.87
445	'' 453.19 59.65 275.36
446	'' 84.79 87.38 893.77
447	'' -73.26 4.9 -524.93
448	'' -510.55 5.41 897.45
449	'' 844.01 14.35 -689.63
450	'' 1100.49 168.83 572.04
451	'' -862.01 0.85 -154.37
452	'' 782.39 38.76 -421.91
453	'' 435.05 51.45 -874.73
454	'' 601.51 24.38 -904.72
455	'' -694.17 25.35 190.59
456	'' -685.6 34.03 809.5
457	'' -294.48 14.54 242.54
458	'' -762.78 146.15 -641.84
459	'' -743.43 63.87 887.02
460	'' -196.21 6.79 380.06
461	'' -320.27 50.52 -16.5
462	'' -939.77 19.4 715.72
463	'' 1035.55 52.22 -374.09
464	'' 791.2 29.97 -893.53
465	'' 1094.76 66.46 -256.23
466	'' 1014.09 25.57 -764.2
467	'' -530.76 64.95 -520.45
468	'' -129.36 49.66 -476.34
469	'' 446.46 84.64 553.72
470	'' -785.22 33.8 164.45
471	'' 597.28 15.69 -768.07
472	'' 428.01 90.17 -147.82
473	'' -344.57 80.57 -713.41
474	'' 896.73 40.12 -600.01
475	'' 622.4 47.94 -316.73
476	'' 448.79 100.3 823.98
477	'' -366.39 57.73 443.31
478	'' -843.36 6.5 749.2
479	'' 59.17 -52.71 -646.82
480	'' 706.67 60.44 -46.45
481	'' 868.38 57.16 -512.56
482	'' -193.82 49.51 -385.73
483	'' -390.36 62.17 680.98
484	'' 1103.89 20.35 -623.49
485	'' 810.46 10.63 -546.83
486	'' 804.94 7.09 -560.89
487	'' -320.34 64.41 764.85
488	'' 993.59 92.47 249.26
489	'' 1104.06 98.16 -123.92
490	'' 1145.53 96.89 -146.15
491	'' 61.67 92.15 934.78
492	'' -410.96 34.32 -206.33
493	'' -4.72 4.78 487.09
494	'' -502.62 81.43 -640.88
495	'' -574.88 46.01 -130.05
496	'' -210.8 39.89 -527.94
497	'' -769.48 8.35 423.76
498	'' 516.14 22.96 -736.48
499	'' -303.79 7.07 863.1
500	'' -328.6 55.22 -877.7
501	'' -895.44 9.46 725.93
502	'' 2.93 23.18 -328.37
503	'' 623.38 18.52 -791.62
504	'' 1156.86 156.14 494.82
505	'' 525.32 52.89 13.2
506	'' -620.29 1.06 464.29
507	'' -264.59 32.35 389.53
508	'' 731.97 113.4 712.19
509	'' 942.4 50.54 -442.78
510	'' 500.41 58.36 27.75
511	'' 612.43 80.56 229.99
512	'' -686.67 -84.85 683.29
513	'' -327.26 28.52 366.33
514	'' -567 64.85 855.45
515	'' 760.75 29.83 -925
516	'' -324.78 30.64 375.62
517	'' -750.98 8.57 754.36
518	'' 310.41 98.79 730.78
519	'' -573.62 81.17 -624.83
520	'' 525.85 18.73 -716.86
521	'' 1092.88 98.68 -120.78
522	'' 862.1 155.34 849.85
523	'' 785.73 73.22 24.85
524	'' 867.16 9.19 -754.8
525	'' 599.69 86.88 381.55
526	'' -109.7 54.96 696.02
527	'' -784.58 88.49 -393
528	'' 590.7 49.69 -318.32
529	'' 440.77 0.65 -521.05
530	'' -141.01 54.81 936.86
531	'' 64.87 2.32 144.06
532	'' 458.72 95.52 -155.41
533	'' 1092.82 25 -609.7
534	'' 1034.59 86.2 100.56
535	'' 737.9 0.88 -870.29
536	'' 1089.35 25.48 -792.1
537	'' 773.78 130.9 635.06
538	'' -461.89 37.03 -200.69
539	'' -395.19 68.97 -650.03
540	'' 529.54 29.57 -424.36
541	'' -818.55 14.7 380.45
542	'' -867.53 0.53 -157.78
543	'' 478.3 49.19 -891.46
544	'' -440.56 67.79 549.54
545	'' 1050.92 94.76 66.89
546	'' -375.88 0.71 939.22
547	'' -474.12 45.17 -118.64
548	'' 1099.11 83.02 242.16
549	'' -262.75 17.68 366.35
550	'' 887.27 102.67 277.22
551	'' 879.16 -102.07 -900.32
552	'' 969.4 33.02 -833.52
553	'' 16.17 91.1 969.13
554	'' 719.4 146.26 848.72
555	'' -755.97 57.27 844.33
556	'' 556.53 -10.44 -628.37
557	'' 922.49 144.18 483.14
558	'' -515.23 43.45 -125.83
559	'' 1065.4 78.54 187.38
560	'' -843.26 2.77 726.4
561	'' -294.59 65.49 -625.85
562	'' 1091.5 84.15 262.01
563	'' -73.57 4.83 -525.66
564	'' -209.54 31.04 401.34
565	'' -618.74 89.99 -919.11
566	'' 566.73 33.81 332.12
567	'' 392.71 128.24 929.07
568	'' 585.67 88.2 297.64
569	'' -555.64 64.46 -510.7
570	'' -318 49.22 520.56
571	'' 496.32 52.86 -9.22
572	'' 1208.35 149.08 440.9
573	'' -571.65 67.74 889.66
574	'' 780.6 30.92 -895.58
575	'' 482.41 64.25 248.72
576	'' 577.97 94.57 297.53
577	'' 598.59 11.41 -446.65
578	'' -456.93 45.64 768.5
579	'' -926.76 54.45 166.1
580	'' -221.22 31.49 -840.69
581	'' -428.27 59.99 -420.26
582	'' 596.25 80.66 458.03
583	'' -299.4 3.91 883.92
584	'' 1116.38 217.66 603.36
585	'' -186.79 31.96 -691.78
586	'' 996.09 29.44 -728
587	'' 155.14 88.14 838.42
588	'' -88.08 66.96 941.74
589	'' -15.9 75.45 772.64
590	'' -510.48 5.44 897.6
591	'' -891.99 8.93 695.13
592	'' -756.34 -0.27 -229.52
593	'' -893.28 -11.43 587.58
594	'' -55.33 -16.47 409.2
595	'' 799.48 124.57 538.82
596	'' 248.1 108.77 -456.81
597	'' -701.88 2.32 430.55
598	'' 229.18 8.95 -922.89
599	'' -104.33 9.48 -430.61
600	'' 969.28 104.16 111.37
601	'' 1102.02 217.42 738.82
602	'' 1078.27 60.43 -461.41
603	'' 603.65 -14.64 -646.72
604	'' 367.29 5.4 -495.1
605	'' -1072.49 153.5 -192.12
606	'' -1047.06 148.19 -680.01
607	'' -608.99 48.68 -227.37
608	'' 434.91 59.34 -1.61
609	'' -526.83 0.54 463.43
610	'' 1097.72 217.24 602.58
611	'' 56.86 0.14 463.53
612	'' 833.23 52.17 -373.4
613	'' -973.33 137.53 -579.03
614	'' 1075.13 90.84 306.84
615	'' 1084.21 62.75 -372.68
616	'' -222.06 66.37 -171.7
617	'' 245.69 57.92 -8.74
618	'' 1142.5 127.59 404.64
619	'' -646.8 -26.35 537.54
620	'' -357.32 95.99 -678.38
621	'' -483.08 37.27 -206.52
622	'' -687.03 99.35 -489.77
623	'' -437.29 27.04 276.97
624	'' 1029.91 23.45 -754.57
625	'' 456.39 100.45 851.2
626	'' 1048.92 106.8 -79.32
627	'' -849.25 82.89 -220.51
628	'' -237.49 61.06 -190.07
629	'' -525.57 39.19 -163.83
630	'' 697.12 54.26 -96.02
631	'' 1238.73 17.5 -759.29
632	'' 806.51 3.61 -676.89
633	'' 169.39 87.14 812.49
634	'' -862.94 0.3 -172.56
635	'' -763.6 -82.23 645.26
636	'' -1014.16 146.71 -790
637	'' -535.09 40.99 695.87
638	'' -82.42 49.83 624.8
639	'' -489.35 2.39 419.24
640	'' 910.88 100.46 -242.5
641	'' -407.81 44.85 -117.07
642	'' -238.52 13.22 211.24
643	'' -1073.47 149.05 -705.62
644	'' -1092.24 149.79 -693.92
645	'' -826.84 124.8 -520.35
646	'' 33.64 -46.85 -773.46
647	'' -997.31 140.64 -832.12
648	'' 537.75 23.93 -487
649	'' -189.35 36.2 431.86
650	'' -116.85 58 715.78
651	'' -518.18 91.76 -682.67
652	'' 1074.09 90.88 306.79
653	'' 585.86 21.28 -856.15
654	'' 1152.72 89.53 -185.52
655	'' 1011.78 116.17 -156.51
656	'' 1132.29 102.69 338.41
657	'' 1085.73 66.32 -250.63
658	'' 898.26 42.14 -564.39
659	'' 630.19 65.23 282.33
660	'' 1214.38 18.16 -772.44
661	'' -339.47 7.86 854.18
662	'' -489.84 78.91 -838.93
663	'' 459.88 63.16 218.67
664	'' -413.48 38.43 792.05
665	'' -557.76 39.13 684.28
666	'' 1206.18 112.53 352.54
667	'' 516.81 42.77 -953.19
668	'' 1115.06 105.69 353.8
669	'' -541.66 10.02 335.28
670	'' 643.54 68.77 265.99
671	'' -417.14 64.69 -837.25
672	'' 509.93 60.85 646.89
673	'' 989.42 119.95 -102.94
674	'' -552.05 53.18 -58.11
675	'' 1161.46 32.75 -734.44
676	'' 838.19 13.32 -679.78
677	'' -470.97 77.24 -617.96
678	'' -508.82 74.6 -587.79
679	'' 564.16 90.65 146.16
680	'' -180.45 61.78 705.41
681	'' 545.3 10.41 -704.74
682	'' -344.86 57.64 -593.04
683	'' 644.89 22.54 -924.73
684	'' 1225.16 12.91 -753.09
685	'' 784.34 82.15 302.34
686	'' 1050.07 79.28 211.04
687	'' -675.34 45.5 -262.78
688	'' -586.17 4.06 584.35
689	'' 1030.76 29.71 -718.61
690	'' 278.35 9.43 -805.77
691	'' -326.37 39.54 -206.12
692	'' -544.7 66.76 870.07
693	'' -877.78 26.61 346.07
694	'' 399.7 86.21 775.37
695	'' -825.96 7.84 771.05
696	'' -298.02 1.67 916.64
697	'' 943.13 127.82 -138.16
698	'' 419.22 46.44 -884.53
699	'' 402.47 61.56 -323.78
700	'' 107.42 17.78 -949.35
701	'' 662.74 5.18 -647.84
702	'' -679.82 38.3 134.4
703	'' -496.95 43.52 721.95
704	'' -393.51 74.07 590.85
705	'' 10.95 1.23 -718.89
706	'' 712.11 26.1 -970.31
707	'' 725.08 20.55 -450.52
708	'' -387.52 42.89 -252.02
709	'' 645.76 74.75 232.71
710	'' 724.49 106.74 523.86
711	'' 986.04 118.35 -172.85
712	'' -303.37 3.97 880.02
713	'' -681.36 54.47 888.92
714	'' -465.28 107.85 -884.04
715	'' 32.89 10.07 499.74
716	'' -391.94 59.82 -863.05
717	'' -758.61 121.42 -716.88
718	'' 870.26 98.79 308.48
719	'' 211.42 34.14 -122.12
720	'' -341.62 79.55 -708.36
721	'' 1141.76 27.99 -614.6
722	'' -568.62 42.08 -193.14
723	'' -754.24 1.61 552.89
724	'' -202 39.24 -535.23
725	'' 471.82 0.25 -555.52
726	'' 399.44 2.08 -577.24
727	'' -472.74 78.78 -647
728	'' 1170.07 228.91 738.05
729	'' -690.14 117.22 -802.1
730	'' -869.64 0.2 -175.91
731	'' -222.95 46.97 -646.03
732	'' -160.96 46.88 971.3
733	'' -467.01 55.4 643.77
734	'' 930.03 141.5 453.4
