1	'Lake' 1035.59 -1.3 -1026.11
2	'River_Fish' 906.14 -1.3 -883.37
3	'River_Fish' 888.33 -1.3 -820.38
4	'River_Fish' 690.47 -1.29 -580.09
5	'River_Fish' 572.25 -1.29 -549.67
6	'Lake' 287.09 -1.29 -619.47
7	'River_Fish' 229.02 -1.29 -678.6
8	'Lake' 59.6 -1.38 -817.19
9	'Lake' 62.99 -1.29 -697.08
10	'Lake' -42.63 -1.39 -554.09
11	'River_Fish' 31.64 -1.29 -417.36
12	'River_Fish' 70.2 -1.29 -262.49
13	'River_Fish' 57.87 -1.3 107.01
14	'River_Fish' 220.19 -1.3 262.02
15	'River_Fish' -35.13 -1.3 447.96
16	'River_Fish' -147.58 -1.3 363.84
17	'River_Fish' -376.72 -1.29 329.37
18	'Lake' -632.15 -1.29 529.56
19	'Lake' -816.64 -1.3 539.21
20	'Lake' -799.3 -1.3 565.65
21	'Lake' -755.18 -1.3 631.45
22	'River_Fish' -541.56 -1.29 788.43
23	'Lake' -399.57 -1.32 857.63
