1	'Take-feed' -881.25 12.0138 449.49
2	'talktoChicken' -872.413 11.9611 449.342
3	'Torch' -915.893 94.0742 -414.342
4	'Torch' -918.043 103.012 -450.316
5	'Take-Feed-Pile' -860.252 12.0558 438.113
6	'GiveittoTheBull' -868.676 12.0495 440.476
7	'Debris' -955.504 93.4004 -295.038
8	'Debris' -945.39 93.7269 -380.257
9	'CHickenFeed' -888.652 13.807 408.214
10	'Chicken' -904.977 13.7371 418.179
11	'Debris' -1000.68 95.5566 -320.762
12	'CHickenFeed' -909.512 13.793 416.417
13	'Chicken' -921.705 15.6354 437.029
14	'Debris' -957.103 93.4039 -293.733
15	'ChickenFeed' -927.647 15.902 432.276
16	'Chicken' -917.883 14.5639 431.211
17	'Barrel' -127.49 7.23705 -863.139
18	'Tunnel' -210.559 43.4823 996.933
19	'Trap' -90.3414 0.300368 -909.829
20	'Clear' -187.563 39.9278 980.985
21	'Trap' -85.718 -0.0170588 -902.013
22	'Clear' -153.537 52.7806 946.289
23	'Trap' -70.9969 0.161027 -911.868
24	'Tunnel' -161.175 49.8862 953.746
25	'Trap' -69.3093 0.000907019 -907.656
26	'Cave' -117.353 60.8796 923.026
27	'Trap' -64.2733 0.0545638 -922.444
28	'Tunnel' -120.677 72.2817 869.558
29	'Trap' -56.2788 0.639858 -907.749
30	'Tunnel' -146.813 79.5132 846.865
31	'Trap' -88.0864 0.348802 -862.004
32	'Cave' -98.1073 64.7605 960.544
33	'Trap' -82.3238 -0.142946 -862.36
34	'Tunnel' -90.9016 65.6703 943.668
35	'Barrel' -149.505 7.59074 -873.271
36	'Barrel' -151.285 7.40762 -892.463
37	'Tunnel' -68.9893 75.8298 976.738
38	'Debris' -1001 95.3566 -318.905
39	'Tunnel' -44.4467 79.7554 971.396
40	'Debris' -945.546 94.2492 -381.806
41	'Cave' -186.02 39.7483 977.087
42	'Debrisa' -904.647 93.9353 -399.714
43	'Cave' -152.865 52.567 946.993
44	'Killnow' -935.43 25.0459 625.126
45	'Killthe2' -960.224 25.9168 647.604
46	'Killhim' -969.163 25.1708 628.833
47	'Killhim' -995.631 28.8846 657.137
48	'Killhim' -1005.57 30.7513 620.382
49	'Soldier' 233.301 79.9646 735.067
50	'Soldier' 294.824 85.9737 788.658
51	'Soldier' 330.541 77.62 827.465
52	'Soldier' 368.517 86.4743 835.157
53	'Soldier' 358.773 90.1761 891.81
54	'Soldier' 150.94 78.0767 677.49
55	'Double-Barrel' -137.215 7.35456 -873.449
56	'Spike' 1081.34 215.612 723.988
57	'Plant' 666.911 15.4226 -916.442
58	'Supplies' 779.883 135.517 818.78
59	'Plant' 653.995 11.0344 -880.817
60	'Kill-Thug' -726.547 5.24552 -174.981
61	'Plant' 629.427 16.4328 -854.343
62	'Kill-Bandit' -682.709 33.1921 -232.79
63	'Plant' 612.631 19.4697 -791.171
64	'Kill-Bandit' -713.507 54.6193 -266.08
65	'Trap' 582.16 18.4967 -791.649
66	'Kill-Bandit' -721.775 58.5654 -288.27
67	'Whetstone' 593.224 6.07271 -742.98
68	'Kill-Bandit' -738.872 62.5821 -291.683
69	'Whetstone' 577.772 0.800352 -697.894
70	'Kill2Bandits' -722.218 77.8191 -373.507
71	'Whetstone' 554.056 -0.172899 -681.93
72	'Kill-2Bandits' -709.459 77.4431 -386.681
73	'Whetstone' 526.187 0.400926 -677.059
74	'Kill-Bandit' -718.123 77.7898 -391.042
75	'Whetstone' 517.112 0.660666 -659.551
76	'Torch' -1115.02 148.163 -200.77
77	'Trap' 494.447 7.10822 -673.943
78	'Debris' -904.391 94.0328 -399.737
79	'Trap' 482.159 23.1403 -735.733
80	'Debris' -1109.48 146.97 -212.19
81	'Mortar-Shell' 480.684 24.5336 -761.601
82	'Kill2-Bandits' -761.839 90.7011 -393.864
83	'Kill-Prison' -766.197 90.6237 -385.838
84	'KillBandit' -747.729 90.331 -374.422
85	'Kill_leader' -714.161 97.519 -417.124
86	'Mortar-Shell' 459.946 27.4953 -730.208
87	'This-Heart-is-without-coords' 984.462 55.7857 -560.697
88	'Tunnel' -91.6578 65.4463 943.853
89	'Spike' 1139.29 218.327 686.013
90	'Tunnel' -44.1772 79.7883 971.149
91	'Spike' 1025.16 203.543 707.837
92	'Tunnel' -67.4306 76.3397 977.431
93	'Spike' 1086.07 190.665 671.736
94	'Tunnel' -147.088 79.4711 847.173
95	'Tunnel' -121.307 72.109 867.664
96	'Spike' 1088.44 217.013 619.482
97	'Cave' -117.346 60.886 923.028
98	'Spike' 1137.27 229.448 678.683
99	'Cave' -148.208 53.5439 943.902
100	'Spike' 1168.89 235.974 721.738
101	'Cave' -140.546 52.6361 960.979
102	'Spike' 1167.01 227.659 731.754
103	'Cave' -100.555 63.3772 960.353
104	'Plant' 630.552 26.2697 -929.924
105	'Tunnel' -160.317 50.6806 952.255
106	'Trap' 507.202 22.1204 -775.661
107	'Trap' -90.97 0.09 -871.56
108	'barrel' -168.42 16.84 -846.83
109	'Trap' 579.887 18.3011 -790.51
110	'Take-torch' 630.539 98.2509 404.011
111	'Supplies' 652.161 87.1006 367.585
112	'Supplies' 675.514 87.6497 372.703
113	'Supplies' 713.459 90.5246 328.073
114	'Supplies' 657.838 87.1586 332.625
115	'Plant' 613.086 19.2584 -790.024
116	'Supplpies' 664.387 87.1747 312.691
117	'Extra-Plant' 718.305 12.9617 -913.329
118	'Explosives' 646.845 62.9214 302.537
119	'Extra-Plant' 719.33 21.1045 -946.844
120	'Explosives' 629.56 68.2725 268.937
121	'Explosives' 621.256 80.0727 220.441
122	'Explosives' 582.79 86.3534 231.112
123	'Extra-Plant' 748.255 0.813525 -876.115
124	'Explosives' 591.402 88.496 276.57
125	'Supplies' 620.703 88.2941 308.815
126	'Supplies' 621.646 88.5673 325.895
127	'Extra-Stone' 694.014 0.249181 -858.033
128	'Slave' 614.194 56.8478 323.585
129	'Slave' 635.09 58.4708 357.746
130	'Talk-slave' 661.281 87.176 327.274
131	'Slave' 653.761 76.3356 309.411
132	'Supplies' 550.394 99.4064 330.581
133	'Slave&supplies' 571.206 99.4114 349.473
134	'Slave' 580.115 88.0452 269.274
135	'Slave' 584.354 88.0956 306.992
136	'barrel' -165.52 16.84 -853.96
137	'barrel' -173.87 23.04 -820.94
138	'kill-Harathis' -1040.18 62.32 610.19
139	'ChickenFeed' -880.652 11.9851 450.816
140	'Chicken' -868.99 11.9701 443.528
141	'FeedPile' -859.722 12.0405 438.613
142	'BUlkl' -872.331 11.9793 443.735
143	'ChickenFeed' -888.069 13.8048 408.064
144	'CHicken' -906.533 13.7234 420.847
145	'ChickenFeed' -909.392 13.7913 416.398
146	'CHicken' -918.561 14.7859 431.834
147	'CHickenFeed' -927.442 15.8658 432.248
148	'Chicken' -983.72 38.9409 468.306
149	'ChickenFeed' -993.854 40.1959 472.335
150	'CHicken' -989.974 38.9409 464.85
151	'Extra-Stone' 711.984 0.0292553 -868.389
152	'Givehim-Plants-and-the-stones-then-Heart-completed' 804.86 31.271 -926.675
153	'Soldier' 20.3258 71.2137 642.783
154	'Soldier' 28.6527 69.4185 545.015
155	'Soldier' 231.557 80.2999 622.555
156	'Soldier' 186.382 60.7569 595.582
157	'Soldier' 118.745 72.8221 565.233
158	'Soldier' 112.15 85.2778 655.743
159	'Rockslide' -179.03 24.28 -821.17
160	'Rockslide' -172.22 17.69 -853.61
161	'' -916.167 94.0711 -414.417
162	'Torch' -916.977 102.983 -451.077
163	'Kill-Angry-Spirit' -935.751 141.177 -484.55821
164	'Rockslide-Heart-completed' -146.45 6.99794 -904.703
165	'Investigate&kill' -1093.89 144.63 -231.857
166	'Investigate' -1111.11 144.033 -233.726
167	'WeaponRack' 78.5939 86.6099 686.328
168	'Spike' 821.462 150.489 855.748
169	'Free-Prisoner' 836.926 153.286 872.911
170	'Slave' 166.152 50.1251 -44.024
171	'Slave' 148.993 50.4341 -34.2888
172	'Slave' 135.108 47.5378 -49.9226
173	'DogDish' 102.698 47.5963 -38.488
174	'Weaponrack' 903.599 190.377 875.161
175	'Spike' 766.412 138.601 847.207
176	'Kill-Angry-SPirit' -1116.83 153.989 -169.449
177	'Torch' -1014 100.28 -328.324
178	'Debris' -1031.63 133.846 -280.738
179	'Torch' -1043.67 134.027 -277.231
180	'Kill-Robber' -1065.54 141.405 -264.942
181	'Kill-Angry-Spirit' -1014.06 137.3 -265.614
182	'Torch' -1060.02 147.793 -221.813
183	'Torch' -1081.02 145.493 -228.817
184	'Weapon-Rack' 774.408 138.854 847.497
185	'Supplies' 869.35 153.064 795.525
186	'WeaponRack' 823.133 136.361 765.969
187	'Spike' 954.951 178.742 854.452
188	'Kill-4-banditsagain' -721.803 78.0183 -375.757
189	'Kill-Bandits-and&prison' -754.91 90.6165 -396.806
190	'Kill-Heart-completed' -936.431 25.1 623.422
191	'WeaponRack' 157.605 77.2816 684.954
192	'Torch-Heart-completed' -1013.08 99.6662 -328.77
193	'GIve-Him-the-Badges-Heart-completed' -17.4761 71.8634 751.301
194	'Supplies' 886.071 190.438 865.553
195	'Weaponrack' 1048.74 191.354 884.455
196	'Spike' 1071.14 197.42 889.888
197	'Supplies' 1085.37 202.212 836.814
198	'Dog-dish' 220.459 53.5446 -88.3589
199	'Dogdish+supplies' 217.256 51.3344 -70.3492
200	'Slave' 199.021 50.8626 -70.2817
201	'DogDish' 170.76 49.6599 -44.3346
202	'Supplies' 105.678 47.5962 -30.5653
203	'Slave' 100.058 47.5952 -25.3302
204	'Supplies' 97.1449 44.0178 -47.9025
205	'Supplies' 79.634 43.5426 -45.392
206	'Slave' 79.9351 42.0465 -60.9362
207	'Slave' 228.727 52.6061 -72.6081
208	'Supplies' 138.978 48.4701 -46.5499
209	'DogDish' 125.844 51.3143 -30.8454
210	'Slave' 104.26 45.9029 -44.6921
211	'Give-her-badges-Heart-completed' 623.82 97.3647 731.317
212	'DOgDish' 96.28 37.1989 -106.439
213	'DogDish-Heart' 93.2954 37.581 -94.7152
214	'Extra-Slave' 109.122 35.3591 -102.604
215	'Extra-Slave' 215.247 53.3166 -94.7382
216	'kill' 655.51 117.76 718.84
217	'kill' 726.16 122.99 641.5
218	'kill' 730.94 163.26 937.22
219	'tunnel' -118.28 72.75 866.32
220	'tunnel' -146.74 79.68 846.36
221	'cave-in' -117.35 60.89 923.03
222	'tunnel' -161.89 50.51 952.31
223	'tunnel' -207.63 42.46 997.5
224	'debris' -1031.57 133.91 -279.86
225	'debris' -947.66 92.41 -379.39
226	'kill' -938.57 102.83 -337.98
227	'kill' 625.03 57.71 327.58
228	'kill' 631.5 98.17 406.6
