1	'PoI1' -1043.88 151.224 -845.385
2	'PoI2' -1085.11 152.598 -190.757
3	'PoI3' -624.06 23.2651 198.762
4	'PoI4' -356.07 22.1781 222.889
5	'PoI5' -134.252 42.7724 -63.067
6	'PoI6' -128.769 33.1645 -408.417
7	'PoI7' 213.084 112.286 -436.602
8	'PoI8' 380.795 67.6026 -345.194
9	'PoI9' 389.729 33.6635 -703.437
10	'PoI10' 875.25 -62.8312 -887.983
11	'PoI11' 588.636 53.2259 315.668
12	'PoI12' 435.978 77.8952 494.254
13	'PoI13' 1125.79 216.222 696.558
14	'PoI14' 709.29 105.305 689.983
15	'PoI15' 346.713 79.9037 830.649