1	'WP1' -427.637 97.9857 -727.453
2	'WP2' -87.5763 0.618954 -924.871
3	'WP3' 558.95 35.2523 -938.384
4	'WP4' 978.187 56.5514 -519.567
5	'WP5' 599.739 53.0085 -26.3344
6	'WP6' 798.633 136.649 817.948
7	'WP7' 215.747 78.5544 638.123
8	'WP8' -138.548 78.5969 843.519
9	'WP9' -271.149 41.0971 476.091
10	'WP10' 27.646 54.8491 345.972
11	'WP11' 88.8986 4.43685 -143.443
12	'WP12' -634.604 47.9167 -77.1957
13	'WP13' -928.393 95.2891 -281.007
14	'WP14' -880.597 21.3611 500.891
15	'WP15' -933.945 47.0323 842.447
