1	'Round1_1/36' -940.984 50.3958 -221.664
2	'Round1_2/36' -986.588 50.3465 -190.545
3	'Round1_3/36' -1012.05 52.608 -228.885
4	'Round1_4/36' -1046.4 42.7598 -256.151
5	'Round1_5/36' -1056.14 27.8272 -248.074
6	'Round1_6/36' -1019.47 11.0241 -246.425
7	'Round1_7/36' -964.398 11.4781 -253.313
8	'Round1_8/36' -930.596 24.1589 -368.733
9	'Round1_9/36' -866.639 37.0915 -417.24
10	'Round1_10/36' -851.586 53.4977 -390.884
11	'Round1_11/36' -853.711 58.1695 -323.692
12	'Round1_12/36' -896.161 62.1725 -267.622
13	'Round1_13/36' -977.558 55.528 -270.359
14	'Round1_14/36' -1027.46 76.3855 -289.39
15	'Round1_15/36' -992.496 69.1409 -333.468
16	'Round1_16/36' -928.636 69.2423 -292.337
17	'Round1_17/36' -890.699 69.2426 -374.075
18	'Round1_18/36' -922.925 66.2538 -431.368
19	'Round1_19/36' -980.806 37.0915 -417.536
20	'Round1_2/36' -1052.26 56.499 -425.437
21	'Round1_21/36' -1079.76 105.284 -354.263
22	'Round1_22/36' -1068.25 105.284 -340.777
23	'Round1_23/36' -1091.17 105.284 -340.459
24	'Round1_24/36' -1079.34 105.295 -329.666
25	'Round1_25/36' -1140.46 42.1759 -237.303
26	'Round1_26/36' -1158.72 57.5824 -312.533
27	'Round1_27/36' -1190.18 48.335 -360.132
28	'Round1_28/36' -1200.92 25.3991 -365.303
29	'Round1_29/36' -1205.53 25.3805 -365.712
30	'Round1_30/36' -1209.9 25.3615 -366.153
31	'Round1_31/36' -1271.67 39.7121 -394.33
32	'Round1_32/36' -1366.89 1.22802 -392.805
33	'Round1_33/36' -1298.44 39.946 -304.485
34	'Round1_34/36' -1238.18 39.9336 -303.435
35	'Round1_35/36' -1269.18 18.8052 -270.764
36	'Round1_36/36' -1158.36 10.5813 -255.189
37	'Round2_1/37' -1067.86 10.7593 -204.652
38	'Round2_2/37' -978.538 10.757 -149.712
39	'Round2_3/37' -958.201 10.789 -182.851
40	'Round2_4/37' -968.371 10.7706 -217.374
41	'Round2_5/37' -973.001 14.6057 -211.371
42	'Round2_6/37' -972.892 19.2658 -211.413
43	'Round2_7/37' -972.735 24.0258 -211.474
44	'Round2_8/37' -971.726 38.2344 -201.613
45	'Round2_9/37' -1015.2 69.6281 -162.322
46	'Round2_10/37' -1051.15 50.9715 -198.955
47	'Round2_11/37' -1100.88 53.3461 -198.658
48	'Round2_12/37' -1124.87 50.6893 -130.276
49	'Round2_13/37' -1124.53 53.3952 -118.208
50	'Round2_14/37' -1124.05 50.6893 -106.549
51	'Round2_15/37' -1013.82 68.0702 -75.8306
52	'Round2_16/37' -1023.92 54.2674 -116.429
53	'Round2_17/37' -975.622 10.866 -48.78
54	'Round2_18/37' -994.234 20.7935 75.6976
55	'Round2_19/37' -1023.96 52.5514 27.2619
56	'Round2_20/37' -1104.39 82.4238 1.04851
57	'Round2_21/37' -1112.42 82.4001 12.9019
58	'Round2_22/37' -1096.97 82.3988 15.0154
59	'Round2_23/37' -1203.93 43.459 -45.285
60	'Round2_24/37' -1199.14 45.1374 15.9026
61	'Round2_25/37' -1199.48 44.2932 75.6718
62	'Round2_26/37' -1165.4 69.0152 51.2727
63	'Round2_27/37' -1165.11 68.9977 38.443
64	'Round2_28/37' -1054.67 96.888 102.468
65	'Round2_29/37' -1011.04 103.114 141.642
66	'Round2_30/37' -987.634 116.397 183.778
67	'Round2_31/37' -987.691 116.397 188.684
68	'Round2_32/37' -988.564 116.397 200.88
69	'Round2_33/37' -989.161 116.396 206.715
70	'Round2_34/37' -985.192 138.29 197.468
71	'Round2_35/37' -1124.51 107.654 45.1168
72	'Round2_36/37' -1077.81 114.905 -110.852
73	'Round2_37/37' -1062.77 114.905 -125.594
74	'Round3_1/36' -1258.18 1.69338 -119.622
75	'Round3_2/36' -1294.64 0.856045 -88.7417
76	'Round3_3/36' -1299.6 1.69339 -121.634
77	'Round3_4/36' -1342.45 1.69339 -115.685
78	'Round3_5/36' -1367.31 1.69339 -114.278
79	'Round3_6/36' -1388.66 1.69339 -115.352
80	'Round3_7/36' -1417.84 1.69339 -114.774
81	'Round3_8/36' -1434.84 20.5512 -63.1786
82	'Round3_9/36' -1408.96 22.1966 -1.91173
83	'Round3_10/36' -1411.29 3.70624 48.9793
84	'Round3_11/36' -1387.69 0.436583 -56.7183
85	'Round3_12/36' -1305.87 2.46063 -25.8609
86	'Round3_13/36' -1328.31 16.7223 -20.3783
87	'Round3_14/36' -1300.77 19.4568 -1.81588
88	'Round3_15/36' -1301.65 28.0684 79.2449
89	'Round3_16/36' -1282.43 28.0181 79.9383
90	'Round3_17/36' -1404.07 45.2245 109.561
91	'Round3_18/36' -1382.96 59.3986 197.65
92	'Round3_19/36' -1356.49 71.1809 192.499
93	'Round3_20/36' -1352.08 71.6774 193.121
94	'Round3_21/36' -1345.33 72.2551 192.218
95	'Round3_22/36' -1285.59 71.9764 156.049
96	'Round3_23/36' -1265.92 68.4402 192.941
97	'Round3_24/36' -1276.26 73.0062 231.889
98	'Round3_25/36' -1276.04 74.137 238.521
99	'Round3_26/36' -1282.18 69.1426 268.185
100	'Round3_27/36' -1321.25 84.6455 308.01
101	'Round3_28/36' -1223.7 57.4341 298.279
102	'Round3_29/36' -1218.09 65.405 258.096
103	'Round3_30/36' -1137.26 74.6745 312.181
104	'Round3_31/36' -1155.75 82.897 282.997
105	'Round3_32/36' -1142.46 64.1835 249.666
106	'Round3_33/36' -1186.75 59.1824 202.395
107	'Round3_34/36' -1147.86 54.5125 200.727
108	'Round3_35/36' -1180.29 61.4444 248.315
109	'Round3_36/36' -1214.46 62.9098 165.583
