1	'chest' 526.939 28.0763 -661.274
2	'chest' 392.185 92.2646 -661.805
3	'chest' 269.913 63.7922 -713.787
4	'chest' -1105.66 82.3953 26.4051
5	'chest' -987.669 116.404 196.267
6	'chest' -986.289 116.398 196.957
7	'chest' -1619.83 27.9484 605.543
8	'chest' -1368.44 170.757 583.087
9	'chest' -1343.65 205.685 615.218
10	'chest' -1170.63 219.506 631.787
11	'chest' -1067.68 311.284 729.276
12	'chest' -1030.2 207.594 599.602
13	'chest' -887.643 52.3467 749.971
14	'chest' 32.3397 158.439 768.986
15	'chest' -1207.37 40.8973 606.535
16	'chest' 36.8344 129.919 792.755
17	'chest' 1141.02 229.305 731.463
18	'chest' 1526.65 342.581 560.074
19	'chest' 1485.92 472.009 583.984
20	'chest' 1609.73 211.877 -387.357
21	'chest' 1800.51 200.739 -568.562
22	'chest' 1679.66 198.089 -606.236
23	'chest' 1243.56 115.446 -289.516
24	'chest' 937.879 185.585 193.545
25	'chest' 211.404 104.801 297.871
26	'chest' 267.979 113.481 -86.2937
27	'chest' 766.652 25.0936 -578.548
28	'chest' 931.087 236.735 -680.3
29	'chest' 926.773 236.612 -695.215
30	'chest' 927.61 235.278 -665.087
31	'chest' 914.188 151.037 -515.833
32	'chest' 1052.05 187.846 -449.278
33	'chest' -1432.19 41.1818 -603.971
34	'chest' -1462.55 36.9703 -786.06
35	'chest' -1521.02 43.5083 -564.131
