1	'Fly' -979.642 5.59114 442.554
2	'Fly' -971.98 3.62622 463.676
3	'Fly' -940.375 20.8064 450.7
4	'Fly' -937.731 20.144 471.521
5	'Fly' -954.655 19.2147 507.138
6	'Fly' -980.671 21.4239 561.859
7	'Fly' -1022.38 22.3059 529.1
8	'Fly' -997.014 22.3469 553.98
9	'Fly' -1035.45 23.9058 502.194
10	'Fly' -1050.09 18.911 476.907
11	'Fly' -1058.25 19.0203 451.024
12	'Fly' -1040.94 13.0435 465.399
13	'Fly' -1049.5 8.23478 435.583
14	'Fly' -1048.09 19.5203 423.248
15	'Fly' -1020.7 18.0249 398.037
16	'Fly' -982.197 17.2869 403.295
17	'Fly' -912.795 13.8439 390.647
18	'Fly' -842.72 15.4092 459.404
19	'Fly' -870.233 14.5118 526.749
20	'Fly' -939.34 25.1971 578.133
21	'Fly' -958.304 21.0074 580.203
22	'Fly' -1020.89 28.9935 498.309
23	'AFKSpotforHeartCompletion' -996.102 22.3462 553.792
