1	'start-point' 119.842 36.0331 48.258
2	'Meet-Traffa' 156.463 38.0139 13.3314
3	'Destroyed-Golem-activate' 116.866 36.1233 78.9642
4	'point1' 85.7541 27.7296 71.878
5	'p2' 60.8021 28.9443 63.3233
6	'p3' 85.2339 27.7265 85.2123
7	'p4' 96.078 27.7809 108.028
8	'p5' 105.098 27.7264 127.086
9	'p6' 158.635 27.7264 128.885
10	'p7' 210.689 27.7309 90.4395
11	'p8' 190.984 27.7265 75.2955
12	'p9' 149.247 27.7264 18.6691
13	'activate-Morgan' -14.8499 25.5239 134.604
14	'kill-Morgan-with-invisible' -34.9828 24.2489 139.061
15	'activate-victoria' 67.4419 32.6883 226.739
16	'Kill-Victoria' 89.2738 32.4526 227.768
17	'Frost-Point' -291.578 -1.13201 265.477
