1	'Point1-to-start' 136.792 35.4598 49.6407
2	'Guest1' 139.077 35.6615 61.6963
3	'Guest2' 117.709 36.0998 82.6871
4	'Guest3' 107.834 35.3947 58.392
5	'Guest4' 115.36 35.7458 41.3523
6	'Guest5' 126.264 29.4883 19.1084
7	'Guest6' 85.3695 29.707 43.5583
8	'Guest7' 79.1225 29.5955 40.3374
9	'Guest8' 58.9834 29.3929 50.4102
10	'startfirstboss' 131.91 36.036 50.7967
11	'safespot-firstboss-sniperpoint' 119.429 37.823 33.1492
12	'nextspot-andkil-champ-activate-buttonafter' 119.704 27.7264 143.449
13	'nextspot-andkill' 165.61 28.0195 230.315
14	'killall-use-water-after' 178.549 37.4006 273.186
15	'killall' 295.205 51.1474 350.887
16	'kill-all-END' 307.725 46.1502 199.618
