1	'Heart1' -397.392 49.0575 -955.823
2	'Heart2' -113.549 46.2777 -978.222
3	'Heart3' 7.13164 38.858 -1064.98
4	'Heart4' 379.915 8.99601 -1156.86
5	'Heart5' 506.673 56.9456 -905.022
6	'Heart6' 197.904 4.11065 -807.57
7	'Heart7' -484.464 31.452 -600.949
8	'Heart8' -129.299 27.4489 -262.271
9	'Heart9' 626.014 6.74431 -679.666
10	'Heart10' 382.122 39.8116 -352.75
11	'Heart11' 79.0458 0.269607 44.4534
12	'Heart12' 662.472 38.8556 73.8067
13	'Heart13' 72.9685 22.8312 645.732
14	'Heart14' -347.14 27.9324 477.352
15	'Heart15' -359.022 22.8047 852.559
16	'Heart16' 518.517 41.2133 799.633
