1	'Kill-Haywire-Golem-aroundhere' -342.437 35.7081 -874.494
2	'activategolem-jusing-always-option1' -325.885 34.4029 -898.733
3	'Talk&killhim' -452.584 10.5227 -476.088
4	'Talk&killhim' -449.685 10.7833 -439.347
5	'GatePiece' 613.913 60.8828 -827.845
6	'GatePiece' 654.128 41.5938 -843.853
7	'GatePiece' 670.331 37.0932 -844.877
8	'Monitor&Kill' -84.2422 30.6478 -220.273
9	'Subject' -92.8201 30.9958 -216.73
10	'Subject' -85.4464 29.9856 -207.847
11	'Distortion' 165.468 18.9077 728.747
12	'Distortion&Kill' 147.666 19.8075 754.226
13	'Collect' -191.498 0.287252 222.733
14	'Collect' -231.311 0.0955666 178.674
15	'Subject' -42.5728 29.5472 -197.348
16	'Subject' -31.2645 30.0557 -196.105
17	'Monitor&kill' -119.56 31.5181 -212.451
18	'Generator' 88.7025 44.5528 -1136.08
19	'Container&Kill' 393.902 37.9963 -372.392
20	'Container&Kill' 340.26 35.0766 -266.36
21	'GatePiece' 687.777 37.2345 -854.898
22	'GatePiece' 696.884 36.5792 -850
23	'GatePiece' 713.772 34.6734 -831.99
24	'GatePiece' 745.057 36.7182 -803.139
25	'Poke&kill' 347.534 37.4504 -753.669
26	'Poke&Kill' 357.814 43.7584 -796.342
27	'Bed' 178.412 -0.755202 -869.956
28	'Bed' 153.492 -2.64189 -867.711
29	'Kill' -551.996 29.4198 -615.213
30	'Kill' -579.556 27.6441 -625.433
31	'DataCrystal' -613.749 26.8759 -503.455
32	'DataCrystal' -641.388 26.8755 -504.208
33	'KillGolem-around-here' -329.37 38.5664 -941.828
34	'activategolem' -358.19 42.505 -927.24
35	'DataCrystal' -637.788 26.8768 -466.192
36	'DataCrystal' -610.167 26.8789 -456.139
37	'Pod' -635.58 26.8756 -451.207
38	'Pod' -636.405 26.8764 -439.37
39	'KilltheRunningone' -602.501 26.8901 -616.25
40	'KillrunningGolem' -622.235 27.4105 -570.442
41	'DangerSign' -628.63 27.6425 -560.092
42	'DataCrystal' -610.694 26.8773 -425.413
43	'DataCrystal' -693.304 26.8755 -425.295
44	'activategolem' -294.506 34.6784 -915.957
45	'Kill-Golem-around-here' -281.493 35.4825 -947.854
46	'Bed' 137.865 -1.73086 -864.622
47	'Bed' 118.741 -0.864833 -844.459
48	'GatePiece' 669.889 40.9503 -821.81
49	'GatePieces' 622.632 8.93151 -692.622
50	'GatePieces' 745.088 49.925 -693.882
51	'Killooze' 330.436 36.4274 -287.017
52	'KilRedOOze' 294.879 24.7712 -270.978
53	'Container' 276.407 26.6098 -258.217
54	'Talk-to-Subject' -119.563 31.6546 -199.621
55	'Talk-to-Subject' -127.077 31.9401 -193.274
56	'GatePiece' 735.69 43.1647 -741.768
57	'KillSkritt' 619.348 60.2445 -825.584
58	'Kill2Skritsaroundhere' 555.924 54.9546 -701.745
59	'Kill2Skritts-around-here' 602.811 59.6572 -719.476
60	'Gate-Pice' 603.026 62.571 -799.337
61	'Poke&kill' 359.209 42.4098 -812.07
62	'Poke&Kill' 396.815 44.118 -783.666
63	'Ampoule&kill' 105.507 -0.0189451 -831.345
64	'Generator' 61.1114 46.9709 -1136.45
65	'Generator' 67.2698 46.9709 -1126.58
66	'UseDevice&kill' -148.636 47.3994 -922.946
67	'UseDevice&kill' -149.708 45.0949 -956.77
68	'Container' 256.695 28.8285 -275.686
69	'Ooze' 235.338 24.051 -258.874
70	'Collect' -269.767 0.301382 173.152
71	'Collect' -266.28 0.289568 76.5894
72	'Collect' -201.83 0.61966 81.7584
73	'Distortion&KIll' 121.718 19.211 749.243
74	'Distortion&KIll' 79.9088 17.7489 771.496
75	'Distortion&Kill' 194.725 22.5574 747.832
76	'Shard' -457.318 30.2418 935.282
77	'Shard' -487.429 30.2203 954.137
78	'Shard' -436.353 30.7849 874.585
79	'Shard' -503.036 30.3055 850.318
80	'Shard' -537.521 30.4349 848.648
81	'Shard' -335.469 22.2669 975.928
82	'Tower' 185.104 19.5045 740.834
83	'Tower' 187.728 21.4185 707.991
84	'Kill' -193.355 0.58812 57.7373
85	'Kill' -212.664 -0.577313 27.446
86	'Subject' -19.311 29.9571 -189.526
87	'Subject' -17.958 29.616 -177.014
88	'GatePiece' 763.682 50.3939 -724.194
89	'Poke&kill' 440.393 48.7992 -816.103
90	'Poke&Kill' 451.276 45.4601 -854.394
91	'Bed' 85.8586 -0.206862 -831.026
92	'DataCrystal' -646.318 26.8755 -387.468
93	'DataCrystal' -649.457 28.3874 -357.988
94	'DataCrystal' -603.958 26.8759 -357.845
95	'activategolemn' -261.034 35.2504 -948.144
96	'activategolem' -262.998 34.9734 -994.52
97	'activategolem' -274.376 36.0508 -1056.64
98	'killgate' -525.777 30.0482 -619.786
99	'activateDangerSign' -585.657 27.3803 -621.761
100	'DataCrystal' -599.594 26.8755 -387.894
101	'ResearchPod' -613.451 27.7 -461.028
102	'Ampoule&kill' 90.5094 0.393278 -749.573
103	'Ampoule&kill' 136.885 1.78685 -729.329
104	'Ampoule&kill' 117.738 0.857769 -762
105	'KillSkritt' 602.971 63.3522 -783.406
106	'GatePiece' 754.888 43.3664 -756.268
107	'GatePiece' 752.679 40.4312 -784.218
108	'Subject' -93.8543 31.1581 -217.753
109	'Ooze' 285.883 8.7066 -220.365
110	'Gate-Piece' 605.003 62.4807 -814.68
111	'Poke&Kill' 485.785 54.0105 -850.179
112	'Talk-to-him-to-get-golem' 382.695 8.87088 -1155.92
113	'Distortion' 404.292 3.08667 -1165.85
114	'Distortion' 400.608 0.875006 -1189.18
115	'Distortion' 426.137 0.282483 -1186.62
116	'Scrap80' 430.444 0.0176467 -1192.13
117	'Distortion' 413.105 0.481803 -1194.79
118	'Distortion' 417.029 0.244887 -1210.22
119	'Scrap80' 415.315 0.511697 -1214.94
120	'Distortion' 429.303 0.322637 -1207.83
121	'Distortion&Scrap80' 444.558 0.419283 -1203.25
122	'Distortion' 445.456 0.186635 -1214.53
123	'Distortion&Scrap80' 448.457 0.408657 -1215.86
124	'TakeGun' 83.2385 0.239964 49.5449
125	'Kill' 76.1786 0.741466 114.162
126	'Collect' 64.8416 0.473454 193.98
127	'Collect' -0.845376 0.248123 216.123
128	'Collect' -24.1932 1.05795 184.736
129	'Kill' -138.82 0.267891 101.577
130	'Kill&Collect' -131.512 0.1388 191.876
131	'Kill' -155.664 -1.00671 204.121
132	'Kill' -174.775 -0.761549 202.041
133	'Give-him-collected-items' 78.1967 0.21521 45.8717
134	'activategolemagain' -264.391 35.1978 -996.183
135	'activategolemagain' -259.632 35.4433 -952.798
136	'activategolemagain' -293.691 34.5975 -917.827
137	'activategolem-heartcompleted' -375.722 36.1329 -844.886
138	'Activatedangersign' -522.711 30.173 -617.777
139	'UseDevice&kill' -121.202 44.3602 -1004.69
140	'UseDevice&kill' -116.502 41.1752 -1023.97
141	'UseDevice&kill' -92.4907 44.4241 -1006.47
142	'KillResearchPod' -636.75 26.8756 -462.077
143	'KillGateagainifspawned' -530.987 29.6432 -624.447
144	'GivehimCrystals' -483.516 31.5618 -601.859
145	'KillSpark' 71.7091 46.9709 -1132.99
146	'KillSpark' 68.5869 44.3173 -1146.81
147	'Generator' 97.9236 44.5528 -1126.36
148	'Kill' 110.067 44.4249 -1131.12
149	'StoreEnergy' 101.276 44.5528 -1135.3
150	'Kill' 139.527 41.2866 -1125.92
151	'StoreEnergy' 93.2319 43.8029 -1107.36
152	'Kill' 49.4706 37.4072 -1079.3
153	'Store-Energy-Heart-completed' 58.0777 39.2025 -1090.03
154	'Pokehim&kill' 315.383 33.196 -743.705
155	'Poke&Kill' 490.79 54.3996 -883.39
156	'Poke&Kill' 460.121 47.3545 -915.748
157	'Ampoule&kill' 134.804 0.142621 -789.284
158	'Ampoule&kill' 155.568 1.9443 -834.893
159	'Give-HimKelp-Heart-completed' 199.663 4.12905 -806.917
160	'Kill2Skritts' 610.909 61.612 -810.052
161	'Heart-Completed' 731.924 33.6551 -827.724
162	'Container&Kill' 376.392 36.1556 -284.023
163	'Kill' 380.298 37.3392 -388.688
164	'Material' -353.04 12.5178 555.416
165	'Material&Kill' -433.292 19.8623 540.262
166	'Tower' 215.365 25.4433 694.701
167	'Tower' 246.557 29.3055 688.4
168	'Distortion&Kill' 247.273 34.133 649.579
169	'2Golem-Pieces' 595.362 92.5899 1086.77
170	'Kill' -425.595 11.2306 1005.58
171	'Kill' -443.838 11.1784 1013.62
172	'Kill' -468.523 11.1647 1000.96
173	'Kill' -486.052 11.2641 1008.82
174	'Kill' -408.292 10.3594 1019.37
175	'Golem-Hand' 559.043 89.1305 1041.81
176	'Tower' 249.29 33.1974 654.613
177	'Distortion&Kill' 300.386 32.4825 656.694
178	'Subject' -84.8463 29.915 -207.699
179	'Material' -522.03 28.3135 553.514
180	'Material&Kill' -595.91 41.4823 517.035
181	'Kill' 395.745 37.6295 -421.094
182	'Kill' 458.264 15.6742 -350.368
183	'Skelk' -342.13 -0.368733 1052.99
184	'Shard' -490.95 24.9481 1016.49
185	'Kill' 508.563 -0.755868 91.5028
186	'Kill' 511.728 1.75063 109.758
187	'Kill' 526.293 8.56404 150.484
188	'Lab-Table&Kill-all-enemys-around' 607.546 92.5956 1064.3
189	'Material&Kill' -605.069 42.7747 471.97
190	'Material&Kill' -627.427 43.5095 467.906
191	'Distortion&Kill' 195.836 23.5647 699.487
192	'Subject' -42.4914 29.7187 -196.594
193	'Kill' 426.253 15.7987 -311.382
194	'Kill' 427.928 6.23058 -247.281
195	'Golem-Leg' 511.03 60.7069 1017.25
196	'Lab-Table&2Mobs' 596.13 78.9413 996.766
197	'Kill' 564.796 89.1609 1013.22
198	'talk&kill' -508.24 9.6 -484.11
199	'talk&kill' -508.39 13.06 -448.77
200	'talk&kill' -449.88 10.75 -437.99
201	'Shard' -444.066 26.6161 1102.84
202	'Shard' -403.76 28.9607 1089.02
203	'Shard' -500.389 28.9417 1058.1
204	'Shard' -458.684 30.2397 936.372
205	'Kill' 512.216 41.1105 882.048
206	'Kill' 489.575 50.3518 896.321
207	'kill-ooze' 376.09 38.24 -393.36
208	'kill' 371.91 5.36 -225.98
209	'kill' 331.53 6.86 -233.49
210	'talk&kill' -424.8 10.62 -436.15
211	'talk&kill' -379.69 9.67 -477.36
212	'talk&kill' -401.24 10.96 -514.6
213	'table&beaker-again' 566.5 98.91 1133.33
214	'Kill' 503.43 4.8451 154.295
215	'Kill' 484.537 3.95332 159.093
216	'Kill' 502.545 4.96721 175.571
217	'Killboth' 444.533 1.66103 144.97
218	'Killturret+mob' 419.863 3.76054 139.315
219	'kill' 292.92 5.82 -215.19
220	'kill' 393.58 10.49 224.39
221	'kill' 403.82 10.66 234.63
222	'kill' 537.39 27.12 216.12
223	'kill' 583.89 34.85 225.99
224	'Kill' 396.548 6.5461 148.687
225	'Kill' 381.269 7.40494 148.808
226	'Kill' 380.168 7.93786 132.237
227	'Kill' 403.185 11.4512 191.727
228	'turret-2-mobs' 588.45 39.72 206.49
229	'kill' 500.3 3.82 154.55
230	'kill' 450.83 0.32 112.7
231	'kill' 512.89 2.3 111.18
232	'2-golem-pieces' 545.97 98.86 1122.8
233	'kill' -428.54 33.81 870.58
234	'shard' -436.71 31.11 873.38
235	'shard' -537.43 30.49 847.53
236	'shard' -488.62 30.22 955.54
237	'shard' -459.4 30.24 936.06
238	'shard' -362.49 22.04 786.82
239	'shard' -406.01 23.26 801.13
240	'shard' -330.08 22.31 817.42
