1	'PoI1' -94.3739 25.3216 925.056
2	'PoI2' -166.859 14.126 850.877
3	'PoI3' -620.614 17.5943 667.713
4	'PoI4' 104.916 19.0996 778.512
5	'PoI5' 268.529 30.9402 731.085
6	'PoI6' 312.195 45.2697 570.562
7	'PoI7' 692.043 80.6356 1157.69
8	'PoI8' 813.982 29.7278 -242.131
9	'PoI9' 358.489 38.6132 -309.529
10	'PoI10' 761.064 53.5156 -704.605
11	'PoI11' 140.443 2.20306 151.058
12	'PoI12' -67.4742 34.2337 -159.461
13	'PoI13' 4.32571 2.22776 -16.6979
14	'PoI14' 130.596 -0.316153 -757.225
15	'PoI15' 297.156 -37.5686 -953.91
16	'PoI16' 514.188 56.9678 -883.663
17	'PoI17' 301.518 15.4288 -1125.21
18	'PoI18' 83.6161 43.6317 -1114.61
19	'PoI19' -37.5293 54.125 -1146.84
20	'PoI20' -77.8328 48.31 -928.708
21	'PoI21' -225.898 37.6593 -1045.56
22	'PoI22' -283.167 26.7278 -859.693
23	'PoI23' -555.658 53.435 -817.274
