1	'WP1' -89.528 35.8474 1108.41
2	'WP2' 646.542 42.9508 834.347
3	'WP3' 41.8094 7.13246 646.749
4	'WP4' -286.565 15.2738 550.618
5	'WP5' 241.091 40.5951 322.353
6	'WP6' 710.289 33.0308 55.7493
7	'WP7' 584.342 19.585 -610
8	'WP8' 181.507 21.6965 -1077.09
9	'WP9' 57.1357 25.303 -648.234
10	'WP10' 260.709 3.78207 -177.912
11	'WP11' -199.261 12.7736 149.785
12	'WP12' -151.172 34.5436 -159.59
13	'WP13' -428.759 10.6093 -411.908
14	'WP14' -246.171 23.3226 -762.573
15	'WP15' -591.256 58.1793 -901.866
16	'WP16' -648.684 53.9657 437.752
