1	'PoI1' 419.686 69.7543 -370.252
2	'PoI2' 335.639 71.8794 -511.429
3	'PoI3' -35.7802 65.4993 -483.543
4	'PoI4' -8.8351 86.6278 -380.398
5	'PoI5' -323.733 73.3749 -403.759
6	'PoI6' 14.7254 90.0832 277.25
7	'PoI7' 83.3473 97.9902 191.066
8	'PoI8' 187.982 102.382 296.411
9	'PoI9' 338.268 88.2736 418.547
10	'PoI10' 361.893 76.4241 284.317
11	'PoI11' 284.267 93.783 203.966
12	'PoI12' 339.213 80.0621 171.587
13	'PoI13' 543.441 69.5409 -44.8483
14	'PoI14' 465.458 69.1618 -150.778
15	'PoI15' 285.755 99.7954 -189.757
16	'PoI16' 81.7814 170.894 -276.89
17	'PoI17' 81.3818 170.577 -140.501
18	'PoI18' 147.627 165.981 17.6536
19	'PoI19' 83.6714 169.059 59.118
20	'PoI20' 21.0562 164.901 25.2506
21	'PoI21' -115.179 98.1731 -183.619
