1	'start-The-Floating-Grizwhirl' 122.47 166.09 -6.23
2	'cutscene' 152.21 165.99 21.87
3	'done' 152.21 165.99 21.87
4	'Visit-the-Circus' 162.89 68.48 -471.26
5	'port&listen' 197.47 66.08 -523.22
6	'talk' 195.39 66 -519.47
7	'watch-the-performance' 198.55 66.36 -530.16
8	'defeat' 196.36 66.83 -536.81
9	'talk' 195.51 66.01 -519.77
10	'talk' 162.25 69.72 -539.22
11	'talk' 164.84 68.73 -506.52
12	'talk' 212.7 65.41 -507.68
13	'open' 237.01 65.57 -545.26
14	'examine&kill' 241.2 66 -565.69
15	'examine&kill' 247.28 65.97 -555.79
16	'examine&kill' 236.36 66.01 -570.15
17	'examine' 228.66 66.84 -557.3
18	'kill' 231.43 65.87 -560.35
19	'done' 235.03 65.82 -557.36
20	'Report-to-Logan' 122.54 166.08 -5.88
21	'talk' 161.87 165.98 28.26
22	'done' 161.87 165.98 28.26
1	'Divinity-to-Queensdale' 79.3 128.36 -646.2
24	'start-Clown-College' 1219.99 31.63 704.28
25	'cutscene' 1220.58 31.61 703.19
26	'talk' 1234.11 32.86 696.64
27	'choose-norn-says-to-char-maybe-its-the-ale-but' 1234.11 32.86 696.64
28	'talk' 1248.23 34.18 679.47
29	'defeat' 1239 33.88 679.05
30	'talk' 1236.51 33.18 711.99
31	'mimic-him' 1236.51 33.18 711.99
32	'open' 1255.46 36.14 710.41
33	'derp' 1269.25 36.08 703.5
34	'kill' 1269.25 36.08 703.5
35	'talk-to-Logan' 1248.18 33.8 708.91
36	'choose-option-tackle-the-inventor' 1248.18 33.8 708.91
37	'done' 1248.18 33.8 708.91
2	'Queensdale-to-Kessex' -885.73 42.74 -747.69
39	'start-the-Artists-Workshop' 1026.11 55.17 582.42
40	'port' 981.67 77.95 669.29
41	'kill&inspect' 977.57 77.3 680.05
42	'kill' 1004.84 78.94 683.23
43	'kill' 1039.67 79.01 695.86
44	'kill' 1038.17 79.02 680.47
45	'kill' 1034.41 79.02 657.86
46	'talk' 1023 79.02 630.32
47	'destroy' 1020.38 79.02 638.16
48	'destroy' 1032.72 79.01 654.7
49	'destroy' 1022.65 79.01 670.54
50	'destroy' 1034.45 79.01 676.92
51	'destroy' 1038.21 79.01 661.22
52	'talk' 1025.82 79.01 651.01
53	'done' 1025.82 79.01 651.01
1	'Kessex-to-Queensdale' -819.17 101.33 695.16
1	'Queensdale-to-Divinity' -471.52 93.69 749.71
56	'start-The-Ringmaster' 411.92 70.77 -333.24
57	'listen' 415.44 69.48 -354.63
58	'talk' 419.39 69.88 -347.3
59	'kill' 415.35 69.65 -359.9
60	'Chapter-done' 408.29 69.67 -365.8
