1	'read-letter' -81.32 1.55 -226.99
6	'LionsArch-to-LornarsPass' 802.16 32.42 57.07
6	'LornarsPass-to-TimberlineFalls' 354.29 90.37 -1743.24
2	'instance-start-Forging-the-Pact' -507.04 10.83 -75.16
5	'talk' -484.09 6.81 -241.09
6	'meeting' -457.7 14.89 -204.7
7	'talk' -458.54 15.07 -206.75
8	'talk' -436.04 14.7 -186.29
9	'talk' -438.99 13.25 -190.34
10	'talk' -444.17 15.12 -211.13
11	'talk' -450.43 15.12 -220.76
12	'meet' -458.17 15.13 -203.46
13	'talk' -455.86 14.96 -213.28
14	'talk' -484.02 6.33 -243
15	'port-here' -458.86 8.79 -446.55
16	'port-here-and-kill-if-needed' -483.65 25.36 -632.4
17	'port-for-triggering-the-story' -489.75 20.42 -612.78
18	'port' -557.27 40.67 -491.87
19	'kill-all-undead-' -550.02 37.2 -496.62
20	'port' -530.47 12.94 -597.22
21	'port' -557.58 20.9 -612.53
22	'help' -765.34 43.7 -525.51
23	'talk' -762.7 43.7 -525.33
24	'port-here' -657.99 18.56 -706.33
25	'talk' -659.72 17.98 -704.92
26	'port-here-to-get-out-and-cutscene' -539.03 15.53 -605.62
27	'kill' -502.61 12.8 -593.15
28	'talk' -491.02 10.67 -578.51
29	'instance-done' -491.02 10.67 -578.51
3	'TimberlineFalls-to-MountMaelstrom' -423.23 12.73 -1038.78
2	'MountMaelstrom-to-SparkflyFen' -1373.05 46.56 683.76
32	'instance-start-Tower-Down' -451.76 2.8 -789.61
33	'talk' -487.07 7.59 -759.92
34	'escort-them' -498.77 0.21 -785.51
35	'first-stop' -417.33 3.94 -796.52
36	'second' -385.07 21.61 -764.05
37	'3' -402.01 30.66 -729.85
38	'4' -427.82 33.34 -693.85
39	'5' -430.4 32.86 -648.25
40	'6' -437.2 31.61 -625.93
41	'7' -423.22 33.49 -623.64
42	'8' -480.77 26.1 -616.82
43	'9' -510.13 19.77 -616.14
44	'10' -522.03 18.05 -609.09
45	'11' -557.45 11.45 -575.53
46	'12' -564.05 6.7 -553.15
47	'after-tower-destroyed' -552.26 4.55 -525.73
48	'13' -532.45 4.25 -492.76
49	'second-tower' -518.59 4.15 -449.06
50	'help-out-destroy' -525.67 3.03 -426.33
51	'kill-the-undead' -516.49 3.11 -420.12
52	'14' -521.56 18.25 -611.21
53	'15' -496.99 22.84 -615.67
54	'16' -477.91 26.46 -617.94
55	'17' -463.47 28.94 -620.55
56	'18' -344.54 41.62 -572.96
57	'19' -324.1 40.49 -556.51
58	'20' -318.11 38.73 -545.62
59	'21' -318.34 39.7 -512.51
60	'22' -313.43 40.87 -480.17
61	'23' -336.95 47.92 -406.64
62	'24' -330.94 45.86 -390.52
63	'25' -302.68 39.01 -344.58
64	'26' -295.1 37.31 -336.4
65	'27' -311.02 21.16 -287.09
66	'28' -343.02 5.03 -264.14
67	'clear-the-beach-of-undead' -349.78 3.2 -269.75
68	'speak-with-Tonn' -340.91 4.44 -246.54
69	'choose-option-inquest' -340.91 4.44 -246.54
70	'instance-done' -340.91 4.44 -246.54
1	'SparkflyFen-to-MountMaelstrom' 849.61 52.76 -788.26
72	'instance-start-Munition-Acquisition' -59.33 76.95 -125.93
73	'talk' -61.75 78.7 -114.98
74	'port' -173.25 21.93 -542.48
75	'clear-all-crates' -175.97 21.44 -545.25
76	'defeat-the-counterattack' -177.13 21.22 -546.63
77	'instance-done' -184.79 19.8 -551.13
78	'instance-start-Breaking-the-Bone-Ship' 618.07 0.87 -348.79
79	'meet' 651.36 4.58 -380.24
80	'port' 1032.23 -1.3 -404.53
81	'kill-sharks-so-he-can-place-bombs' 1091 -6.64 -429.43
82	'cutscene' 668.95 2.88 -392.09
83	'defend' 660.88 6.61 -379.52
84	'detonate' 660.82 6.51 -379.55
85	'instance-done' 660.35 6.27 -379.1
3	'MountMaelstrom-to-StraitsofDevastation' -1381.41 20.31 -606.85
87	'instance-start-The-Battle-of-Fort-Trinity' 913.99 9.92 398.85
88	'meet' 846.45 23.41 289.72
89	'meet' 999.16 18.51 556.46
90	'defend' 904.07 9.1 417.36
91	'fall-back' 874.89 15.81 345.83
92	'use' 871.45 15.28 320.2
93	'use' 850.48 15.58 335.3
94	'defend-the-docks' 711.73 4.57 270.35
95	'back' 874.75 23.31 221.51
96	'use' 886.62 23.46 226.27
97	'use' 879.48 23.39 209.68
98	'fall-back' 909.03 23.84 170.49
99	'use' 721.24 25.3 116.83
100	'use' 717.07 25 124
101	'port' 954.72 18.18 260.92
102	'get' 917.7 24.84 297.97
103	'use' 957.62 18.45 275.15
104	'kill' 965.25 20.59 296.51
105	'orb' 963.57 20.73 295.71
106	'place' 940.55 39.92 156.82
107	'kill' 903.92 23.29 133.34
108	'kill' 818.67 11.87 305.05
109	'instance-done-after' 774.96 3.51 264.65
110	'instance-start-A-Sad-Duty' 815.76 0.83 -123.93
111	'cutscene' 811.41 1.7 -147.92
112	'kill' 794.54 6.79 -183.74
113	'talk' 799.85 7.05 -232.61
114	'cutscene' 793.62 7.09 -179.66
115	'port-after-kill' 854.41 3.21 -331.68
116	'kill' 990.86 21.77 -283.99
117	'help' 1050.68 3.16 -388.09
118	'chapter-done' 1049.14 3.16 -394.25
