1	'chest' 742.608 233.397 748.335
2	'chest' -784.978 464.05 684.516
3	'chest' -799.936 424.01 408.11
4	'chest' -915.636 504.101 76.6787
5	'chest' -993.194 586.432 390.483
6	'chest' -966.708 585.727 761.176
7	'chest' -1637.87 568.793 645.694
8	'chest' -1641.74 542.451 860.678
9	'chest' -1603.62 535.151 383.9
10	'chest' -1509.28 590.338 -85.1693
11	'chest' -1495.01 399.517 -285.391
12	'chest' -1229.84 416.334 -271.815
13	'chest' 40.5333 383.349 235.605
14	'chest' -466.553 144.86 -197.186
15	'chest' -885.252 211.998 -302.228
16	'chest' -947.699 190.404 -444.12
17	'chest' -1676.89 9.07038 -558.872
18	'chest' -1237.47 714.778 101.443
19	'chest' -237.333 336.588 -338.761
20	'chest' -49.8004 568.867 -244.903
21	'chest' 1623.43 225.047 457.677
22	'chest' 1584.2 221.84 540.089
23	'chest' 1533.27 225.601 588.347
24	'chest' 1652.13 195.926 586.932
25	'chest' 1758.86 196.296 629.703
26	'chest' 1760.46 199.826 699.218
