1	'LostDwarf' -119.05 325.724 484.043
2	'LostDwarf' -72.867 395.481 515.223
3	'LostDwarf' -551.388 6.97656 -703.545
4	'LostDwarf' -555.436 78.4884 -841.634
5	'LostDwarf' 1139.85 253.421 436.355
6	'LostDwarf' 1556.52 284.896 588.121
7	'LostDwarf' 909.709 250.363 -17.7019
8	'LostDwarf' 675.22 363.683 764.015
9	'LostDwarf' 285.615 330.578 567.668
10	'LostDwarf' -254.572 338.67 -196.539
11	'LostDwarf' -1466.25 465.818 471.489
12	'LostDwarf' -1646.76 417.987 570.754
13	'LostDwarf' -1211.85 482.127 667.741
14	'LostDwarf' -1597.99 451.124 108.943
15	'LostDwarf' -1510.19 407.248 -200.578
16	'LostDwarf' -1186.85 611.477 -320.518
17	'LostDwarf' -1609.04 227.977 303.835
18	'LostDwarf' -1544.25 7.81663 -649.66
19	'LostDwarf' -1688.72 3.41536 -597.233
20	'LostDwarf' 1472.37 91.7872 -511.934
21	'LostDwarf' 532.201 167.095 -449.766
22	'LostDwarf' 1727.54 296.63 237.963
23	'LostDwarf' 1726.5 303.483 -15.4089
24	'LostDwarf' 255.094 224.816 -761.053
25	'LostDwarf' -41.8465 570.718 -234.037
