1	'chest' 742.608 233.397 748.335
2	'chest' -784.978 464.05 684.516
3	'chest' -799.936 424.01 408.11
4	'chest' -915.636 504.101 76.6787
5	'chest' -993.194 586.432 390.483
6	'chest' -966.708 585.727 761.176
7	'chest' -1637.87 568.793 645.694
8	'chest' -1641.74 542.451 860.678
9	'chest' -1603.62 535.151 383.9
10	'chest' -1509.28 590.338 -85.1693
11	'chest' -1495.01 399.517 -285.391
12	'chest' -1229.84 416.334 -271.815
13	'chest' 40.5333 383.349 235.605
14	'chest' -466.553 144.86 -197.186
15	'chest' -885.252 211.998 -302.228
16	'chest' -947.699 190.404 -444.12
17	'chest' -1676.89 9.07038 -558.872
18	'chest' -1237.47 714.778 101.443
19	'chest' -237.333 336.588 -338.761
20	'chest' -49.8004 568.867 -244.903
21	'chest' 1623.43 225.047 457.677
22	'chest' 1584.2 221.84 540.089
23	'chest' 1533.27 225.601 588.347
24	'chest' 1652.13 195.926 586.932
25	'chest' 1758.86 196.296 629.703
26	'chest' 1760.46 199.826 699.218
1	'LostDwarf' -119.05 325.724 484.043
2	'LostDwarf' -72.867 395.481 515.223
3	'LostDwarf' -551.388 6.97656 -703.545
4	'LostDwarf' -555.436 78.4884 -841.634
5	'LostDwarf' 1139.85 253.421 436.355
6	'LostDwarf' 1556.52 284.896 588.121
7	'LostDwarf' 909.709 250.363 -17.7019
8	'LostDwarf' 675.22 363.683 764.015
9	'LostDwarf' 285.615 330.578 567.668
10	'LostDwarf' -254.572 338.67 -196.539
11	'LostDwarf' -1466.25 465.818 471.489
12	'LostDwarf' -1646.76 417.987 570.754
13	'LostDwarf' -1211.85 482.127 667.741
14	'LostDwarf' -1597.99 451.124 108.943
15	'LostDwarf' -1510.19 407.248 -200.578
16	'LostDwarf' -1186.85 611.477 -320.518
17	'LostDwarf' -1609.04 227.977 303.835
18	'LostDwarf' -1544.25 7.81663 -649.66
19	'LostDwarf' -1688.72 3.41536 -597.233
20	'LostDwarf' 1472.37 91.7872 -511.934
21	'LostDwarf' 532.201 167.095 -449.766
22	'LostDwarf' 1727.54 296.63 237.963
23	'LostDwarf' 1726.5 303.483 -15.4089
24	'LostDwarf' 255.094 224.816 -761.053
25	'LostDwarf' -41.8465 570.718 -234.037
1	'HighlandstoCrystal' 671 199.4 -900
1	'chest' 526.939 28.0763 -661.274
2	'chest' 392.185 92.2646 -661.805
3	'chest' 269.913 63.7922 -713.787
4	'chest' -1105.66 82.3953 26.4051
5	'chest' -987.669 116.404 196.267
6	'chest' -986.289 116.398 196.957
7	'chest' -1619.83 27.9484 605.543
8	'chest' -1368.44 170.757 583.087
9	'chest' -1343.65 205.685 615.218
10	'chest' -1170.63 219.506 631.787
11	'chest' -1067.68 311.284 729.276
12	'chest' -1030.2 207.594 599.602
13	'chest' -887.643 52.3467 749.971
14	'chest' 32.3397 158.439 768.986
15	'chest' -1207.37 40.8973 606.535
16	'chest' 36.8344 129.919 792.755
17	'chest' 1141.02 229.305 731.463
18	'chest' 1526.65 342.581 560.074
19	'chest' 1485.92 472.009 583.984
20	'chest' 1609.73 211.877 -387.357
21	'chest' 1800.51 200.739 -568.562
22	'chest' 1679.66 198.089 -606.236
23	'chest' 1243.56 115.446 -289.516
24	'chest' 937.879 185.585 193.545
25	'chest' 211.404 104.801 297.871
26	'chest' 267.979 113.481 -86.2937
27	'chest' 766.652 25.0936 -578.548
28	'chest' 931.087 236.735 -680.3
29	'chest' 926.773 236.612 -695.215
30	'chest' 927.61 235.278 -665.087
31	'chest' 914.188 151.037 -515.833
32	'chest' 1052.05 187.846 -449.278
33	'chest' -1432.19 41.1818 -603.971
34	'chest' -1462.55 36.9703 -786.06
35	'chest' -1521.02 43.5083 -564.131
1	'BleachedBones' -1153.02 57.4849 447.284
2	'BleachedBones' -1345.2 46.9328 577.723
3	'BleachedBones' -1046.48 16.9152 373.083
4	'BleachedBones' -1027.36 47.496 807.445
5	'BleachedBones' -617.934 41.6881 518.034
6	'BleachedBones' -469.208 69.5058 683.983
7	'BleachedBones' -287.343 72.4217 822.299
8	'BleachedBones' 27.7296 130.031 771.653
9	'BleachedBones' 356.886 72.9959 630.18
10	'BleachedBones' -1100.55 107.952 22.5842
11	'BleachedBones' -1537.47 -40.9968 -260.208
12	'BleachedBones' -1515.36 17.997 -736.544
13	'BleachedBones' -607.236 -11.7738 -633.827
14	'BleachedBones' 354.031 5.0955 -432.548
15	'BleachedBones' 595.035 85.9583 17.844
16	'BleachedBones' 212.137 98.6357 -191.583
17	'BleachedBones' 703.131 180.674 240.293
18	'BleachedBones' 679.89 342.954 406.906
19	'BleachedBones' 992.771 252.087 866.94
20	'BleachedBones' 1251.79 257.875 540.293
21	'BleachedBones' 1257.3 123.641 57.5094
22	'BleachedBones' 1458.66 461.587 484.967
23	'BleachedBones' 1787.67 203.921 -518.401
24	'BleachedBones' 943.222 106.97 -767.854
2	'CrystalToElon' 1280 26 -715
1	'chest' 523.626 186.312 997.226
2	'chest' -504.311 117 1207.68
3	'chest' -432.27 88.4112 -693.845
4	'chest' -660.387 83.4422 -102.977
5	'chest' -58.7879 20.9115 -866.076
6	'chest' 24.022 47.1188 -1011.37
7	'chest' 412.201 7.08837 -1124.38
8	'chest' 663.103 0.0141184 -1032.61
9	'chest' 1030.35 11.86 131.101
10	'chest' -233.333 96.6187 -6.90461
11	'chest' -245.081 151.851 -31.2819
12	'chest' -216.509 4.95744 1191.12
1	'fogottendebris' 849.423 59.7539 334.647
2	'fogottendebris' -245.921 167.676 800.718
3	'fogottendebris' -219.298 115.352 1221.96
4	'fogottendebris' -153.777 41.1796 1198.15
5	'fogottendebris' 93.137 89.7687 426.712
6	'fogottendebris' 610.492 78.9001 945.519
7	'fogottendebris' 1244.25 102.978 1179.65
8	'fogottendebris' 1154.03 13.7667 2.94441
9	'fogottendebris' -509.49 5.45599 204.663
10	'fogottendebris' -971.347 133.745 1227.19
11	'fogottendebris' -1078.8 178.834 913.253
12	'fogottendebris' -993.671 27.4558 432.579
13	'fogottendebris' -1140.6 99.4289 427.676
14	'fogottendebris' -158.576 26.7983 -238.166
15	'fogottendebris' -431.881 155.86 -528.098
16	'fogottendebris' 132.787 -13.9392 -679.792
17	'fogottendebris' 672.312 44.2511 -782.712
18	'fogottendebris' 286 -91.0972 42.4271
19	'fogottendebris' -1293.2 7.27933 -192.948
20	'fogottendebris' -1287.25 6.92419 -529.156
21	'fogottendebris' 840.359 7.35685 -1067.21
22	'fogottendebris' -398.014 119.277 -877.401
23	'fogottendebris' -832.619 56.4998 -921.792
24	'fogottendebris' -1230.68 45.5193 -1127.78
25	'ForgottenDebris' 561.928 117.656 -500.608
26	'ForgottenDebris' 448.08 225.457 954.574
3	'ElonToDesolation' 47.5 1 -1231
1	'chest' -1155.69 331.221 339.747
2	'chest' -423.935 401.196 -1402.94
3	'chest' 394.938 81.6541 1490.16
4	'chest' 946.387 334.507 702.739
5	'chest' 710.786 299.958 -243.954
6	'chest' 212.78 453.508 -310.077
7	'chest' 383.456 501.49 -1658.28
1	'shadowprovisions' 772.867 10.9345 1746.93
2	'shadowprovisions' 1164.08 245.869 1360.49
3	'shadowprovisions' 545.066 194.98 1074.35
4	'shadowprovisions' -794.214 62.4057 1138.71
5	'shadowprovisions' -531.407 301.6 860.869
6	'shadowprovisions' 217.341 334.997 556.88
7	'shadowprovisions' 131.086 444.189 -534.472
8	'shadowprovisions' 26.2027 315.396 -122.402
9	'shadowprovisions' -669.545 404.288 211.773
10	'shadowprovisions' -1111.7 185.551 179.054
11	'shadowprovisions' -1099.2 356.073 -816.52
12	'shadowprovisions' 1292.21 374.281 -346.507
13	'shadowprovisions' 1168.6 325.882 433.125
14	'shadowprovisions' 677.233 325.601 549.002
15	'shadowprovisions' 234.064 481.71 -228.979
16	'shadowprovisions' -90.9597 328.196 -701.715
17	'shadowprovisions' 791.767 417.256 -782.631
18	'shadowprovisions' -551.611 281.501 -1282.83
19	'shadowprovisions' -751.609 420.414 -635.175
20	'shadowprovisions' -334.85 448.587 -1235
21	'shadowprovisions' -197.477 436.257 -1617.77
22	'shadowprovisions' 349.513 361.761 -1416.43
23	'shadowprovisions' 353.542 501.363 -1657.87
24	'shadowprovisions' 1113.26 302.639 -1625.01
25	'shadowprovisions' 672.893 417.914 84.0176
4	'DesolationToVabbi' 1312 335 -1442
1	'chest' -11.0097 187.576 970.94
2	'chest' 114.601 177.256 1014.37
3	'chest' 207.347 100.042 1049.08
4	'chest' 526.958 206.027 969.55
5	'chest' 655.939 187.908 1046.65
6	'chest' 804.655 220.044 1131.74
7	'chest' 1579.57 145.668 582.242
8	'chest' 1647.8 135.225 844.292
9	'chest' 1599.98 253.603 1039.5
10	'chest' 734.688 82.5757 815.181
11	'chest' 1098.54 153.835 540.423
12	'chest' 1365.27 126.267 436.27
13	'chest' 1644.99 207.267 250.995
14	'chest' 907.369 98.3625 369.097
15	'chest' 758.756 122.153 374.532
16	'chest' 1005.09 134.95 -85.6289
17	'chest' 1151.58 62.115 -3.67928
18	'chest' 1180.11 185.309 -180.151
19	'chest' 1339.68 79.1758 -61.0221
20	'chest' 1232.14 70.2737 -444.306
21	'chest' 1304.44 57.0404 -751.736
22	'chest' 1224.72 41.2906 -797.466
23	'chest' 1292.04 0.921732 -1103.11
24	'chest' 1029.27 78.349 -1066.35
25	'chest' 746.732 163.621 -592.189
26	'chest' 702.689 198.174 -450.571
27	'chest' 854.278 159.165 -387.115
28	'chest' 633.285 217.277 -24.3674
29	'chest' 595.743 357.809 -56.8413
30	'chest' 582.884 84.8411 78.3265
31	'chest' 378.671 153.551 -61.503
32	'chest' 1672 152.724 -159.159
33	'chest' -1709.69 106.406 800.762
34	'chest' -1148.08 131.904 -894.962
35	'chest' -1222.56 155.533 -918.276
36	'chest' -1078.75 197.961 -928.984
37	'chest' 122.139 164.189 -1037.2
38	'chest' 1538.4 249.067 -618.677
1	'bust' 31.3388 183.104 1076.23
2	'bust' 208.321 217.611 1120.55
3	'bust' 1165.92 7.30762 1142.3
4	'bust' 1120.75 157.244 521.334
5	'bust' 1748.62 186.63 299.706
6	'bust' 633.215 84.8378 85.0689
7	'bust' 442.63 142.916 144.953
8	'bust' 306.052 197.729 96.7335
9	'bust' 330.837 271.09 -109.281
10	'bust' 482.081 113.854 -692.101
11	'bust' 552.078 284.19 -681.58
12	'bust' 1250.54 241.611 -687.223
13	'bust' 1567.52 236.446 -600.803
14	'bust' 1750.51 184.517 -597.516
15	'bust' 1768.83 135.144 -912.026
16	'bust' 1628.74 73.0939 -774.441
17	'bust' 1566.58 70.1841 -780.271
18	'bust' 101.565 147.804 -1125.56
19	'bust' -454.807 155.217 -163.99
20	'bust' -375.782 260.001 -616.802
21	'bust' -923.369 291.129 -838.319
22	'bust' -1232.48 155.481 -908.325
23	'bust' -1506.95 166.588 -320.269
24	'bust' -1696.8 134.256 1007.46
25	'bust' -1739.02 106.413 758.409