1	'took-rune-1' -1402.9 417.699 194.086
2	'place-rune-1' -1505.25 417.943 158.387
3	'teleport' -1503.6 418.352 154.038
4	'took-rune-2' -1412.96 437.395 98.0834
5	'w-part-1' -1411.73 437.303 79.7446
6	'w-part-2' -1458.59 437.933 93.7635
7	'teleport' -1499.03 418.384 144.834
8	'place-2' -1533.2 342.665 157.499
9	'w-part-3' -1457.62 405.191 89.685
10	'w-part-4' -1499.14 393.719 77.3352
11	'w-part-5' -1396.25 392.299 69.8877
12	'w-part-6' -1505.79 382.276 95.9673
13	'took-rune-3' -1506.22 393.728 85.0937
14	'teleport' -1498.72 418.417 144.677
15	'place-rune-3' -1532.3 342.939 151.193
16	'teleport-room-2' -1528.62 343.098 153.434
17	'took-rune-4' -1422.45 294.171 191.067
18	'place-rune-4' -1580.28 349.977 249.267
19	'w-part-6' -1330.03 258.911 178.025
20	'rook-rune-5' -1326.12 263.398 195.91
21	'w-part-7' -1348.15 261.022 146.184
22	'place-rune-5' -1577.18 349.964 247.355
23	'w-part-8' -1354.03 312.662 131.935
24	'took-rune-6' -1290.38 298.271 137.868
25	'w-part-9' -1291.76 260.839 189.718
26	'w-part-10' -1277.97 312.662 175.128
27	'place-rune-6' -1572.03 350.001 248.246
28	'teleport-room-3' -1575.78 350.351 251.419
29	'w-part-11' -1567.88 362.835 301.535
30	'took-rune-7' -1450.9 289.515 410.357
31	'w-part-12' -1430.15 291.299 498.762
32	'place-rune-7' -1643.09 368.614 248.322
33	'took-rune-8' -1478.86 310.207 454.059
34	'w-part-13' -1583.69 343.38 437.026
35	'w-part-14' -1590.47 329.409 519.286
36	'w-part-15' -1487.73 334.268 501.17
37	'place-rune-8' -1640.76 368.464 250.403
38	'took-rune-9' -1577.63 312.53 424.642
39	'place-rune-9' -1641.04 368.43 253.36
40	'took-rune-10' -1591.75 275.343 474.864
41	'place-rune-10' -1642.72 368.495 255.836
42	'w-part-16' -1731.78 364.516 232.184
43	'w-part-17' -1688.18 61.0466 341.301
44	'w-part-18' -1797.91 5.39063 94.0913
45	'skyscale-place' -1695.41 -14.898 210.843
46	'w-part-19' -1572.29 32.5516 127.05
47	'w-part-20' -1644.01 44.9271 91.4446
48	'talk-with-forge' -1475.13 419.402 329.471
49	'back-start' -1595.87 420.281 507.58
