1	'MP1' 920.962 45.3636 -106.872
2	'MP2' -304.591 115.483 -281.585
3	'MP3' -1120.19 171.556 348.156
4	'MP4' -1070.25 150.493 -164.871
5	'MP5' -850.759 177 -313.895
6	'' -808.909 157.013 130.687
7	'' -723.307 157.176 140.808
8	'' 367.057 53.5552 -434.641
9	'' -42.5129 130.825 -435.261
10	'' 220.234 62.5042 -354.084
11	'' -333.273 136.594 -272.97
12	'' -846.884 44.7747 -383.439
13	'' -1054.72 89.9911 -167.777
14	'' -852.227 84.2563 -8.5972
15	'' -543.648 117.42 194.67
16	'Balthazar_Page1' -1120.17 141.479 176.026
17	'Balthazar_Page2' -853.697 163.79 434.914
18	'Balthazar_Page3' -917.373 141.538 433.781	
19	'Balthazar_Page4' -379.382 122.499 432.473	
20	'Balthazar_Page5' -364.336 86.3378 385.997	
21	'Balthazar_Page6' 724.174 22.9194 127.826	
22	'Dwayna_Page1' -1203.53 4.27484 -358.344	
23	'Dwayna_Page2' -993.293 -27.531 -129.389	
24	'Dwayna_Page3' -1101.76 154.625 -175.136	
25      'Dwayna_Page4' -803.031 165.369 -108.13	
26      'Dwayna_Page5' -810.998 178.417 -363.207	
27      'Dwayna_Page6' -859.397 7.66913 -19.7496	
28      'Grenth_Page1' -815.322 93.6629 -178.765	
29      'Grenth_Page4' -811.865 94.6924 -173.244	
30      'Grenth_Page2' -577.721 -77.6787 -197.578	
31      'Grenth_Page3' -707.642 62.4991 -261.312	
32      'Grenth_Page5' -622.914 80.6218 -85.9983	
33      'Grenth_Page6' -494.459 41.6195 -294.623	
34      'Grenth_Page7' 951.304 21.8062 -227.456	
35      'Grenth_Page8' 403.353 -74.6253 437.175	
36      'Lyssa_Page8' 313.822 -72.0127 408.228	
37      'Lyssa_Page7' 736.56 -120.735 -31.7491	
38      'Lyssa_Page1' 169.066 161.407 380.794	
39      'Lyssa_Page2' 103.629 183.704 248.379	
40      'Lyssa_Page3' 135.854 144.756 249.966	
41      'Lyssa_Page5' -117.732 177.533 310.142	
42      'Lyssa_Page4' -226.638 213.269 427.038	
43      'Lyssa_Page6' 111.327 109.133 214.862	
44      'Melandru_Page1' -80.1125 -2.43596 -203.124	
45      'Melandru_Page2' -393.707 127.542 -441.423	
46      'Melandru_Page3' -163.726 209.191 -159.945	
47      'Melandru_Page4' 63.7171 79.0922 -376.546	
48      'Melandru_Page5' -309.873 113.816 -433.844	
49      'Melandru_Page6' -1203.86 4.4577 -346.823	
50	'Talk_to_Priest_of_Abaddon' -552.794 120.559 147.374
51	'Page1' -785.204 205.17 -156.664
52	'Page2' -1210.77 4.53385 -356.936
53	'Page3' -794.92 150.829 373.853
54	'Page4_and_5_INTERACT_TWICE' -858.798 96.1131 236.957
55	'Page6' -983.883 -17.1472 140.135
56	'Page7' -307.135 88.797 151.1
57	'Page8' -505.896 -8.62387 111.147
58	'Page9' -744.397 155.278 60.0056
59	'Page10' 102.904 164.441 445.089
60	'Page11' -528.75 157.298 183.352
61	'Kill-him-to-get-achievment[when-he-is-active]' -804.286 157.738 123.359
62	'stay-here-with-air-walk-on-to-get-achievment-by-her-attack' -1008.28 101.892 -66.7004
63	'now-the-JP-Achievment-Port-here-and-run-up-to-the-water-logged-chest-then-port-next' 699.701 196.329 152.658
64	'Check-point2' 696.947 352.396 142.395
65	'thenport-here-to-complete-it[and-loot-the-chest-to-get-item=[Colossal-Brazier]' 699.94 627.701 120.272
66	'now-for-the-Achievment[Dive-Master:Masted]-Use-this-coord-pick-up-the-googles-and-fuck-off-:D-nah-kidding-just-jump' 658.539 636.225 288.064
67	'now-we-are-doing-the-Collectable-Items-for-Sirens-Landing-Master-Enjoy' 671.095 -0.102946 286.924
68	'next-coords-will-be-to-farm-orri-Pearls-and-getting-these-items=Orrian-Nacre' 673.574 1.34145 282.612
69	'' 692.149 -49.7118 -153.758
70	'' 169.448 10.1483 197.609
71	'' -1049.89 144.37 123.871
72	'' 875.123 -42.1611 360.46
73	'' 123.983 3.75929 46.1109
74	'' 435.299 12.3931 -99.0699
75	'' -74.2179 25.8972 -31.3304
76	'' 714.897 -1.2996 -264.408
77	'' 182.101 55.6006 357.37
78	'' 185.255 -39.1627 143.269
79	'' 497.404 0.129963 -141.322
80	'' 762.739 -8.14618 337.123
81	'' -183.664 12.37 55.8976
82	'' 617.203 4.99734 151.096
83	'' -390.531 44.1929 -171.604
84	'' 204.31 -0.454428 256.396
85	'' -491.265 27.0001 -34.1046
86	'' -238.118 10.3518 -25.2839
87	'' 24.8508 1.48834 42.5046
88	'' -519.712 3.40347 -268.528
89	'' -284.312 39.0115 -59.2857
90	'' -410.655 28.6567 -43.756
91	'' -56.8051 -0.165683 44.5285
92	'' -439.321 13.7658 -141.996
93	'' -1129.85 114.418 241.019
94	'' -557.263 48.7147 -5.67046
95	'' -314.294 130.923 -400.396
96	'' -172.617 122.577 -447.713
97	'' -1086.62 121.772 328.45
98	'' -454.575 41.3299 -209.505
99	'' 84.1578 109.419 -419.962
100	'' -138.857 143.813 -398.168
101	'' -437.376 130.132 346.046
102	'' -889.175 68.4753 -109.056
103	'' -648.2 117.852 213.483
104	'' -869.045 53.7539 -340.052
105	'' -265.518 87.2023 155.965
106	'' -819.752 66.6772 -151.8
107	'' -289.956 107.726 -228.259
108	'' -723.207 83.7156 -69.7506
109	'' -506.22 115.583 4.70523
110	'' -754.323 156.654 184.232
111	'loot-an-chest-to-get[Ancient-Cipher' -513.021 0.527411 115.493
112	'Kill-Wyvern-for[Unchained-Heart]' -1106.15 83.0385 -95.3441
113	'Kill-Champion-Horrid-Illusion-around-here""Shark""-to-get[Horrid-Residue]' -37.9407 56.4498 279.441
114	'Buy-from-him=[Favor-of-Melandru]&if-you-can-buy-it-already-the-backpiece[Relic-Of-Melandru]for-315k-Karma&200-Orrian-pearlïs' -11.3406 4.55791 -234.742
115	'Next-buy-Favor-of-Grenth' -679.439 49.9722 -332.965
116	'Next-buy-Favor-of-Dwayna' -979.367 2.09039 -60.6785
117	'Buy-Favor-of-Balthazar' -840.805 133.465 413.62
118	'BUy-Favor-of-lyssa' -54.1545 42.262 292.019
119	'Defeat-the-Risen-Spider"Champ"-to-get[Orrian-Venom-Glands]' 85.1957 38.7706 334.683
120	'Defeat-the-Risen-Gorilla"Champion"-to-get[Orrian-Gorilla-Sinew]' -1086.92 111.703 268.684
121	'Defeat-the-Champion-Risen-Wraith-to-get[Orrian-Wraith-Bindings]' -785.979 29.987 -385.407
122	'Defeat-the-Champion-Risen-Drake-to-get[Orrian-Drake-Scale]' 7.82578 111.749 -375.054
