1	'Shroom&kill' -78.2514 308.803 68.9827
2	'Shroom&Kill' -170.387 310.65 118.153
3	'Shroom&Kill' -177.307 311.462 146.114
4	'Kill-the-5-Spiders' -243.583 303.082 200.705
5	'Shroom&Kill' -250.372 302.737 179.642
6	'Shroom&Kill' -227.249 292.516 93.4672
7	'Shroom&Kill' -137.664 310.074 62.6167
8	'Killspiders' -133.804 310.337 52.0502
9	'kIll-5-spiders-Heart-completed' -213.416 309.656 9.67373
10	'[Buy-Druid-Runestone-Fragment-1x-per-day' -82.4398 313.127 126.712
11	'Recorder-if-not-there-use-the-extra-slots-which-are-comming-later' -399.508 510.041 -368.207
12	'Recorder-if-not-there-use-the-extra-slots-which-are-comming-later' -331.219 510.188 -397.296
13	'Kill-4-Inquest' -320.931 510.219 -426.932
14	'Kill-2-Inquest' -330.487 514.709 -462.841
15	'Kill-3-Inquest' -344.117 530.107 -481.627
16	'Kill-Inquest' -372.686 531.693 -440.351
17	'Kill-3-Inquest' -400.25 510.135 -385.568
18	'Kill-4-Inquest' -473.017 539.408 -340.373
19	'Kill-Inquest-Heart-completed' -366.126 523.46 -326.043
20	'Kill-Inquest-Extra-Spot' -357.972 520.081 -347.07
21	'Extra-Inquest' -448.419 572.091 -383.901
22	'Extra-Inquest' -477.727 573.869 -378.703
23	'Extra-Inquest' -490.2 570.952 -404.405
24	'Get--Druid-Runestone-Fragment-1x-per-day' -393.689 539.674 -259.757
25	'Shrub&Kill' -112.358 203.357 -867.555
26	'Shrub&Kill' -106.404 201.645 -824.689
27	'Rescue' -102.843 196.699 -786.749
28	'Shrub&Kill' -68.5129 208.107 -712.354
29	'Rescue' -59.1645 207.656 -760.902
30	'Shrub&Kill' -16.2085 204.647 -776.678
31	'Rescue' -45.5931 198.086 -820.53
32	'Shrub&Kill' -4.87336 187.552 -875.735
33	'Shrub&Kill' 29.4066 191.729 -832.947
34	'Shrub&Kill' -105.046 201.558 -823.782
35	'Shrub&Kill-Heart-completed' -112.321 203.493 -865.371
36	'Buy-Item-Druid-Runestone-Fragment-1x-per-day' -68.002 196.221 -892.041
37	'Take-Oil' 409.47 515.034 -240.464
38	'make-aline-to-fire' 420.697 514.826 -240.126
39	'Next' 418.425 513.56 -253.612
40	'next' 419.278 513.537 -248.932
41	'next' 416.716 513.744 -258.534
42	'next' 414.783 515.091 -264.084
43	'next' 413.265 514.264 -272.763
44	'next' 411.903 512.828 -280.23
45	'Next' 419.756 513.576 -243.41
46	'Next' 410.8 512.943 -286.666
47	'Destroy-Gate-if-there' 407.673 512.776 -177.896
48	'Free-Prisoner' 388.383 514.335 -167.391
49	'Free-prisoner' 383.128 512.74 -140.036
50	'kill-all-7-enemys-in-here' 397.419 511.187 -134.679
51	'Free-Prisoner' 415.055 510.178 -121.653
52	'Free-Prisoner' 420.921 510.548 -133.069
53	'Free-Prisoner' 416.852 509.854 -147.681
54	'Kill-2-Enemys' 369.178 513.157 -94.005
55	'Kill-2-Enemys' 326.695 504.28 16.0805
56	'Kill-2-Enemys' 360.151 510.276 4.70855
57	'Kill-2-Enemys' 446.523 508.178 -83.3638
58	'Kill-Sniper-Heart-completed' 311.017 526.392 15.9177
59	'Kill-2-Enemys-Extra-Spot' 384.552 547.605 6.3742
60	'Extra-Enemy' 338.119 542.323 26.9126
61	'Extra-Enemys&Prisoner-Heart-completed-after' 346.097 524.378 81.2812
62	'Buy-item-Druid-Runestone-Fragment-1x-per-day' 538.443 509.272 -336.363
63	'Buy-the-5th-Druid-Stone-shard-from-him' -449.295 6.01468 -543.328
64	'' -313.448 77.3235 -771.841
65	'' -224.928 138.605 -855.869
66	'' -93.8124 231.739 -1001.38
67	'' -64.2657 208.569 -965.709
68	'' -168.474 201.827 -929.436
69	'' -152.239 220.652 -870.821
70	'' -221.934 186.253 -835.406
71	'' -187.018 207.006 -755.71
72	'' -156.883 209.58 -658.774
73	'' -201.029 224.064 -506.174
74	'' -40.5891 224.522 -660.102
75	'' -77.76 225.277 -691.894
76	'' -5.58366 203.256 -767.762
77	'' 134.472 205.075 -710.737
78	'' 80.8544 230.32 -777.847
79	'' 55.8827 225.457 -904.09
80	'' 265.697 242.794 -928.806
81	'' 280.366 206.486 -511.588
82	'' 411.762 247.746 -444.174
83	'' 501.675 263.923 -464.395
84	'' 506.898 233.88 -266.647
85	'' 571.783 237.281 -244.921
86	'' 571.991 307.103 -377.342
87	'' 666.29 373.202 -215.527
88	'' 668.469 293.444 -588.431
89	'' 626.491 289.404 -622.804
90	'' 468.381 288.988 -606.144
91	'' 432.902 272.181 -580.066
92	'' 338.592 306.174 -758.983
93	'' 428.865 331.376 -754.482
94	'' 529.353 352.302 -823.577
95	'' 616.519 301.224 -790.8
96	'' 664.823 300.08 -902.966
97	'' 259.095 309.27 -826.499
98	'' 252.664 313.301 -885.654
99	'' 225.875 282.216 -982.189
100	'' 252.416 299.883 -1040.68
101	'' 325.644 301.412 -1030.5
102	'' 337.615 322.537 -994.193
103	'' 326.426 331.098 -1050.09
104	'' 376.211 377.871 -1075.03
105	'' 286.636 349.458 -1095.23
106	'' 201.852 360.831 -1084.97
107	'' 163.033 359.089 -1055.26
108	'' 120.674 353.875 -1053.69
109	'' 41.2732 358.808 -1006.81
110	'' -110.032 387.844 -1132.12
111	'' -152.178 436.839 -1130.96
112	'' -223.86 456.004 -1060.72
113	'' -324.067 478.171 -1041.2
114	'' -311.47 480.032 -917.701
115	'' -364.586 486.056 -820.604
116	'' -422.52 488.248 -779.738
117	'' -372.457 498.227 -735.173
118	'' -231.558 482.776 -823.228
119	'' -199.686 484.452 -737.337
120	'' -241.944 492.007 -691.849
121	'' -307.245 505.697 -661.812
122	'' -369.807 513.432 -629.375
123	'' -371.186 514.041 -676.359
124	'' -408.752 531.257 -641.467
125	'' -516.004 543.934 -638.221
126	'' -440.904 528.011 -656.755
127	'' -450.36 521.934 -706.968
128	'' -480.564 525.45 -710.746
129	'' -520.295 530.919 -742.014
130	'' -429.348 518.016 -830.495
131	'' -407.653 503.011 -840.058
132	'' -449.531 493.529 -893.624
133	'' -254.225 453.937 -950.754
134	'' -203.769 341.367 -939.996
135	'' -277.869 364.102 -846.953
136	'' -474.718 162.829 -785.909
137	'' -428.887 172.745 -733.286
138	'' -333.67 144.1 -667.213
139	'' -294.113 131.854 -635.709
140	'' -311.893 151.41 -566.204
141	'' -351.583 162.71 -535.22
142	'' -385.725 161.41 -602.44
143	'' -441.688 150.563 -540.746
144	'' -509.874 162.314 -601.55
145	'' -539.471 187.945 -613.154
146	'' -553.736 200.254 -588.42
147	'' -475.261 214.876 -526.64
148	'' -494.211 254.217 -306.186
149	'' -664.507 120.783 -230.891
150	'' -591.255 121.798 -302.531
151	'' -501.721 145.699 -440.011
152	'' -455.767 147.934 -459.296
153	'' -391.319 124.323 -441.42
154	'' -444.672 163.902 -487.148
155	'' 559.86 476.495 -621.992
156	'' 439.051 462.911 -617.869
157	'' 294.627 464.354 -563.099
158	'' 315.497 463.945 -499.417
159	'' 306 480.73 -390.971
160	'' 242.118 486.695 -428.394
161	'' 224.514 493.915 -533.464
162	'' 186.361 500.728 -595.119
163	'' 24.5454 489.143 -595.132
164	'' -175.116 491.368 -550.992
165	'' -162.391 504.507 -464.743
166	'' -223.194 480.95 -451.972
167	'' -310.133 522.571 -428.098
168	'' -294.324 546.806 -417.855
169	'' -339.042 545.779 -374.497
170	'' -444.469 529.901 -372.23
171	'' -397.905 541.121 -427.291
172	'' -330.428 528.9 -483.155
173	'' -377.701 560.257 -523.961
174	'' -464.909 548.405 -530.715
175	'' -429.26 550.799 -489.226
176	'' -454.838 559.997 -452.13
177	'' -526.796 560.219 -425.544
178	'' -569.01 556.026 -399.217
179	'' -581.956 583.233 -479.894
180	'' -637.365 563.205 -442.983
181	'' -489.125 587.653 -385.171
182	'' -341.25 606.727 -174.895
183	'' -411.165 580.99 -143.766
184	'' -269.905 604.216 -38.6347
185	'' -113.555 507.854 -119.218
186	'' -164.272 521.948 -249.277
187	'' -79.3142 514.015 -278.42
188	'' 55.9331 477.696 -96.2995
189	'' 56.1914 445.696 -168.991
190	'' 5.55951 443.604 -111.522
191	'' 382.783 513.225 -354.895
192	'' 344.43 512.286 -329.702
193	'' 375.032 532.458 -236.821
194	'' 537.533 521.395 -321.426
195	'' 549.926 535.116 -247.123
196	'' 505.458 535.858 -183.412
197	'' 653.315 552.077 -114.525
198	'' 469.455 553.149 -99.1365
199	'' 392.181 546.349 -21.1076
200	'' 392.987 567.206 52.7767
201	'' 392.71 541.637 68.015
202	'' 346.375 519.014 125.752
203	'' 182.753 497.243 85.8169
204	'' 70.6727 469.811 197.636
205	'' -56.2966 504.379 171.811
206	'' -86.0945 517.091 78.2228
207	'' -100.579 449.53 -11.239
208	'' -367.137 443.239 -68.991
209	'' -27.8562 326.676 224.271
210	'' -133.129 345.217 294.697
2111	'' -210.651 337.166 279.16
212	'' -172.982 357.817 193.449
213	'' -309.427 345.467 158.217
214	'' -272.164 371.761 133.164
215	'' -71.4639 364.276 140.3
216	'' -65.7316 366.417 -31.5387
217	'' -121.996 373.13 1.57182
218	'' -276.857 341.567 -14.0652
219	'' -238.71 346.143 115.885
220	'' -206.374 305.419 111.665
221	'' -224.091 295.241 -158.958
222	'' -12.8883 309.693 -68.0813
223	'' 42.2629 287.517 -127.722
224	'' 155.654 314.81 23.0542
225	'' 101.33 313.24 117.239
226	'' 81.4894 286.668 192.29
227	'' 455.551 247.773 72.7284
228	'Kill-the-Molten-Desecrator[TO-get-Element-of-the-Desecrator]&Combine-it-with-a-Runestone' 51.1827 294.605 -316.496
229	'Get-Element-of-Ignis&Combine-it-with-a-Runestone' -518.679 64.7134 -6.32594
230	'Get-Element-of-Aestus&Combine-it-with-a-Runestone' 394.259 40.4093 -149.504
231	'Now-when-you-done-the-3-Steps-you-can-port-via-next-coord-to-Kodama-to-give-them-the-3-stones-or-if-youre-not-with-it-go-to-the-next-coords-for-doing-other-things' 504.044 505.4 -382.615
232	'Give-him-the-3-Stones-for[Destroyer´s-Rest]-or-if-youre-not-done-with-that-go-on-with-next-coord' 706.38 148.331 -417.78
233	'For-the-next4-8-coords-you-need-4-Complete-Runestones-if-you-dont-have-them-dont-worry,we-collect-the-needed-items-first-and-then-we-meet-at-kotama' -466.37 4.41713 -536.313
234	'BTW-we-are-going-to-EMBER-BAY-now' -466.37 4.41713 -536.313
235	'Kill-Fire-Elementals-Until-you-get[Element-of-Fire-then-you-are-going-to-Gendarran-Fields' 295.434 74.0345 44.6763
236	'Kill-all-of-them-until-you-get[Element-of-Water' 1444.3 88.2351 -510.81
237	'We-are-porting-to-Metrica-Provinz-for[Element-of-Air]' 1438.44 -5.72245 -508.678
238	'Kill-Sparks-around-here-to-get-the-item' 130.405 35.3909 -1096.47
239	'Next-were-going-to-Queensdale' 181.507 21.6965 -1077.09
240	'Kill-Earth-Elementals-around-here-to-get[Element-of-Earth' -1018.98 21.3374 884.634
241	'Once-you-got-all-Elements-and-all-4-Druid-Stones,combine-them-all-with-one-stone-so-you-can-complete-this-step-by-bringing-them-back-to-Kodama-next-port-will-teleport-.you-to-Kodama' -994.578 40.7573 891.044
242	'Now-give-Kodama-the-Elemental-stones&or-the-Destroyer-Stones-or-both^^' 705.869 148.345 -417.027
243	'For-the-next-part-you-need[1-Vision-Crystal/5-Charged-Lodestones/5Glacial-Lodestones/5Onyx-Lodestones/5Molten-Lodestones]&40-Fire-Orchids' 707.169 148.054 -412.623
244	'Give-him-Vision-Crystal-and-the-second-time-the-10-Fire-orchids&5-CHarged-Lodestones' 705.698 148.456 -419.406
245	'Give-10-Orchids&5Glacial-Lodestone' 734.406 298.556 -346.008
246	'Give-10-Orchids&5Onyx-Lodestone' -269.075 364.054 -870.342
247	'Give-10-Orchids&5Molten-Lodestone' -1.02071 380.41 166.507
248	'THe-Next-Coords-will-be-all-around-the-World-you-need-max=15-Fire-Orchid-Seeds-in-total/First-Map-were-going-to-is-Mount-Maelstrom' -466.37 4.41713 -536.313
259	'[Dierdreïs-Orchard]-Plant-here-3-Seeds-in-the-Garden[Next-port-will-be-Dry-Top' 1223.03 9.93888 656.072
250	'[Maguumaïs-Orchard]-3-Fire-Orchids-here/NExt-port-will-be-CUrsed-Shore' -636.18 15.04 -52.1392
251	'Plant-3-Seeds-here/Next-port-is-in-Draconis-Mons' 101.532 30.8527 449.414
252	'Plant-one-seed-here-next-coords-will-be-all-in-Draconis-Mons' 240.303 5.49483 -53.0853
253	'Seed-here' -495.196 254.152 -305.405
254	'Seed-here' -638.06 563.399 -442.406
255	'Seed-here' 591.612 135.489 -313.441
256	'Seed-here' -367.455 443.18 -70.4069
257	'Last-Seed-after-that-youre-done-with-the-Collection-GZ-to-youre-Druid-stone' -503.798 612.824 -28.8823
