1	'Shroom&kill' -78.2514 308.803 68.9827
2	'Shroom&Kill' -170.387 310.65 118.153
3	'Shroom&Kill' -177.307 311.462 146.114
4	'Kill-the-5-Spiders' -243.583 303.082 200.705
5	'Shroom&Kill' -250.372 302.737 179.642
6	'Shroom&Kill' -227.249 292.516 93.4672
7	'Shroom&Kill' -137.664 310.074 62.6167
8	'Killspiders' -133.804 310.337 52.0502
9	'kIll-5-spiders-Heart-completed' -213.416 309.656 9.67373
10	'[Buy-Druid-Runestone-Fragment-1x-per-day' -82.4398 313.127 126.712
11	'Recorder-if-not-there-use-the-extra-slots-which-are-comming-later' -399.508 510.041 -368.207
12	'Recorder-if-not-there-use-the-extra-slots-which-are-comming-later' -331.219 510.188 -397.296
13	'Kill-4-Inquest' -320.931 510.219 -426.932
14	'Kill-2-Inquest' -330.487 514.709 -462.841
15	'Kill-3-Inquest' -344.117 530.107 -481.627
16	'Kill-Inquest' -372.686 531.693 -440.351
17	'Kill-3-Inquest' -400.25 510.135 -385.568
18	'Kill-4-Inquest' -473.017 539.408 -340.373
19	'Kill-Inquest-Heart-completed' -366.126 523.46 -326.043
20	'Kill-Inquest-Extra-Spot' -357.972 520.081 -347.07
21	'Extra-Inquest' -448.419 572.091 -383.901
22	'Extra-Inquest' -477.727 573.869 -378.703
23	'Extra-Inquest' -490.2 570.952 -404.405
24	'Get--Druid-Runestone-Fragment-1x-per-day' -393.689 539.674 -259.757
25	'Shrub&Kill' -112.358 203.357 -867.555
26	'Shrub&Kill' -106.404 201.645 -824.689
27	'Rescue' -102.843 196.699 -786.749
28	'Shrub&Kill' -68.5129 208.107 -712.354
29	'Rescue' -59.1645 207.656 -760.902
30	'Shrub&Kill' -16.2085 204.647 -776.678
31	'Rescue' -45.5931 198.086 -820.53
32	'Shrub&Kill' -4.87336 187.552 -875.735
33	'Shrub&Kill' 29.4066 191.729 -832.947
34	'Shrub&Kill' -105.046 201.558 -823.782
35	'Shrub&Kill-Heart-completed' -112.321 203.493 -865.371
36	'Buy-Item-Druid-Runestone-Fragment-1x-per-day' -68.002 196.221 -892.041
37	'Take-Oil' 409.47 515.034 -240.464
38	'make-aline-to-fire' 420.697 514.826 -240.126
39	'Next' 418.425 513.56 -253.612
40	'next' 419.278 513.537 -248.932
41	'next' 416.716 513.744 -258.534
42	'next' 414.783 515.091 -264.084
43	'next' 413.265 514.264 -272.763
44	'next' 411.903 512.828 -280.23
45	'Next' 419.756 513.576 -243.41
46	'Next' 410.8 512.943 -286.666
47	'Destroy-Gate-if-there' 407.673 512.776 -177.896
48	'Free-Prisoner' 388.383 514.335 -167.391
49	'Free-prisoner' 383.128 512.74 -140.036
50	'kill-all-7-enemys-in-here' 397.419 511.187 -134.679
51	'Free-Prisoner' 415.055 510.178 -121.653
52	'Free-Prisoner' 420.921 510.548 -133.069
53	'Free-Prisoner' 416.852 509.854 -147.681
54	'Kill-2-Enemys' 369.178 513.157 -94.005
55	'Kill-2-Enemys' 326.695 504.28 16.0805
56	'Kill-2-Enemys' 360.151 510.276 4.70855
57	'Kill-2-Enemys' 446.523 508.178 -83.3638
58	'Kill-Sniper-Heart-completed' 311.017 526.392 15.9177
59	'Kill-2-Enemys-Extra-Spot' 384.552 547.605 6.3742
60	'Extra-Enemy' 338.119 542.323 26.9126
61	'Extra-Enemys&Prisoner-Heart-completed-after' 346.097 524.378 81.2812
62	'Buy-item-Druid-Runestone-Fragment-1x-per-day' 538.443 509.272 -336.363
63	'Buy-the-5th-Druid-Stone-shard-from-him' -449.295 6.01468 -543.328
64	'The-Item=Volcanos-heart-will-earned-through-story-achievments-so-no-port-for-that-one' -29.0749 311.109 140.772
65	'So-after-you-have-5-pieces-combine-them-and-go-to-next-port-for-completing-one-step' -449.295 6.01468 -543.328
66	'[For-completing-the-Achievment=THe-Druids-Story]-talk-to-him-and-give-him-the-druid-stone' 705.441 148.432 -418.259
67	'so-next-part-will-be-the-farming-so-you-dont-have-to-wait-so-long-for-completing-everything' 707.567 81.6458 -409.87
68	'The-Next-coords-will-be-for-farming-the-fire-orchids-in-this-map' 707.567 81.6458 -409.87
69	'' -313.448 77.3235 -771.841
70	'' -224.928 138.605 -855.869
71	'' -93.8124 231.739 -1001.38
72	'' -64.2657 208.569 -965.709
73	'' -168.474 201.827 -929.436
74	'' -152.239 220.652 -870.821
75	'' -221.934 186.253 -835.406
76	'' -187.018 207.006 -755.71
77	'' -156.883 209.58 -658.774
78	'' -201.029 224.064 -506.174
79	'' -40.5891 224.522 -660.102
80	'' -77.76 225.277 -691.894
81	'' -5.58366 203.256 -767.762
82	'' 134.472 205.075 -710.737
83	'' 80.8544 230.32 -777.847
84	'' 55.8827 225.457 -904.09
85	'' 265.697 242.794 -928.806
86	'' 280.366 206.486 -511.588
87	'' 411.762 247.746 -444.174
88	'' 501.675 263.923 -464.395
89	'' 506.898 233.88 -266.647
90	'' 571.783 237.281 -244.921
91	'' 571.991 307.103 -377.342
92	'' 666.29 373.202 -215.527
93	'' 668.469 293.444 -588.431
94	'' 626.491 289.404 -622.804
95	'' 468.381 288.988 -606.144
96	'' 432.902 272.181 -580.066
97	'' 338.592 306.174 -758.983
98	'' 428.865 331.376 -754.482
99	'' 529.353 352.302 -823.577
100	'' 616.519 301.224 -790.8
101	'' 664.823 300.08 -902.966
102	'' 259.095 309.27 -826.499
103	'' 252.664 313.301 -885.654
104	'' 225.875 282.216 -982.189
105	'' 252.416 299.883 -1040.68
106	'' 325.644 301.412 -1030.5
107	'' 337.615 322.537 -994.193
108	'' 326.426 331.098 -1050.09
109	'' 376.211 377.871 -1075.03
110	'' 286.636 349.458 -1095.23
111	'' 201.852 360.831 -1084.97
112	'' 163.033 359.089 -1055.26
113	'' 120.674 353.875 -1053.69
114	'' 41.2732 358.808 -1006.81
115	'' -110.032 387.844 -1132.12
116	'' -152.178 436.839 -1130.96
117	'' -223.86 456.004 -1060.72
118	'' -324.067 478.171 -1041.2
119	'' -311.47 480.032 -917.701
120	'' -364.586 486.056 -820.604
121	'' -422.52 488.248 -779.738
122	'' -372.457 498.227 -735.173
123	'' -231.558 482.776 -823.228
124	'' -199.686 484.452 -737.337
125	'' -241.944 492.007 -691.849
126	'' -307.245 505.697 -661.812
127	'' -369.807 513.432 -629.375
128	'' -371.186 514.041 -676.359
129	'' -408.752 531.257 -641.467
130	'' -516.004 543.934 -638.221
131	'' -440.904 528.011 -656.755
132	'' -450.36 521.934 -706.968
133	'' -480.564 525.45 -710.746
134	'' -520.295 530.919 -742.014
135	'' -429.348 518.016 -830.495
136	'' -407.653 503.011 -840.058
137	'' -449.531 493.529 -893.624
138	'' -254.225 453.937 -950.754
139	'' -203.769 341.367 -939.996
140	'' -277.869 364.102 -846.953
141	'' -474.718 162.829 -785.909
142	'' -428.887 172.745 -733.286
143	'' -333.67 144.1 -667.213
144	'' -294.113 131.854 -635.709
145	'' -311.893 151.41 -566.204
146	'' -351.583 162.71 -535.22
147	'' -385.725 161.41 -602.44
148	'' -441.688 150.563 -540.746
149	'' -509.874 162.314 -601.55
150	'' -539.471 187.945 -613.154
151	'' -553.736 200.254 -588.42
152	'' -475.261 214.876 -526.64
153	'' -494.211 254.217 -306.186
154	'' -664.507 120.783 -230.891
155	'' -591.255 121.798 -302.531
156	'' -501.721 145.699 -440.011
157	'' -455.767 147.934 -459.296
158	'' -391.319 124.323 -441.42
159	'' -444.672 163.902 -487.148
160	'' 559.86 476.495 -621.992
161	'' 439.051 462.911 -617.869
162	'' 294.627 464.354 -563.099
163	'' 315.497 463.945 -499.417
164	'' 306 480.73 -390.971
165	'' 242.118 486.695 -428.394
166	'' 224.514 493.915 -533.464
167	'' 186.361 500.728 -595.119
168	'' 24.5454 489.143 -595.132
169	'' -175.116 491.368 -550.992
170	'' -162.391 504.507 -464.743
171	'' -223.194 480.95 -451.972
172	'' -310.133 522.571 -428.098
173	'' -294.324 546.806 -417.855
174	'' -339.042 545.779 -374.497
175	'' -444.469 529.901 -372.23
176	'' -397.905 541.121 -427.291
177	'' -330.428 528.9 -483.155
178	'' -377.701 560.257 -523.961
179	'' -464.909 548.405 -530.715
180	'' -429.26 550.799 -489.226
181	'' -454.838 559.997 -452.13
182	'' -526.796 560.219 -425.544
183	'' -569.01 556.026 -399.217
184	'' -581.956 583.233 -479.894
185	'' -637.365 563.205 -442.983
186	'' -489.125 587.653 -385.171
187	'' -341.25 606.727 -174.895
188	'' -411.165 580.99 -143.766
189	'' -269.905 604.216 -38.6347
190	'' -113.555 507.854 -119.218
191	'' -164.272 521.948 -249.277
192	'' -79.3142 514.015 -278.42
193	'' 55.9331 477.696 -96.2995
194	'' 56.1914 445.696 -168.991
195	'' 5.55951 443.604 -111.522
196	'' 382.783 513.225 -354.895
197	'' 344.43 512.286 -329.702
198	'' 375.032 532.458 -236.821
199	'' 537.533 521.395 -321.426	
200	'' 549.926 535.116 -247.123
201	'' 505.458 535.858 -183.412
202	'' 653.315 552.077 -114.525
203	'' 469.455 553.149 -99.1365
204	'' 392.181 546.349 -21.1076
205	'' 392.987 567.206 52.7767
206	'' 392.71 541.637 68.015
207	'' 346.375 519.014 125.752
208	'' 182.753 497.243 85.8169
209	'' 70.6727 469.811 197.636
210	'' -56.2966 504.379 171.811
211	'' -86.0945 517.091 78.2228
212	'' -100.579 449.53 -11.239
213	'' -367.137 443.239 -68.991
214	'' -27.8562 326.676 224.271
215	'' -133.129 345.217 294.697
216	'' -210.651 337.166 279.16
217	'' -172.982 357.817 193.449
218	'' -309.427 345.467 158.217
219	'' -272.164 371.761 133.164
220	'' -71.4639 364.276 140.3
221	'' -65.7316 366.417 -31.5387
222	'' -121.996 373.13 1.57182
223	'' -276.857 341.567 -14.0652
224	'' -238.71 346.143 115.885
225	'' -206.374 305.419 111.665
226	'' -224.091 295.241 -158.958
227	'' -12.8883 309.693 -68.0813
228	'' 42.2629 287.517 -127.722
229	'' 155.654 314.81 23.0542
230	'' 101.33 313.24 117.239
231	'' 81.4894 286.668 192.29
232	'' 455.551 247.773 72.7284
233	'Sooooooooooooo-after-youdid-the-farming-were-gonna-bring-some-of-them-to-the-spirits-port-to-next-coord-to-start' 504.044 505.4 -382.615
234	'Give-him-Fire-Orchid-to-get=A-Flower-for-Kodama' 704.413 148.464 -416.812
235	'Give-him-Fire-Orchid-to-get=Al-Flower-for-Liriodendron' 734.479 298.556 -347.391
236	'Give-him-Fire-Orchid-to-get-A-Flower-for-Broadleaf' -270.026 364.104 -870.046
237	'You-know-the-Drill' -1.31633 380.303 165.906
238	'Now-youve-completed-the-First-Collection-See-ya-in-the-Second-one!' -466.37 4.41713 -536.313
