1	'Caledon_Forest_-_Carrots'	7.832247824476919	8.548563144518598	1208.7052294737293
2	'The_Desolation_-_Carrots'	589.9629785691332	21.46723259992722	1816.833308741644
3	'Lions_Arch_-_Herbs_(Chili_Pepper_Seeds)'	-606.32139715499	104.9607116626168	367.2713052166256
4	'Elon_Riverlands_-_Cluster_of_Desert_Herbs_(Chili)'	1254.7705482640777	21.1396773422339	173.81429707713556
5	'Sandswept_Isles_-_Cluster_of_Desert_Herbs_(Chili)'	39.1517647429021	35.34624955833927	779.5923535095216
6	'Brisban_Wildlands_-_Spinach'	1187.7460023588048	151.46331517909883	-900.054351958465
7	'Gendarran_Fields_-_Spinach'	-68.30198072605941	50.30032407203974	717.0275650193722
8	'Kessex_Hills_-_Strawberry'	1338.7531574125273	94.96383575436954	-556.9959349164434
9	'Snowden_Drifts_-_Strawberry'	931.2056611991155	137.5568421991931	-537.9941752351557
10	'Harathi_Hinterlands_-_Cabbage'	-869.9710867875224	0.2278865937936503	-167.6502397250465
11	'Blazeridge_Steppes_-_Cabbage'	568.6251039111586	53.460108908485175	720.5078959271169
12	'Blazeridge_Steppes_-_Zucchini'	-62.51563033029756	34.2362625417694	1270.9319203060807
13	'Bloodtide_Coast_-_Pumpkin'	772.825721845189	82.94807055565626	19.969993333080527
14	'Iron_Marches_-_Pumpkin'	-518.8720579901216	48.765304719379614	911.4309109441617
15	'Fireheart_Rise_-_Butternut_Squash'	-843.0102156040793	75.38913065527368	-898.2221555897985
16	'Frostgorge_Sound_-_Butternut_Squash'	787.9932151276105	10.097484087055081	-732.4446961580458
17	'Fireheart_Rise_-_Raspberries'	-102.15196589388017	75.8333177341646	662.8110423962202
18	'Frostgorge_Sound_-_Raspberries'	-725.5135019676928	4.11055973670365	-622.7915089492225
19	'Iron_Marches_-_Blackberries'	221.23728456717888	43.85234017939911	-457.63092517180604
20	'Timberline_Falls_-_Blackberries'	-562.9032044794736	3.5937274087745497	-28.65620428673054
21	'Cursed_Shore_-_Ghost_Pepper'	144.71198507304203	18.46120262833436	179.02872110717297
22	'Malchors_Leap_-_Ghost_Pepper'	444.90156708639677	25.31551809044617	-516.5255842495623
23	'Malchors_Leap_-_Omnomberries'	616.411325124374	61.965123720453235	-494.78135823303785
24	'Cursed_Shore_-_Omnomberries'	-177.1205290653333	19.813702575075602	665.9264231246088
25	'Mount_Maelstrom_-_Hidden_Garden'	1226.7784616553859	10.328783996359599	667.8679824901659
26	'Brisban_Wildlands_-_Unbreakable_Garden_Trowel'	1187.7460023588048	151.46331517909883	-900.054351958465
27	'Frostgorge_Sound_-_Unbreakable_Garden_Trowel'	787.9932151276105	10.097484087055081	-732.4446961580458
28	'Bloodtide_Coast_-_Unbreakable_Garden_Trowel'	772.825721845189	82.94807055565626	19.969993333080527
29	'Snowden_Drifts_-_Fertilized_with_Bat_Guano'	1266.0158087008945	129.49517136750038	-563.3657192007413
30	'Frostgorge_Sound_-_Fertilized_with_a_Fish_Carcass'	-843.661326403338	-43.72840849754842	462.89118157388185
31	'Queensdale_-_Fertilized_with_Cow_Pies'	-918.2524940947637	10.53551006066481	-296.10617281333805
32	'Diessa_Plateau_-_Fertilized_with_Cow_Pies'	-649.387324541081	59.18855581762382	28.785763888968855
33	'Verdant_Brink_-_Airship_Cargo_(Fertilized_with_Compost)'	1151.353762248791	514.66823111511	62.528636757289654
34	'Auric_Basin_-_Exalted_Chest_(Fertilized_with_Compost)'	73.87238166282076	408.64817557688156	582.2462763642695
35	'Tangled_Depths_-_Crystallized_Supply_Cache_(Fertilized_with_Compost)'	190.9972478448643	3.2510171196248923	-428.6902844062049
36	'Sparkfly_Fen_-_Fertilized_with_Tequatls_Bone_Meal'	-606.2124208046218	0.26613831903060087	-1060.0864092606005
37	'Sparkfly_Fen_-_Fertilized_with_Megalodon_Bone_Meal'	-265.992192756035	-3.95393819349263	850.7863828876973
38	'Cursed_Shore_-_Fertilized_with_Megalodon_Bone_Meal'	386.2094078763346	-3.41673964536724	-1311.8298973787723
39	'Straits_of_Devastation_-_Fertilized_with_Megalodon_Bone_Meal'	591.8802297214932	-3.3470681310465094	19.113197645753218
40	'Cursed_Shore_-_Fertilized_with_the_High_Wizards_Bone_Meal'	511.7376174836642	109.41331002308374	-384.18134501121926
41	'Cursed_Shore_-_Fertilized_with_Royal_Bone_Meal'	88.39124435003521	20.457173751629025	-105.23117193569428
42	'Cursed_Shore_-_Fertilized_with_Giant_Bone_Meal'	511.7376174836642	109.41331002308374	-384.18134501121926
43	'Gendarran_Fields_-_Water_Bucket_'	218.6051241359329	10.047445611864873	-327.78516049330204
44	'Dry_Top_-_Watered_with_Oasis_Water'	-640.8429681604482	-0.1817993982705857	15.493784789169336
45	'The_Grove_-_Watered_with_Pure_Grove_Water'	13.611526776916199	3.9882181636402025	265.52481246630055
46	'Mount_Maelstrom_-_Watered_with_the_Cluster_of_Waves'	1379.8879750291528	54.36324682938948	412.24348112269956
47	'Malchors_Leap_-_Watered_with_Ancient_Waters_of_Hope'	856.518093699717	-1.425153660145207	-644.963269828886
48	'Southsun_Cove_-_Watered_with_Mineral_Water'	40.44664493742561	73.10656894829276	92.91896277340412
49	'Mount_Maelstrom_-_Hidden_Garden'	1226.7784616553859	10.328783996359599	667.8679824901659
50	'Lions_Arch_-_Grandmaster_Craftsman_Hobbs'	-230.70496368107973	22.044476663355955	393.1160638462122
