1	'Brisban_Wildlands_-_Terebinth_Flower'	1097.1279850220542	96.35384214481374	65.43943483706015
2	'Urban_Battleground_Fractal_-_Red_Iris_Flower'	211.777130010805	26.802192795004483	997.1030876048953
3	'Straits_of_Devastation_-_Blooming_Artichoke'	1008.6328392007113	71.64674941440335	849.1477687880806
4	'Mount_Maelstrom_-_Blooming_Artichoke'	266.4527628328852	46.89113082691392	-198.1859660425515
5	'Malchors_Leap_-_Black_Crocus'	-372.7118779551279	63.085502595094795	-521.5161253811102
6	'Cursed_Shore_-_Black_Crocus'	39.03408478415931	37.216280441308015	1140.338465473317
7	'Silverwastes_-_Cactus_Flower'	114.80486804854263	508.5008998740547	-406.5740289091552
8	'Southsun_Cove_-_Delicate_Passion_Flower'	766.088541345368	38.16438489345856	-425.8188954532452
9	'Silverwastes_-_Tiny_Vinewrath_Blossom'	-472.81208932304827	540.5328181339628	56.266968200769824
10	'Cursed_Shore_-_Lotus_Flower'	-288.4957175303008	-0.7598803610623311	278.2128730162716
11	'Swampland_Fractal_-_Lovely_Dandelion'	-134.65464316921089	0.5751894278060007	-157.34695771748417
12	'Kessex_Hills_-_Foxglove'	1165.3411973372254	92.47214744097676	-736.2693496263133
13	'Blazeridge_Steppes_-_Crimson_Sunflower'	492.9315656480828	128.10713347880417	1382.3243575419049
14	'Caledon_Forest_-_Itlaocols_Flower'	-656.430005128993	5.951620549473389	824.571913859024
15	'Fireheart_Rise_-_Nrocroc_Pressed_Prickleberry_Friendship_Flower'	-855.8379225403603	55.7201472931223	-353.9351834702363
