1	'PoI1' -672.275 56.8475 -632.314
2	'PoI2' 794.796 -1.37273 -996.085
3	'PoI3' 672.794 30.3928 -569.803
4	'PoI4' 548.2 73.873 -306.548
5	'PoI5' 865.889 5.936 -234.987
6	'PoI6' 40.9523 69.3007 -393.271
7	'PoI7' -310.904 -111.181 -197.096
8	'PoI8' -569.374 -65.4825 205.888
9	'PoI9' -209.851 22.5654 278.309
10	'PoI10' 179.044 -3.77142 253.74
11	'PoI11' 384.249 0.939481 135.468
12	'PoI12' 584.742 24.2148 144.62
13	'PoI13' -431.165 -98.602 959.973
14	'PoI14' -252.985 61.8895 1147.71
15	'PoI15' -83.1444 64.7732 740.156
16	'PoI16' 230.954 -4.02353 679.935
17	'PoI17' 564.916 19.2296 623.27
18	'PoI18' -339.828 -84.6291 738.121
