1	'WP1' 272.954 18.4806 1186.61
2	'WP2' 720.425 58.5336 1040.75
3	'WP3' -299.152 -58.8345 854.934
4	'WP4' 69.7219 45.3499 635.748
5	'WP5' 298.6 1.06326 845.711
6	'WP6' 625.09 0.00682049 386.429
7	'WP7' 187.013 10.8437 -113.603
8	'WP8' -177.03 1.77066 110.803
9	'WP9' 783.875 0.226986 -123.91
10	'WP10' -595.591 2.07035 -176.299
11	'WP11' -119.115 7.50353 -612.203
12	'WP12' 774.478 13.9982 -582.093
13	'WP13' 660.797 1.79537 -993.249
14	'WP14' -114.631 -169.251 -776.228
15	'WP15' -627.75 20.8925 -939.337
