1	'chest' -11.0097 187.576 970.94
2	'chest' 114.601 177.256 1014.37
3	'chest' 207.347 100.042 1049.08
4	'chest' 526.958 206.027 969.55
5	'chest' 655.939 187.908 1046.65
6	'chest' 804.655 220.044 1131.74
7	'chest' 1579.57 145.668 582.242
8	'chest' 1647.8 135.225 844.292
9	'chest' 1599.98 253.603 1039.5
10	'chest' 734.688 82.5757 815.181
11	'chest' 1098.54 153.835 540.423
12	'chest' 1365.27 126.267 436.27
13	'chest' 1644.99 207.267 250.995
14	'chest' 907.369 98.3625 369.097
15	'chest' 758.756 122.153 374.532
16	'chest' 1005.09 134.95 -85.6289
17	'chest' 1151.58 62.115 -3.67928
18	'chest' 1180.11 185.309 -180.151
19	'chest' 1339.68 79.1758 -61.0221
20	'chest' 1232.14 70.2737 -444.306
21	'chest' 1304.44 57.0404 -751.736
22	'chest' 1224.72 41.2906 -797.466
23	'chest' 1292.04 0.921732 -1103.11
24	'chest' 1029.27 78.349 -1066.35
25	'chest' 746.732 163.621 -592.189
26	'chest' 702.689 198.174 -450.571
27	'chest' 854.278 159.165 -387.115
28	'chest' 633.285 217.277 -24.3674
29	'chest' 595.743 357.809 -56.8413
30	'chest' 582.884 84.8411 78.3265
31	'chest' 378.671 153.551 -61.503
32	'chest' 1672 152.724 -159.159
33	'chest' -1709.69 106.406 800.762
34	'chest' -1148.08 131.904 -894.962
35	'chest' -1222.56 155.533 -918.276
36	'chest' -1078.75 197.961 -928.984
37	'chest' 122.139 164.189 -1037.2
38	'chest' 1538.4 249.067 -618.677
