1	'bust' 31.3388 183.104 1076.23
2	'bust' 208.321 217.611 1120.55
3	'bust' 1165.92 7.30762 1142.3
4	'bust' 1120.75 157.244 521.334
5	'bust' 1748.62 186.63 299.706
6	'bust' 633.215 84.8378 85.0689
7	'bust' 442.63 142.916 144.953
8	'bust' 306.052 197.729 96.7335
9	'bust' 330.837 271.09 -109.281
10	'bust' 482.081 113.854 -692.101
11	'bust' 552.078 284.19 -681.58
12	'bust' 1250.54 241.611 -687.223
13	'bust' 1567.52 236.446 -600.803
14	'bust' 1750.51 184.517 -597.516
15	'bust' 1768.83 135.144 -912.026
16	'bust' 1628.74 73.0939 -774.441
17	'bust' 1566.58 70.1841 -780.271
18	'bust' 101.565 147.804 -1125.56
19	'bust' -454.807 155.217 -163.99
20	'bust' -375.782 260.001 -616.802
21	'bust' -923.369 291.129 -838.319
22	'bust' -1232.48 155.481 -908.325
23	'bust' -1506.95 166.588 -320.269
24	'bust' -1696.8 134.256 1007.46
25	'bust' -1739.02 106.413 758.409
