1	'HP1' 1160.39 56.3415 297.654
2	'HP2' 835.851 29.8095 176.941
3	'HP3' 653.011 72.7848 -486.238
4	'HP4' 307.414 48.508 -496.42
5	'HP5' -139.135 54.6284 -496.718
6	'HP6' -449.728 22.9035 -406.116
7	'HP7' -769.244 3.42543 -499.462
8	'HP8' -1106.25 12.4814 -559.849
9	'HP9' -513.954 -18.0787 156.186
10	'HP10' -296.963 141.601 -11.7109
11	'HP11' -424.118 181.482 50.068
12	'HP12' 29.8994 36.0003 109.672
13	'HP13' 193.731 56.4297 480.116
14	'HP14' 546.11 126.063 197.495
15	'HP15' 419.119 1.68123 225.171
