1	'PoI1' -441.493 14.7532 1088.37
2	'PoI2' -652.874 56.0993 778.565
3	'PoI3' -611.741 45.306 508.129
4	'PoI4' -443.376 30.5129 367.479
5	'PoI5' -216.895 2.26207 514.346
6	'PoI6' -54.7502 9.32009 261.313
7	'PoI7' 456.978 9.52703 740.981
8	'PoI8' 208.318 6.35624 698.905
9	'PoI9' 663.74 79.2191 505.763
10	'PoI10' 14.4565 1.46739 -127.067
11	'PoI11' -257.418 -28.3859 101.717
12	'PoI12' 203.411 4.04206 -369.938
13	'PoI13' -575.047 -45.0937 -143.112
14	'PoI14' 808.502 77.6115 -382.361
15	'PoI15' -292.623 45.4273 -532.317
16	'PoI16' 785.54 49.3049 -890.795
17	'PoI17' -487.001 7.59213 -754.235
18	'PoI18' -569.286 2.45351 -925.409
19	'PoI19' -837.313 -35.1574 -665.794
20	'PoI20' 124.619 3.44017 962.397
