1	'WP1' -645.059 5.024 1092.28
2	'WP2' -418.53 25.5995 641.93
3	'WP3' -29.4563 37.277 500.249
4	'WP4' 260.041 2.10334 865.573
5	'WP5' 245.609 56.9311 1048.6
6	'WP6' 636.528 6.59811 1000.23
7	'WP7' 597.013 45.7549 664.191
8	'WP8' 715.389 51.0403 26.7909
9	'WP9' 88.7769 9.79801 46.2155
10	'WP10' -736.957 8.43291 80.5796
11	'WP11' 711.969 41.4063 -749.375
12	'WP12' 406.734 2.6655 -395.514
13	'WP13' -86.4366 11.0634 -425.892
14	'WP14' -674.506 -56.0472 -475.491
15	'WP15' 382.355 0.438203 -900.348
16	'WP16' -15.0281 1.59581 -819.079
17	'WP17' -475.32 9.7814 -930.938
