1	'Egg' -510.296 44.9858 62.5047
2	'put-in-and-wait' -496.944 45.2085 89.9724
3	'Egg' -469.965 41.7427 38.5875
4	'put-in-and-wait' -499.286 46.3413 91.3323
5	'Egg' -455.614 37.244 26.3115
6	'Put-in' -499.232 46.1841 91.6484
7	'Egg' -430.19 39.1877 42.6591
8	'Put-in' -496.403 45.1926 91.6903
9	'Egg' -417.246 27.3054 -17.3459
10	'Put-in' -496.865 45.2472 92.0584
11	'Egg' -379.969 21.1457 -16.5664
12	'Put-in' -496.258 45.1611 90.9508
13	'Egg' -474.202 39.1706 155.177
14	'Put-in' -496.747 45.2426 91.9704
15	'Egg' -435.435 36.0701 156.065
16	'Put-in' -496.46 45.1628 90.4047
17	'First-egg-again-if-not-yet-respawned-go-to-next-heart' -510.108 44.9768 63.3932
18	'Put-in' -495.795 45.1031 91.0819
19	'Egg' -469.55 41.6514 37.947
20	'put-in' -497.151 45.2084 89.6923
21	'Egg' -430.617 39.3488 45.3186
22	'Put-in-Heart-completed' -496.68 45.1872 90.3271
23	'Kill-all-trolls-around-here' 217.981 13.3964 407.908
24	'Kill-both-veterans-and-the-running-mobs-around-here' 180.463 13.7076 490.337
25	'Take-ice' -289.134 78.9517 282.415
26	'Take-Stick' -307.346 69.6494 267.701
27	'Take' -143.601 8.82224 178.522
28	'Take' -272.705 34.5122 192.179
29	'Take' -361.932 81.1295 336.192
30	'Take' -420.16 64.4542 284.819
31	'Take' -438.281 109.451 421.251
32	'Take' -416.241 116.968 426.305
33	'Kick-chicken' 35.3706 20.3306 233.413
34	'Kick-chicken' 66.7738 18.1212 282.57
35	'Kick-Chicken' 79.2552 16.9723 255.219
36	'Kick-Chicken' 96.9622 18.0579 329.227
37	'Place-the-totem-here-Heart-completed' -55.72 29.8103 201.195
38	'Banner' -749.806 3.29416 -280.999
39	'Banner' -855.641 7.38471 -276.391
40	'Banner' -910.279 0.19224 -297.862
41	'Banner' -931.52 0.195119 -196.544
42	'Banner-Heart-completed' -881.992 4.60585 -244.286
43	'Take' 775.75 9.14949 -381.562
44	'Take-Herbs' 784.689 16.0046 -338.878
45	'Herbs' 821.229 19.4361 -290.633
46	'Herbs' 823.308 17.0937 -309.807
47	'herbs' 799.406 3.4905 -442.768
48	'Herbsa' 785.512 10.5492 -459.649
49	'Herbs' 801.704 10.6836 -467.272
50	'Herbs' 823.497 9.99676 -478.743
51	'Herbs' 832.892 4.64388 -464.793
52	'Herbs' 734.473 11.8666 -448.22
53	'herbs' 763.796 17.3992 -474.805
54	'Herbs' 783.328 17.5059 -486.243
55	'herbs' 592.082 31.1556 -422.197
56	'Herbs' 603.024 31.32 -439.375
57	'Herbs' 588.25 33.9427 -447.542
58	'Place-herbs-here-Heart-completed' 637.281 0.968511 -365.484
