1	'fire' -676.55 0.16 -434.73
2	Icebound_Chest -915.82042 0.28528 -211.08487
3	Icebound_Chest -907.82042 0.19422 -412.57442
4	Icebound_Chest -903.23616 45.25732 -85.53678
5	Icebound_Chest -822.56212 139.2706 225.34317
6	Icebound_Chest -820.45387 1.31769 -269.82288
7	'fire' -676.55 0.16 -434.73
8	Icebound_Chest -802.02706 71.90504 343.92128
9	Icebound_Chest -786.11931 1.63581 -123.4305
10	Icebound_Chest -763.56089 113.15781 125.54859
11	Icebound_Chest -761.43173 1.368 -66.77712
12	Icebound_Chest -760.07872 0.45238 -172.13899
13	'fire' -676.55 0.16 -434.73
14	Icebound_Chest -745.75892 98.85621 66.44945
15	Icebound_Chest -738.02214 0.28744 -269.52399
16	Icebound_Chest -717.29274 0.23347 -355.38253
17	Icebound_Chest -687.1845 0.19271 -183.51292
18	Icebound_Chest -669.41451 1.2553 -359.32595
19	'fire' -676.55 0.16 -434.73
20	Icebound_Chest -666.17712 101.66531 204.12546
21	Icebound_Chest -647.07134 13.20467 -246.43173
22	Icebound_Chest -640.80443 0.65339 -297.42066
23	Icebound_Chest -634.74908 19.08487 -411.39237
24	Icebound_Chest -592.91513 1.40616 -120.8107
25	'fire' -676.55 0.16 -434.73
26	Icebound_Chest -591.03321 0.07003 -226.59902
27	Icebound_Chest -578.15498 113.54121 50.22595
28	Icebound_Chest -569.55843 119.17638 -33.9
29	Icebound_Chest -457.40836 33.5305 -9.49146
30	Icebound_Chest -442.65191 121.91722 215.96187
31	'fire' -676.55 0.16 -434.73
32	Icebound_Chest -434.58303 41.83542 72.65252
33	Icebound_Chest -365.46617 143.46248 366.29766
34	Icebound_Chest -359.29028 1.65743 -66.26359
35	Icebound_Chest -334.20787 117.83309 296.94096
36	Icebound_Chest -327.62485 0.71785 34.83186
37	'fire' -676.55 0.16 -434.73
38	Icebound_Chest -314.90652 0.92329 -138.40098
39	Icebound_Chest -267.41328 0.51692 3.37552
40	Icebound_Chest -219.9754 1.64953 47.92485
41	Icebound_Chest -180.19065 1.84829 96.35597
42	Icebound_Chest -179.48339 0.765 -158.77737
43	'fire' -676.55 0.16 -434.73
44	Icebound_Chest -164.84871 0.65765 -66.73887
45	Icebound_Chest -144.77737 1.83237 -1.02021
46	Icebound_Chest -144.76261 1.74476 -210.04182
47	Icebound_Chest -117.54871 71.34539 -411.07749
48	Icebound_Chest -112.42854 1.70343 -159.66052
49	'fire' -676.55 0.16 -434.73
50	Icebound_Chest -91.83592 2.23619 124.37884
51	Icebound_Chest -68.08057 1.72074 -281.00246
52	Icebound_Chest -36.36421 2.14699 64.90935
53	Icebound_Chest -32.28303 2.79661 445.15744
54	Icebound_Chest -27.9524 0.83631 -217.10455
55	'fire' -676.55 0.16 -434.73
56	Icebound_Chest -8.11487 1.83665 -333.06519
57	Icebound_Chest 3.59113 4.0772 -388.0123
58	Icebound_Chest 13.87552 1.7218 -256.63592
59	Icebound_Chest 20.4182 56.51907 -127.15867
60	'fire' -676.55 0.16 -434.73
61	Icebound_Chest 39.2 0.59737 -56.19963
62	Icebound_Chest 46.17306 2.6732 -5.90411
63	Icebound_Chest 62.46248 0.96689 -321.98401
64	Icebound_Chest 93.32153 1.59775 -189.84256
65	'fire' -676.55 0.16 -434.73
66	Icebound_Chest 98.62608 1.32973 -222.66175
67	Icebound_Chest 118.4786 1.7179 -292.07626
68	Icebound_Chest 145.93973 1.69954 -193.13653
69	Icebound_Chest 150.62731 1.82149 -20.823
70	Icebound_Chest 181.57442 20.26384 511.03936
71	'fire' -676.55 0.16 -434.73
72	Icebound_Chest 200.03075 3.51691 -156.34686
73	Icebound_Chest 214.97048 0.78001 -216.25584
74	Icebound_Chest 220.17097 2.49986 -254.06765
75	Icebound_Chest 220.5941 1.62349 15.94022
76	Icebound_Chest 229.83272 1.58144 -52.93112
77	'fire' -676.55 0.16 -434.73
78	Icebound_Chest 236.11562 1.60592 -112.09127
79	Icebound_Chest 246.48462 1.53427 -172.80935
80	Icebound_Chest 268.60394 12.4984 -306.39483
81	Icebound_Chest 299.18081 1.65224 -66.61784
82	Icebound_Chest 306.10455 4.91967 120.45105
83	'fire' -676.55 0.16 -434.73
84	Icebound_Chest 325.68881 3.43696 -188.34071
85	Icebound_Chest 353.24231 2.0102 -92.60763
86	Icebound_Chest 363.44649 1.86953 -13.53985
87	Icebound_Chest 366.61255 1.81058 111.94859
88	Icebound_Chest 402.4305 1.00908 54.50578
89	'fire' -676.55 0.16 -434.73
90	Icebound_Chest 421.78721 1.94503 -25.60713
91	Icebound_Chest 425.84625 1.13914 71.72878
92	Icebound_Chest 492.81673 13.96101 130.95203
93	Icebound_Chest 493.07011 1.65641 -0.71608
94	Icebound_Chest 505.35547 1.7487 109.09262
95	'fire' -676.55 0.16 -434.73
96	Icebound_Chest 557.89299 1.64964 92.40123
97	Icebound_Chest 572.03075 75.86691 -101.84231
98	Icebound_Chest 573.41574 1.70561 41.96999
99	Icebound_Chest 573.94957 157.35178 -550.29274
100	Icebound_Chest 585.12177 17.35018 97.14428
101	'fire' -676.55 0.16 -434.73
102	Icebound_Chest 647.11439 1.52172 39.57417
103	Icebound_Chest 667.43173 2.65241 -10.91268
104	Icebound_Chest 667.74539 -230.7786 -364.59533
105	'fire' -676.55 0.16 -434.73
106	Icebound_Chest 699.07872 55.37921 274.48216
107	Icebound_Chest 848.16482 23.39323 264.92251
108	'fire' -676.55 0.16 -434.73
109	Icebound_Chest 974.86716 64.86125 35.55474
110	Icebound_Chest 973.38991 99.04822 -211.88315
111	Icebound_Chest 1029.35301 2.06059 406.19065
112	Icebound_Chest 948.57196 -11.91711 191.80197
