1	'HP1' 422.471 58.6333 -1238.68
2	'HP2' 88.7385 -61.3926 -1346.78
3	'HP3' -588.611 43.1513 -1054.85
4	'HP4' -472.713 2.92651 -511.608
5	'HP5' -518.019 22.8223 -348.154
6	'HP6' -146.013 -46.2921 -597.738
7	'HP7' 185.486 3.81797 -846.351
8	'HP8' -21.1491 36.5682 -97.379
9	'HP9' 364.254 5.35478 -80.9433
10	'HP10' -94.7053 26.7981 91.8787
11	'HP11' -583.418 -124.757 59.1846
12	'HP12' 132.686 30.9942 415.194
13	'HP13' 586.687 63.3246 287.104
14	'HP14' -27.171 9.0796 726.965
15	'HP15' 93.8479 43.4374 1074.18
16	'HP16' -237.705 30.7476 1273.18
17	'HP17' -573.352 -9.84238 1179.36
