1	'PoI1' 574.015 27.1525 -1226.65
2	'PoI2' 336.975 27.919 -1177.76
3	'PoI3' 191.684 3.95179 -841.376
4	'PoI4' -493.99 57.3985 -1041.96
5	'PoI5' -204.237 71.1655 -1048.47
6	'PoI6' -568.29 41.5051 -671.378
7	'PoI7' -532.208 22.0009 -334.349
8	'PoI8' -69.3303 41.2299 -583.01
9	'PoI9' 593.864 109.406 -347.877
10	'PoI10' 47.7808 34.1932 -280.867
11	'PoI11' -44.7174 35.5018 -98.5121
12	'PoI12' 328.833 4.91832 -79.1231
13	'PoI13' -227.87 9.6943 46.1337
14	'PoI14' -68.988 24.2021 109.843
15	'PoI15' 319.107 38.0349 180.009
16	'PoI16' 576.367 62.7835 287.82
17	'PoI17' 443.544 54.8128 493.846
18	'PoI18' 114.241 30.4531 425.946
19	'PoI19' -598.474 -118.428 58.5656
20	'PoI20' -462.634 5.20758 557.136
21	'PoI21' -251.592 31.3944 589.279
22	'PoI22' 165.157 39.6548 802.699
23	'PoI23' -216.062 5.15113 958.046
24	'PoI24' -420.708 8.63059 1126.92
25	'PoI25' 119.909 49.1171 1099.92
26	'PoI26' 143.107 96.5525 1367.07
27	'PoI27' -80.4097 24.9756 -457.638
28	'PoI28' -11.3512 8.93834 647.214
