1	'Take-Torch' 822.504 3.21852 -805.424
2	'Painting' 837.834 5.35621 -815.431
3	'Destroy' 842.028 4.87131 -804.332
4	'Painting' 830.38 0.0456902 -781.396
5	'Painting' 857.273 1.14165 -763.367
6	'Painting' 872.582 9.3655 -778.379
7	'Explosives' 873.529 6.97604 -771.462
8	'Supplies' 879.488 13.5463 -788.346
9	'Supplies' 883.85 11.3719 -779.107
10	'Explosives' 888.47 10.8154 -798.667
11	'Explosives' 884.452 10.4636 -790.745
12	'Explosives' 908.142 11.3885 -796.059
13	'Explosives' 899.461 8.52049 -744.791
14	'Explosives-HEart-completed' 950.537 17.6454 -777.439
15	'Banner' 199.589 94.229 -956.02
16	'Banner' 220.002 101.285 -999.86
17	'Banner' 159.41 92.4161 -990.307
18	'Cage' 158.775 87.9206 -1030.92
19	'Cage' 133.238 85.8308 -1039.72
20	'Cage' 144.832 90.4748 -1001.05
21	'Corrupted-Ice' 108.913 86.6957 -998.54
22	'Cage' 39.3412 85.3015 -1026.51
23	'Banner' 15.4217 88.6848 -995.34
24	'Banner' 90.531 84.7614 -987.775
25	'Banner-HEart-completed' 84.0964 91.1476 -917.999
26	'Flag-stand' 126.107 91.5297 -343.342
27	'Flagstand' 120.379 93.1964 -409.376
28	'Corrupted-Ice-Shard+2Svanir' 20.5997 32.1022 -468.872
29	'Flagstand' -19.3218 18.7692 -503.687
30	'Ice-Shard' -42.2048 18.6931 -628.323
31	'Flagstand' 1.75881 41.208 -649.829
32	'Ice-Shard' 18.3103 46.5572 -674.9
33	'Ice-Shard' 67.325 81.9833 -751.414
34	'Cage' 10.0006 84.072 -768.508
35	'Flagstand' 3.38214 84.2472 -766.311
36	'Ice-Shard' 111.464 90.5364 -655.406
37	'Flagstand' 214.637 121.662 -592.405
38	'Flagstand' 185.295 149.502 -698.21
39	'Flagstand' 182.789 124.48 -497.079
40	'Flagstand-Heart-completed' 231.5 141.586 -494.772
41	'Ice' 904.053 140.393 824.746
42	'Ice&Kill' 965.147 124.12 769.141
43	'Ice&Kill' 981.013 120.416 698.005
44	'Ice&Kill' 998.565 111.064 630.353
45	'Rescue' 916.597 65.3023 579.907
46	'Rescue' 889.056 93.3063 649.937
47	'Ice&Kill' 864.613 108.989 692.969
48	'Ice&Kill' 837.071 89.3267 654.321
49	'Rescue' 818.231 57.2805 602.671
50	'Crack' -459.157 46.8091 593.455
51	'Crack' -473.93 51.2413 655.336
52	'Take-FIsh' -457.655 40.675 650.996
53	'Crack' -518.86 57.1847 682.825
54	'Crack' -578.097 51.7938 683.089
55	'Give-him-the-Fish' -604.904 45.3417 623.647
56	'Crack' -638.499 41.395 598.179
57	'Crack' -542.99 51.131 564.486
58	'Take-Fish' -515.799 52.5599 534.542
59	'Give-him-FIsh' -532.246 50.7266 529.918
60	'Crack' -530.554 50.3294 525.531
61	'Crack' -450.281 43.3418 498.407
62	'Take-FIsh' -442.925 43.3301 482.77
63	'Give-FIsh' -413.89 43.3273 440.851
64	'Take-Fish' -472.007 46.3047 626.647
65	'Give-Fish-Heart-completed' -490.377 44.3152 474.445
66	'Lantern' -846.209 -105.295 441.728
67	'Shark-Bait&Kill-the-cooming-shark' -833.019 -99.1018 398.953
68	'Lantern' -833.917 -95.0572 362.343
69	'Shark-Bait&Kill-the-cooming-shark' -867.07 -99.2607 365.501
70	'Lantern' -921.269 -71.4894 370.429
71	'lantern' -968.279 -51.5104 383.63
72	'Lantern' -947.148 -47.9308 465.151
73	'Lantern' -954.924 -38.8934 540.471
74	'Shark-Bait&Kill-the-cooming-Shark' -939.205 -32.6991 541.212
75	'Lantern' -869.4 -67.7411 553.728
76	'Lantern' -841.524 -96.9741 518.052
77	'Kill' -937.532 1.98998 848.605
78	'Kill' -860.981 0.630416 838.783
79	'Kill' -694.59 1.97864 772.086
80	'Kill' -684.294 2.90305 796.966
81	'Kill' -662.766 0.743514 777.15
82	'Kill' -637 4.02134 766.298
83	'KIll' -819.154 0.172021 984.614
84	'KIll-Corrupted-Ice' -826.62 0.722188 975.123
85	'Kill' -758.947 0.801855 966.651
86	'Kill-Ice' -745.475 7.83152 971.622
87	'KIll' -736.347 5.25659 986.76
88	'Kill' -731.276 4.89334 965.891
89	'kIll' -701.473 3.26261 954.95
90	'Kill-Fish' -968.838 -41.9804 1093.71
91	'Kill-Quaggan' -971.411 -26.6676 1110.66
92	'Kill-Fish' -933.704 -52.2224 1106.89
93	'KIll-Fish-Heart-completed' -862.937 -34.9487 1064.25
94	'Shrine' -745.532 8.62788 -386.527
95	'Journal' -691.336 45.3641 -287.654
96	'SHrina' -705.697 42.9597 -296.89
97	'Shrine' -712.223 46.3783 -346.91
98	'Journal' -583.981 53.3721 -283.757
99	'Shrine' -591.972 47.8784 -372.85
100	'Journal' -589.861 47.0016 -379.738
101	'Journal' -654.002 45.323 -489.514
102	'Journal' -689.133 52.1569 -404.669
103	'Shrine' -669.844 59.8702 -349.027
104	'Shrine' -742.753 39.0765 -370.453
105	'Talk-Teach-Me-about-Balance-option3gives-heart-xp-if-not-the-wright-try-again' -678.769 52.6643 -299.229
106	'Talk-Teach-Me-about-Balance-option3' -619.448 51.3939 -250.132
107	'Talk-Teach-Me-about-Balance-option2' -611.967 52.3434 -251.47
108	'Talk-Teach-Me-about-Balance-Option1' -730.174 39.6766 -525.034
109	'Talk-Teach-Me-about-Balance-Option2' -731.874 39.6721 -534.186
110	'Talk-Teach-Me-about-Balance-option1' -751.266 37.5037 -371.744
111	'Talk-Teach-me-about-balance-option1-Heart-completed' -755.715 38.4372 -365.134
112	'Talk-to-get-a-suit' -823.176 55.7971 -1044.07
113	'Kill-Canon' -737.989 45.1406 -1016.06
114	'Disturbed-Ground' -882.232 41.442 -1041.24
115	'Talk-to-him' -879.75 41.4428 -1045.17
116	'Kill-Canon' -791.459 16.0688 -925.845
117	'Disturbed-Ground' -782.828 16.0403 -921.085
118	'Give-To_Rebel' -808.089 16.0552 -949.111
119	'Free-Skritt' -786.443 16.2241 -974.406
120	'Disturbed-Ground' -690.853 16.0688 -904.344
121	'Give-to-Rebel' -702.792 27.3041 -885.355
122	'Free-the-Skritt' -680.377 16.0688 -919.034
123	'Free-Skritt' -761.242 14.8906 -827.029
124	'Disturbed-Ground' -770.764 12.2457 -819.351
125	'Give-to-Rebel' -784.705 11.6267 -783.729
126	'Free-Skritt' -852.554 16.4513 -747.609
127	'Disturbed-Ground' -862.864 16.3828 -760.49
128	'Free-Skritt' -898.635 12.475 -785.136
129	'Give-To-Rebel' -897.051 9.27997 -824.767
130	'Disturbed-Ground' -871.585 7.34816 -898.884
131	'Give-to-Rebel' -897.888 7.39928 -875.656
132	'Pie-Weakness' -898.863 7.48288 -927.78
133	'Pipe-Weakness' -882.878 8.05598 -927.46
134	'Pipe-Weakness' -863.774 8.09651 -925.737
135	'Pipe-Weakness' -848.057 7.63565 -926.185
136	'Free-Skritt' -818.958 8.96713 -947.646
137	'Free-Skritt' -793.755 8.86388 -914.206
138	'Free-Skritt' -891.95 81.727 -981.725
139	'Free-Skritt' -1008.18 80.8933 -981.977
140	'Tar-Storage' -991.106 67.7819 -948.011
141	'Free-Skritt' -991.631 67.7815 -940.909
142	'Tar-Storage' -1052.03 40.1312 -915.988
143	'Tar-Storage' -1044.53 37.9381 -892.128
144	'Extra-Tar-Storage' -1044.17 37.9968 -881.948
145	'Extra-Free-Skritt-Heart-completed' -1043.52 37.9493 -876.694
146	'Supplies&Kill' -591.097 44.6319 -997.13
147	'Supplies&Kill' -544.734 54.5922 -996.98
148	'Supplies&Kill3-Enemys' -542.411 57.9482 -968.576
149	'Kill5-Enemys+Take-over.Flag' -457.114 64.9432 -965.435
150	'Kill-Mob-and-take-supplies+kill-spawned-mob' -421.384 62.0986 -998.962
151	'GIve-him-fish&Meat' -279.737 65.4128 -1018.85
152	'Supplies&Kill' -329.629 62.1944 -972.051
153	'Take-Supplies&Kill' -324.19 58.8496 -904.86
154	'Take-Supplies&Kill-2Mobs-.if-Heart-not-full-kill-more' -380.63 49.1106 -834.093
155	'Kill-Mobs&take-over-flag-Extra-port' -402.85 49.0789 -825.255
156	'Extra-Port-Give-him-again-Fish&Meat-if-Heart-not-full' -279.109 65.4125 -1018.86
157	'Intradimensional-Wave-Aetherometer' 396.507 84.9122 -491.114
158	'Summoning-Stone' 385.367 85.0581 -481.888
159	'Stone' 387.314 83.8852 -462.759
160	'Meter' 404.294 84.1751 -434.768
161	'Meter' 431.727 73.7747 -444.864
162	'Stone' 347.241 95.045 -475.809
163	'Stone' 347.785 95.2884 -441.092
164	'Stone' 280.109 97.8547 -420.669
165	'Meter' 267.902 98.0564 -417.983
166	'Meter' 269.598 98.0325 -396.817
167	'Stone' 274.836 97.8728 -388.829
168	'Stone' 324.268 92.6381 -243.674
169	'Stone' 306.117 90.3184 -248.925
170	'Meter' 262.525 78.9082 -208.935
171	'Meter' 247.599 80.9583 -240.713
172	'Stone' 276.413 80.8959 -220.183
173	'Stone' 321.093 94.6604 -284.744
174	'Stone' 317.733 95.9211 -316.172
175	'Stone' 351.366 94.755 -347.932
176	'Stone' 361.086 93.4872 -368.7
177	'Stone' 344.361 95.4254 -404.432
178	'Stone' 319.73 93.2299 -417.775
179	'Give-him-all-the-Stones-Heart-completed200%' 423.24 73.8046 -452.91
