1	'PoI1' -700.465 45.085 -1006.01
2	'PoI2' -1008.5 47.4557 -920.017
3	'PoI3' -752.45 -142.568 -769.229
4	'PoI4' -293.934 65.417 -1015.96
5	'PoI5' -3.91583 101.594 -849.244
6	'PoI6' 42.7418 78.1442 -974.675
7	'PoI7' 382.979 147.868 -792.89
8	'PoI8' 199.039 129.774 -496.647
9	'PoI9' 206.412 75.7706 -204.444
10	'PoI10' 771.105 11.0106 -847.758
11	'PoI11' 925.951 15.292 -805.908
12	'PoI12' 552.783 43.0846 -245.879
13	'PoI13' 991.204 59.2951 255.078
14	'PoI14' 376.601 2.19839 241.628
15	'PoI15' 389.007 -162.435 818.493
16	'PoI16' -492.599 65.0816 544.319
17	'PoI17' -935.014 -92.9313 474.229
18	'PoI18' -803.302 -264.905 326.576
19	'PoI19' -720.302 -168.902 148.984
20	'PoI20' -50.4967 -66.8766 191.593
