1	'WP1' 594.29 56.1412 -1032.91
2	'WP2' 267.276 125.633 -722.697
3	'WP3' 722.913 29.3179 -383.546
4	'WP4' 943.186 35.6921 170.714
5	'WP5' 912.735 156.834 949.001
6	'WP6' 144.345 46.3602 436.874
7	'WP7' 140.604 6.84951 693.559
8	'WP8' 394.068 5.93637 842.89
9	'WP9' -371.461 1.57855 609.43
10	'WP10' -779.374 1.14904 461
11	'WP11' -555.156 -126.145 -106.147
12	'WP12' -720.924 8.07913 -416.269
13	'WP13' -271.483 57.2811 -657.755
14	'WP14' -869.787 55.7875 -1090.17
15	'WP15' 159.661 90.5979 -328.236
16	'WP16' -1099.53 17.6209 1087.14
