1	'W1Z1_Ooze' -1272.608 61.222 531.166
2	'W1Z1_Ooze_Collector' -1131.219 68.648 590.998
3	'W1Z2_Ooze' -344.839 66.748 543.77
4	'W1Z2_Ooze_Collector' -119.977 66.674 606.784
5	'W1Z3_Ooze' -611.975 64.757 443.251
6	'W1Z3_Ooze_Collector' -473.787 73.461 404.389
7	'W2Z1_Ooze' -194.953 259.375 -420.427
8	'W2Z1_Ooze_Collector' -129.2 280.41 -385.99
9	'W2Z2_Ooze' 571.56 347.28 -104.49
10	'W2Z2_Ooze_Collector' 424.327 310.2 50.963
11	'W2Z3_Ooze' -66.716 101.155 73.424
12	'W2Z3_Ooze_Collector' -36.383 198.395 90.632
