1	'type=tgmp.plant.onions' 835.724 64.91 643.728
2	'type=tgmp.wood.green' 814.41 63.161 536.482
3	'type=tgmp.plant.onions' 1084.572 47.31 475.29
4	'type=tgmp.plant.tgmprootvegetables.taproots' 1089.982 48.666 429.935
5	'type=tgmp.wood.green' 1083.849 31.885 370.654
6	'type=tgmp.wood.soft' 1158.983 38.99 298.031
7	'type=tgmp.ore.normal.silver' 1126.306 28.834 212.581
8	'type=tgmp.ore.normal.iron' 1043.891 1.875 219.536
9	'type=tgmp.wood.soft' 1023.149 11.099 254.803
10	'type=tgmp.ore.normal' 1071.991 9.46 332.873
11	'type=tgmp.plant.onions' 941.996 99.424 310.79
12	'type=tgmp.ore.normal.silver' 924.689 58.949 424.683
13	'type=tgmp.ore.normal.silver' 1369.963 7.589 595.199
14	'type=tgmp.ore.normal.iron' 1309.877 1.257 711.239
15	'type=tgmp.ore.normal' 1437.208 3.135 686.027
16	'type=tgmp.ore.normal.iron' 1278.057 45.372 124.64
17	'type=tgmp.plant.tgmpherbs.herbsprouts' 1309.373 48.34 189.812
18	'type=tgmp.ore.normal.iron' 1183.065 61.458 8.842
19	'type=tgmp.ore.normal.silver' 1214.251 93.908 -164.696
20	'iron_ore_after_event_possible' 1177.91 76.92 123.32
21	'type=tgmp.ore.normal.iron' 1013.849 40.497 -91.231
22	'type=tgmp.wood.soft' 1041.369 27.465 -228.724
23	'type=tgmp.ore.normal.iron' 977.659 -0.973 -339.704
24	'type=tgmp.ore.normal.silver' 976.883 -0.055 -286.471
25	'type=tgmp.ore.normal.iron' 966.913 32.298 -408.875
26	'type=tgmp.ore.rich.silver' 937.82 25.339 -356.044
27	'type=tgmp.plant.tgmpmushrooms.buttonmushroom' 1054.336 71.335 -417.907
28	'type=tgmp.ore.normal.silver' 1064.764 79.058 -416.522
29	'type=tgmp.ore.normal.iron' 880.871 109.855 -283.135
30	'type=tgmp.ore.normal.iron' 709.781 101.204 -321.617
31	'type=tgmp.wood.soft' 645.838 73.251 -483.498
32	'type=tgmp.plant.tgmpherbs.herbsprouts' 636.71 72.796 -475.076
33	'type=tgmp.plant.onions' 564.529 96.271 -411.672
34	'type=tgmp.wood.soft' 524.91 107.759 -288.535
35	'type=tgmp.plant.tgmpherbs.herbsprouts' 214.043 33.285 -99.609
36	'type=tgmp.ore.normal.iron' 109.029 -26.988 -218.417
37	'type=tgmp.wood.soft' -83.607 5.071 -207.782
38	'type=tgmp.ore.normal.silver' -262.191 11.511 -78.334
39	'type=tgmp.plant.clam' -321.945 -53.303 -58.665
40	'type=tgmp.plant.clam' -177.578 -12.531 16.674
41	'type=tgmp.ore.normal.iron' -464.579 -86.062 -171.934
42	'type=tgmp.ore.normal.silver' -543.685 -148.953 -112.518
43	'type=tgmp.plant.clam' -550.952 -152.08 -205.084
44	'type=tgmp.plant.clam' -476.069 -146.021 -195.111
45	'type=tgmp.plant.clam' -486.402 -129.395 -281.22
46	'type=tgmp.ore.normal.silver' -631.418 -104.74 -205.599
47	'type=tgmp.plant.clam' -412.706 -55.689 -353.533
48	'type=tgmp.ore.rich.silver' -113.194 63.446 -411.092
49	'type=tgmp.plant.tgmpherbs.herbsprouts' -282.715 28.308 -374.865
50	'type=tgmp.plant.onions' -278.192 12.095 -478.413
51	'type=tgmp.plant.tgmpmushrooms.buttonmushroom' -237.282 0.545 -477.038
52	'type=tgmp.ore.normal.silver' -164.485 2.96 -522.798
53	'type=tgmp.ore.normal.iron' -308.74 12.562 -298.667
54	'type=tgmp.wood.soft' 415.491 51.024 -585.032
55	'type=tgmp.ore.normal.silver' -573.956 -21.087 -445.941
56	'type=tgmp.plant.tgmprootvegetables.taproots' -720.079 40.381 -527.806
57	'type=tgmp.wood.soft' -723.679 35.276 -543.063
58	'type=tgmp.plant.tgmprootvegetables.taproots' -1096.38 1.344 -646.836
59	'type=tgmp.ore.normal.silver' -1316.913 0.207 -696.192
60	'type=tgmp.wood.soft' -1441.353 0.926 -495.449
61	'type=tgmp.plant.tgmprootvegetables.taproots' -1313.063 15.248 -472.835
62	'type=tgmp.ore.normal.silver' -1294.182 36.855 -309.497
63	'type=tgmp.wood.soft' -1362.694 32.268 -272.619
64	'type=tgmp.plant.onions' -1219.367 31.856 -106.726
65	'type=tgmp.ore.normal.iron' -1287.737 15.579 -76.229
66	'type=tgmp.ore.rich.iron' -1355.941 52.128 28.243
67	'type=tgmp.wood.soft' -1313.555 47.86 278.378
68	'type=tgmp.plant.tgmpherbs.herbsprouts' -1236.704 79.373 251.309
69	'type=tgmp.wood.soft' -1203.68 85.073 203.197
70	'type=tgmp.ore.normal.iron' -1168.565 72.756 324.256
71	'type=tgmp.plant.onions' -1174.108 71.792 391.065
72	'type=tgmp.plant.spinach' -1287.208 99.466 538.534
73	'type=tgmp.ore.normal.iron' -1038.186 76.108 522.706
74	'type=tgmp.wood.soft' -965.624 53.422 379.21
75	'type=tgmp.ore.normal.iron' -985.665 58.395 244.994
76	'type=tgmp.wood.soft' -976.884 29.613 11.571
77	'type=tgmp.plant.tgmprootvegetables.taproots' -1029.606 26.017 -24.934
78	'type=tgmp.wood.soft' -909.057 12.6 -221.872
79	'type=tgmp.ore.normal.iron' -945.161 30.163 -387.05
80	'type=tgmp.ore.normal.iron' -990.397 39.084 -422.592
81	'type=tgmp.plant.onions' -1002.153 23.376 -510.332
82	'type=tgmp.plant.tgmpherbs.herbsprouts' -1124.068 36.687 -400.162
83	'type=tgmp.wood.soft' -649.713 58.229 528.171
84	'type=tgmp.plant.onions' -597.231 79.993 613.571
85	'type=tgmp.wood.soft' -396.92 44.643 443.619
86	'type=tgmp.plant.tgmprootvegetables.taproots' -304.191 76.928 434.237
87	'type=tgmp.wood.soft' -145.638 43.357 586.579
88	'type=tgmp.ore.normal.silver' 37.718 57.69 642.096
89	'type=tgmp.plant.tgmpmushrooms.buttonmushroom' 0.504 58.705 626.583
90	'type=tgmp.plant.tgmpmushrooms.buttonmushroom' 7.209 57.679 648.331
91	'type=tgmp.plant.tgmpmushrooms.buttonmushroom' -10.642 54.652 668.292
92	'type=tgmp.ore.normal.iron' 139.007 51.321 535.18
93	'type=tgmp.plant.tgmpherbs.herbsprouts' 154.073 51.454 529.047
94	'type=tgmp.plant.tgmprootvegetables.taproots' 224.236 89.643 400.044
95	'type=tgmp.wood.soft' 241.771 99.342 303.635
96	'type=tgmp.plant.tgmprootvegetables.taproots' 608.488 54.077 50.313
97	'type=tgmp.plant.tgmpmushrooms.buttonmushroom' 718.733 142.239 -89.965
98	'type=tgmp.wood.soft' 461.732 68.926 574.807
99	'type=tgmp.ore.normal.silver' 429.804 84.288 648.352
100	'type=tgmp.wood.soft' 1249.988 1.078 435.626
101	'type=tgmp.plant.tgmpmushrooms.buttonmushroom' 1362.066 -0.222 375.502
102	'type=tgmp.ore.normal.silver' 1378.278 -0.166 353.188
103	'type=tgmp.ore.normal.iron' 1442.362 1.271 373.758
104	'type=tgmp.ore.normal.iron' -287.743 4.084 206.185
105	'type=tgmp.ore.normal.silver' -1191.407 111.682 658.555
106	'type=tgmp.ore.normal.iron' -781.951 4.429 -197.027
107	'type=tgmp.ore.normal.silver' 1030.321 112.778 -498.776
108	'type=tgmp.ore.normal.silver' 1022.231 134.626 -564.641
109	'type=tgmp.plant.strawberrypatch' 1313.825 107.376 -606.523
110	'type=tgmp.plant.strawberrypatch' 1303.702 109.841 -599.713
111	'type=tgmp.plant.strawberrypatch' 1313.555 108.707 -592.304
112	'type=tgmp.plant.strawberrypatch' 1333.998 93.607 -566.589
113	'type=tgmp.plant.strawberrypatch' 1336.777 95.181 -555.984
114	'type=tgmp.plant.strawberrypatch' 1346.089 94.473 -553.212
115	'type=tgmp.plant.strawberrypatch' 1359.594 61.111 -558.18
116	'type=tgmp.plant.strawberrypatch' 1364.44 62.213 -547.677
117	'type=tgmp.wood.soft' 1352.989 16.916 -578.883
118	'type=tgmp.ore.normal.iron' 1235.326 101.989 -396.585
119	'type=tgmp.plant.tgmpherbs.herbsprouts' 1322.608 95.611 -335.465
120	'type=tgmp.plant.tgmpmushrooms.buttonmushroom' 1519.631 60.038 -133.49
121	'type=tgmp.ore.rich.iron' 977.866 42.4 -638.435
122	'type=tgmp.ore.normal.iron' 1201.455 2.744 602.007
123	'type=tgmp.plant.onions' 1376.273 18.201 625.76
124	'type=tgmp.ore.normal.silver' 1446.052 2.549 290.662
125	'type=tgmp.ore.normal.copper' 1279.373 51.21 296.556
126	'type=tgmp.ore.normal.silver' 1300.64 44 43.155
127	'type=tgmp.ore.normal.iron' 1213.99 61.224 -77.641
128	'type=tgmp.plant.copper.buttonmushroom' 1045.658 37.766 -290.91
129	'type=tgmp.wood.soft' 1117.79 118.261 -498.2
130	'type=tgmp.plant.tgmprootvegetables.taproots' 1212.506 93.481 -527.187
131	'type=tgmp.wood.soft' 700.814 98.524 -324.806
132	'type=tgmp.plant.tgmpherbs.herbsprouts' 536.571 108.95 -315.619
133	'type=tgmp.ore.normal.silver' 127.421 8.241 -74.26
134	'type=tgmp.plant.clam' -169.335 -15.703 -214.504
135	'type=tgmp.plant.clam' -726.458 -45.45 -170.332
136	'type=tgmp.ore.normal.iron' -784.354 5.908 -383.405
137	'type=tgmp.plant.tgmprootvegetables.taproots' -901.033 34.084 -338.932
138	'type=tgmp.ore.normal.silver' -967.868 23.113 -271.734
139	'type=tgmp.plant.onions' -1119.449 41.468 -357.94
140	'type=tgmp.ore.rich.silver' -1244.096 73.648 -379.127
141	'type=tgmp.ore.normal.iron' -1201.453 33.012 -223.815
142	'type=tgmp.ore.normal.silver' -1320.221 26.994 -178.107
143	'type=tgmp.ore.normal.silver' -1441.476 -0.759 -567.471
144	'type=tgmp.wood.soft' -1423.616 1.254 -630.946
145	'type=tgmp.ore.normal.iron' -1088.798 50.951 131.777
146	'type=tgmp.ore.normal.silver' -1161.594 37.15 112.182
147	'type=tgmp.wood.soft' -1160.054 73.785 133.438
148	'type=tgmp.ore.normal.iron' -1155.825 79.459 210.326
149	'type=tgmp.wood.soft' -1288.561 81.43 430.806
150	'type=tgmp.plant.tgmpherbs.herbsprouts' -1284.969 99.529 538.624
151	'type=tgmp.wood.soft' -1276.753 105.601 639.651
152	'type=tgmp.ore.normal.silver' -1373.395 88.686 582.503
153	'type=tgmp.ore.normal.iron' -1403.752 119.237 517.208
154	'type=tgmp.wood.soft' -1169.536 93.542 463.62
155	'type=tgmp.wood.soft' -933.589 52.291 458.108
156	'type=tgmp.wood.soft' -880.815 65.435 251.47
157	'type=tgmp.plant.tgmprootvegetables.taproots' -742.069 46.709 429.846
158	'type=tgmp.wood.soft' -642.625 42.422 433.25
159	'type=tgmp.ore.normal.silver' -795.205 57.808 438.494
160	'type=tgmp.ore.normal.silver' -338.042 55.44 493.824
161	'type=tgmp.plant.tgmpmushrooms.buttonmushroom' -222.62 71.04 640.483
162	'type=tgmp.plant.tgmpmushrooms.buttonmushroom' 64.913 54.806 605.739
163	'type=tgmp.ore.normal.iron' -39.207 53.835 671.584
164	'type=tgmp.wood.soft' 284.178 69.345 450.603
165	'type=tgmp.ore.normal.iron' 251.979 100.637 370.342
166	'type=tgmp.plant.tgmpherbs.herbsprouts' 195.148 81.109 158.335
167	'type=tgmp.ore.normal.iron' 175.114 67.051 193.603
168	'type=tgmp.ore.normal.iron' 110.082 41.547 154.411
169	'type=tgmp.wood.soft' 267.539 79.604 104.173
170	'type=tgmp.plant.tgmprootvegetables.taproots' 259.212 75.728 70.136
171	'type=tgmp.wood.soft' 332.871 74.285 45.939
172	'type=tgmp.ore.normal.iron' 296.097 -38.071 -291.482
173	'type=tgmp.plant.clam' 255.427 -65.969 -399.598
174	'type=tgmp.ore.normal.silver' 115.327 -64.739 -395.396
175	'type=tgmp.plant.tgmpherbs.herbsprouts' -351.146 1.331 248.526
176	'type=tgmp.ore.normal.silver' 1412.239 45.262 97.782
177	'type=tgmp.plant.tgmpmushrooms.buttonmushroom' 1528.426 56.288 -79.5
178	'type=tgmp.ore.normal.silver' 1524.637 56.183 -74.557
179	'type=tgmp.plant.tgmprootvegetables.taproots' 1463.272 71.201 -306.867
180	'type=tgmp.ore.normal.iron' 1033.669 69.553 -425.771
181	'type=tgmp.plant.tgmpmushrooms.buttonmushroom' 964.496 23.187 -356.633
182	'type=tgmp.ore.rich.iron' 937.722 25.402 -357.311
183	'type=tgmp.ore.normal.silver' 1004.847 0.275 400.464
184	'type=resourcenode.ore.normal.iron' 561.117 57.818 -75.174
185	'type=tgmp.plant.tgmprootvegetables.taproots' 471.654 59.17 -531.716
186	'type=tgmp.ore.normal.iron' 558.454 76.225 -553.632
187	'type=tgmp.ore.normal.iron' -771.298 5.982 -468.143
188	'type=tgmp.plant.tgmpherbs.herbsprouts' -526.005 6.583 -518.31
189	'type=tgmp.plant.tgmpmushrooms.buttonmushroom' -236.846 31.153 -630.716
190	'type=tgmp.ore.normal.iron' -221.945 31.321 -633.79
191	'type=tgmp.plant.onions' -91.905 44.337 -625.031
192	'type=tgmp.ore.normal.iron' 6.796 36.702 -585.891
193	'type=tgmp.wood.soft' 362.747 66.088 -639.777
194	'type=tgmp.plant.tgmpmushrooms.buttonmushroom' 1045.494 37.842 -291.683
195	'' 1110.2 76.96 -264.11
196	'' 1111.47 67.9 -229.9
197	'' 1101.95 36.87 -149.67
198	'' 1025.03 11.1 -123.89
199	'' 1242.11 100.9 -309.48
200	'' 1226.63 102.48 -356.78
201	'' 1213.38 100.05 -368.79
202	'' 1183.09 95.14 -363.16
203	'' 1162.3 89.5 -399.34
204	'' 1155.33 111.95 -538.06
205	'' 1073.09 139.6 -669.42
206	'' 1060.11 143.45 -724.33
207	'' 1057.84 143.45 -729.51
208	'' 879.64 52.9 677.99
209	'' 846.69 60.56 720.78
210	'' 955.88 62.68 518.2
211	'' 1122.86 28.83 236.38
212	'' 1251 65.36 256.17
213	'' 1254.61 70.03 197.14
214	'' 1376.41 33.16 280.86
215	'' 1391.42 25.69 566
216	'' 1241.34 2.89 707.3
217	'' 1168.73 3.02 720.8
218	'' 890.49 106.6 -471.38
219	'' 295.36 25.63 -200.14
220	'' 43.05 -72 -330.98
221	'' -3.67 1.54 -155.65
222	'' -199.67 3.07 -83.3
223	'' -152.28 3.07 -120.86
224	'' -444.16 -84.96 -245.97
225	'' -493.34 -118.97 -90.25
226	'' -531.45 -136.76 -18.23
227	'' -641.56 -47.9 22.41
228	'' -632.68 -52.19 68.28
229	'' -528.54 -36.88 42.16
230	'' -573.93 1.33 188.33
231	'' -677.29 -63.61 200.11
232	'' -662.6 -51.16 218.31
233	'' -288.39 0.61 -290.79
234	'' -815.94 6.78 -481.7
235	'' -930.31 43.8 -450.78
236	'' -1013.62 42.24 -331.62
237	'' -992.55 35.53 -267.19
238	'' -1150.25 36.24 -373.63
239	'' -1007.8 23.38 -500.64
240	'' -1063.57 11.67 -550.03
241	'' -1129.01 27.52 -537.02
242	'' -1259.51 5.29 -497.3
243	'' -1390.67 0.57 -656.77
244	'' -1450.58 5.72 -461.08
245	'' -1269.4 69.73 -342.9
246	'' -1366.75 25.99 141.59
247	'' -1205.95 29.29 105.68
248	'' -1055.81 27.45 68.88
249	'' -861.17 18.56 48.34
250	'' -886.34 67.15 235.76
251	'' -1033.49 56.02 355.36
252	'' -1052.59 66.85 418.28
253	'' -1044 73.7 512
254	'' -1096.86 79.3 515.98
255	'' -1190.06 101.43 495.47
256	'' -1327.25 72.61 363.62
257	'' -895.84 90.39 517.12
258	'' -638.59 57.33 535.22
259	'' -707.2 84.98 628.78
260	'' -562.3 121.9 688.41
261	'' -321.84 57.35 582.38
262	'' -218.19 55.69 512.06
263	'' -265.01 47.91 367.76
264	'' -400.73 8.56 256.74
265	'' -852.16 41.01 391.8
266	'' 297.75 55 520.06
267	'' 336.43 94.73 648.06
268	'' 351.51 106.77 700.36
269	'' 157.37 72.64 239.48
270	'' 58.83 41.64 130.15
271	'' -27.02 76.39 239.12
272	'' -137.06 102.27 116.36
273	'' -214.56 74.31 166.56
274	'' -183.62 86.34 130.14
275	'' -27.23 76.49 237.58
276	'' 18.71 68.19 376.73
277	'' 552.09 70.89 499.1
278	'' 751.69 120.18 2.91
279	'' 782.6 70.59 227.25
280	'' 631.2 65.95 283.78
281	'' 1065.48 80.3 -416.32
282	'' 1472.56 73.46 -165.01
283	'' 224.78 76.28 79.75
284	'' 102.88 -15.26 -544.97
285	'' 65.24 50.82 -661.57
286	'' 1093.6 48.08 427.43
287	'' 1089.45 48.86 437.68
288	'' 1090.04 48.44 422.06
289	'' 223.79 31.04 -104.03
290	'' 214.27 30.72 -106.99
291	'' 217.83 30 -108.46
292	'' 209.84 32.76 -101.29
293	'' -742.71 48.27 439.29
294	'' -734.6 44.64 428.25
295	'' -741.64 46.66 430.16
296	'' -49.89 38.45 548.95
297	'' -1222.46 104.67 541.89
298	'' -1223.4 104.48 545.22
299	'' -1230.64 101.48 549.44
300	'' -1227.28 102.39 552.58
301	'' -1327.67 91.74 502.11
302	'' -1323.83 92.33 493.82
303	'' -1332.25 91.28 494.11
304	'' -1328.69 91.96 494.82
305	'' 1060.89 143.45 -727.92
306	'' 785.2 49.99 723.09
307	'' 937.7 55.95 689.38
308	'' 1050.65 38.11 541.68
309	'' 839.47 68.55 490.76
310	'' 708.29 74.47 405.18
311	'' 593.07 68.95 461.01
312	'' 211.17 76.78 467.48
313	'' 211.18 78.3 443.95
314	'' 372.58 91.69 175.01
315	'' 307.28 77.66 77.89
316	'3_toxic' 362.52 93.81 179.55
317	'' 264.37 80.98 159.01
318	'' 1219.32 33.57 421.31
319	'' 1317.46 16.64 486.75
320	'' 1324.73 15.75 493.64
321	'' 1427.58 0.62 380.87
322	'' 1326.15 18.53 481.69
323	'' 1320.95 16.77 479.01
324	'' 1094.43 7.12 84
325	'' 963.97 61.28 112.25
326	'' 953.51 77.22 46.24
327	'' 952.33 79.58 16.31
328	'' 1013.87 4.55 -168.14
329	'' 1147.25 54.01 -191.59
330	'' 1189.43 77.85 -180.51
331	'' 1189.92 58.32 -50.62
332	'' 1198.81 90.75 -255.1
333	'' 1282.95 107.4 -339.04
334	'' 1352.32 113.99 -479.11
335	'' 898.45 88.47 228.92
336	'' 1294.49 44.04 120.86
337	'' 1355.85 32.12 229.63
338	'' 1003.83 34.75 -351
339	'' 1019.32 38.73 -368.53
340	'' 1011.65 135.89 -543.82
341	'' 624.17 126.96 -246.53
342	'' 729.64 138.53 -140.25
343	'' 815.9 53.22 134.25
344	'' 840.96 53.04 143.05
345	'' 563.46 72.37 -546.41
346	'' 343.9 61.11 -551.48
347	'' -185.22 39.06 -536.45
348	'3_toxic' -176.1 42.32 -536.58
349	'' -165.94 1.73 -510.22
350	'' -178.69 1.75 -443.66
351	'' -270.37 -0.72 -398.75
352	'' -386 -29.13 -459.01
353	'' -148.27 38.67 -29.06
354	'' -48.54 78.89 95.06
355	'' -555.63 -84.38 -319.8
356	'' -680.42 -42.15 -234.69
357	'' -754.75 -74.57 -117.03
358	'' -757.82 8.33 -547.6
359	'' -794.52 27.94 -426.95
360	'' -811.33 32.08 -384
361	'' -927.37 45.1 -480.82
362	'' -935.26 45.34 -481.68
363	'' -932.52 43.69 -487.71
364	'2_toxic' -932.52 43.69 -487.71
365	'' -1062.12 47.36 -328.14
366	'' -1126.19 38.39 -260.91
367	'' -1219.78 29.65 -197.87
368	'' -1189.8 -0.34 -672.88
369	'' -1276.95 2.38 -572.01
370	'' -1361.07 33.79 63.03
371	'' -1329.96 39.98 186.67
372	'' -1225.08 69.55 303.18
373	'' -1327.45 76.28 373.24
374	'2toxic' -1327.45 76.28 373.24
375	'' -1327.64 73.14 364.69
376	'' -1322.42 68.42 356.47
377	'' -1334.1 74.89 365.19
378	'' -1015.99 58.48 299.16
379	'' -1009.53 57.98 423.29
380	'' -951.48 46.04 418.46
381	'' -817.27 43.66 382.12
382	'' -726.32 43.34 360.57
383	'' -780.27 34.53 285.99
384	'' -1246.92 111.54 655.98
385	'' -1075.04 23.28 38.04
386	'' -961.59 26.12 -200.31
387	'' -469.44 44.55 468.31
388	'' -485.3 56.84 532.42
389	'2toxic' -475.11 44.78 474.31
390	'' -454.69 27.19 363.85
391	'' -209.82 73.36 657.97
392	'' -207.89 73.26 656.52
393	'' -99.83 60.16 427.71
394	'' -64.21 56.42 276.36
395	'' 18.82 67.53 359.51
396	'2toxic' 363.02 93.6 181.58
397	'' 362.61 93.83 177.57
398	'' 371.16 91.98 175.57
399	'' 606.8 77.81 637.92
400	'' 1324.66 15.96 493.39
401	'' -277.89 36.28 274.55
402	'' 1430.28 -28.55 -580.59
403	'2toxic' -177 41.44 -538.67
404	'' -175.22 43.14 -534.14
405	'' -184.37 39.47 -536.38
406	'' -203.43 53.02 -441.28
407	'' -162.13 23.74 -165.76
408	'' -259.81 55.68 233.02
409	'' -225.45 56.27 296.72
410	'' -336.48 43.48 364.15
411	'' -212.64 53.75 579.78
412	'' -137.87 42.81 432.52
413	'' -44.72 77.49 166.02
414	'' -38.48 79.95 159.08
415	'2_toxic' -47.74 76.62 153.31
416	'' 296.7 40.91 -76.05
417	'' 446.23 64.67 460.51
418	'' 557.36 65.08 560.62
419	'' 1090.57 25.55 562.01
420	'' 1371.83 36.5 460.13
421	'' 1198.48 50.05 269.86
422	'' 1303.93 44.92 241.11
423	'' 1175.76 69.45 89.24
424	'' 1038.56 27.03 97.9
425	'' 1014.32 32.71 -49.57
426	'' 1110.47 37.72 -105.65
427	'' 1222 101.83 -333.37
428	'' 970 29.95 -397.8
429	'' 1015.73 36.52 -301.22
430	'' 871.15 114.38 -320.25
431	'' 762.94 85.28 -391.84
432	'' 492.17 71.32 -191.6
433	'' 672.6 125.44 -31.33
434	'' 830.12 51.71 144.05
435	'' 841.05 53.25 142.7
436	'2toxic' 835.04 50.25 148.89
437	'' 919.42 79.4 211.08
438	'' 956.07 39.26 352.43
439	'' 782.64 69.73 430.05
440	'' 640.91 68.11 377.28
441	'' 672.15 84.32 -559.41
442	'' 786.03 78.86 -576.88
443	'' 816.33 77.91 -659.35
444	'' -898.72 -14.22 -677.85
445	'' -1047.7 30.69 -479.04
446	'' -1156.71 22.87 -456.41
447	'' -1051.93 49.67 -306.92
448	'' -967.35 35.85 -346.47
449	'' -1001.3 42.55 -376.98
450	'' -1266.02 59.45 -253.58
451	'' -1336.88 33.98 -364.03
452	'' -1317.93 17.77 -459.28
453	'' -931.31 3.9 -117.14
454	'' -956.14 63.04 123.22
455	'' -1027.42 59.25 136.5
456	'' -1077.77 65.4 347.96
457	'2toxic' -1076.43 67.36 357.7
458	'' -1066.67 66.76 357.99
459	'' -434.8 123.63 693.76
460	'' 246.51 -29.07 -260.96
461	'' 208.99 -35.59 -499.65
462	'' 221.66 10.31 -560.36
463	'' 212.75 13.38 -565.94
464	'' 218.23 14.94 -570.86
465	'' -869.97 53 327.4
466	'' -47 76.84 153.62
467	'' -44.75 77.36 165.07
468	'' -37.59 80.33 159.08
469	'' -109.41 57.81 88.36
470	'' -176.83 93.17 254.36
471	'' 764.75 72.76 542.49
472	'' 621.15 78.78 535.65
473	'' 1113.35 46.49 486.47
474	'' 1147.64 4.89 508.23
475	'' 992.97 24.11 315.5
476	'' 1116.21 22.27 278.99
477	'' 1228.83 59.67 294.67
478	'' 1307.36 49.79 292.44
479	'' 1307.79 49.82 301.89
480	'' 1302.3 50.35 291.56
481	'' 1379.61 35.76 153.51
482	'' 1350.48 48.76 132.66
483	'' 1030.24 16.5 144.28
484	'' 1313.49 0.79 611.84
485	'' 1357.78 104.99 -163.68
486	'' 1388.38 113.9 -254.03
487	'' 1463.5 71.89 -164.07
488	'' 1472.27 73.91 -162.38
489	'second_time' 1066.32 78.94 -417.71
490	'' 838.51 103.32 -370.54
491	'' 606.59 69.97 -451.95
492	'' 460.99 106.17 -311.69
493	'' 370.27 70.6 -247.73
494	'' 481.05 78.28 -228.02
495	'' 522.71 69.25 -158.62
496	'' -107.7 43.05 -77.44
497	'' -471.96 -69.5 -348.78
498	'' -434.69 -50.3 -393.65
499	'' -348.96 -19.64 -485.3
500	'' 258.88 37.69 -648.36
501	'' -1169.92 1.08 -578.63
502	'' -1195.73 10.32 -495.12
503	'' -1087.23 33.88 -514.06
504	'' -1267.25 69.38 -346.02
505	'' -1277.09 68.61 -347.12
506	'' -1276.15 31.06 -378.67
507	'' -1366.65 48.01 -49.35
508	'' -1167.44 33.2 -33.99
509	'' -1368.37 42.13 257.72
510	'' -1079.82 71.74 189.93
511	'' -955.82 73.39 195.67
512	'' -922.57 74.78 210.41
513	'' -887.89 22.61 86.81
514	'' -818.63 8.84 62.5
515	'' -1146.43 115.22 546.35
516	'' -1212.74 88.91 598.9
517	'' -1288.91 116.34 682.95
518	'' -961.18 21.6 -244.5
519	'' -1125.08 36.46 -400.39
520	'' -1219.47 5.37 -509.2
521	'' -1216.05 64.72 -300.62
522	'' -1380.65 31.96 -260.06
523	'' -1335.67 44.08 -392.55
524	'' -1383.64 4.09 -440.52
525	'' 864.46 65.41 604.19
526	'' 1013.45 46.23 515.62
527	'' 930.68 56.63 464.47
528	'' 1083.57 47.25 474.73
529	'' 1186.09 46.71 338.05
530	'' 1267.54 0.36 487.64
531	'' 1303.23 0.59 607.88
532	'' 1252.86 80.46 169.89
533	'' 1176.46 69.56 90
534	'' 1184.95 62.44 29.71
535	'' 1369.86 42.96 26.81
536	'' 1024.73 10.76 -125.63
537	'' 1024.75 15.07 -114.38
538	'' 1028.63 37.51 -403
539	'' 1099.9 108.29 -430.89
540	'' 771.41 72.55 -561.62
541	'' 531.66 109.08 -325.03
542	'' 531.68 108.59 -307.3
543	'' 536.29 108.9 -315.49
544	'' 488.41 62.36 -510.56
545	'' 472.95 59.29 -531.08
546	'' 470.91 59.29 -523.71
547	'' 463.07 58.92 -531.63
548	'' 480.81 61.2 -533.67
549	'' 298.6 42.03 -156.28
550	'' -14.57 -36.13 -368
551	'' -648.79 -135.33 -112.33
552	'' -621.98 5.03 -655.09
553	'' -671.52 5.15 -636.67
554	'' -1182.04 32.84 -70.45
555	'' -1105.72 19.14 -18.97
556	'' -1383.77 57.93 112.23
557	'' -1089.91 69.51 312.89
558	'' -1099.81 72.89 399.92
559	'' -947.6 73.77 189.25
560	'' -1190.36 101.89 497.25
561	'' -1184.86 104.05 501.33
562	'' -1179.37 101.01 494.57
563	'' -1394.43 113.38 549.89
564	'' -954.81 73.42 194.58
565	'' -792.88 12.17 -251.36
566	'' -795.44 15.35 -307.96
567	'' -758.35 3.48 -296.6
568	'' -425.18 49.98 471.18
569	'' -236.81 49.98 409.39
570	'' 324.34 85.02 189.02
571	'' 1282.49 109.03 -574.66
572	'' 1454.55 69.38 -308.93
573	'' 1462.14 71.55 -304.53
574	'' 1469.58 72.06 -309.95
575	'' 1463.8 76.92 -288.55
576	'' 1375.72 106.33 -181.66
577	'' 364.48 18.78 -316.79
578	'' 261.12 -35.66 -449.98
579	'' 43.62 44.07 -609.05
580	'' 462.1 58.9 -532.71
581	'' 469.29 59.41 -524.37
582	'' 471.3 59.05 -531.1
583	'' 480.49 61.21 -534.62
584	'' 761.63 75.68 166.97
585	'' -870.34 5.76 -717.12
586	'' -844.84 11.35 -673.28
587	'' -955.79 73.37 195.29
588	'' 700.88 75.88 424.29
589	'' 1119.72 29.88 244.04
590	'' 1114.33 27.05 234.44
591	'' 1123.04 28.83 236.28
592	'' 1125.4 28.28 226.53
593	'' 1055.89 -0.51 -50.07
594	'' 947.26 25.65 -372.94
595	'' 704.79 90.52 -383.99
596	'' 696.75 127.18 -209.9
597	'' 718.51 142.52 -85.8
598	'' 695.64 136.61 -47.17
599	'' 697.64 140.62 -55.96
600	'' 689.15 140.78 -54.1
601	'' 581.06 52.6 11.09
602	'' 655.22 60.05 98.11
603	'' 520.18 95.44 -364.82
604	'' 66.08 1.08 -115.09
605	'' -186.11 -16.32 -171.24
606	'' -304.98 8.13 -137.14
607	'' -364.17 -13.33 -243.2
608	'' -510.76 -82.73 -201.77
609	'' -709.68 -43.09 -212.73
610	'' -707.14 39.58 -459.56
611	'' -686.36 35.51 -483.81
612	'' -812.86 -10.19 -582.25
613	'' -864.03 36.52 -399.44
614	'' -1341.54 31.58 -279.08
615	'' -1318.9 32.9 -212.14
616	'' -1230.69 90.75 162.13
617	'' -1073.69 67.19 358.24
618	'' -1077.68 66.84 354.51
619	'' -1192.2 100.98 495.1
620	'' -1265.27 94.34 609.69
621	'' -965.88 28.34 -95.25
622	'' 179.05 77.01 430.23
623	'' 213.09 47.42 504.01
624	'' 241.55 52.38 532.96
625	'' 513.8 58.73 546.37
626	'' -1186.52 104.74 505.57
627	'' 1067.07 79.4 -417.19
628	'' 1270.46 107.44 -610.69
629	'' 1233.8 101.17 -595.56
630	'' 1410.28 -7.14 -429.51
631	'' -776.48 35.57 292.46
632	'' -627.12 31.58 413.6
633	'' -604.13 0.38 251.82
634	'' -587.31 5.12 254.55
635	'' -591.39 3.11 248.28
636	'' -593.88 1.4 238.97
637	'' -563.75 6.89 224.19
638	'' -575.28 -8.29 121.46
639	'' -310.15 78.08 433.19
640	'' 363.82 12.01 -298.51
641	'' 1119.38 29.86 244.13
642	'' 1113.58 26.9 234.19
643	'' 1125.36 28.29 225.43
644	'' 1122.87 28.67 235.74
645	'' 24.23 47.04 -620.16
646	'' 44.93 -17.8 -553.15
647	'' 1059.55 143.45 -729.02
648	'' -759.58 5.69 120.02
649	'' 582.47 60.61 355.31
650	'' 662.73 75.73 211.62
651	'' 880.46 52.49 647.82
652	'' 946.23 64.08 522.67
653	'' 1128.32 31.48 245.18
654	'' 1315.22 41.14 63.29
655	'' 1416.04 1.12 329.7
656	'' 1080.33 29.25 -186.71
657	'' 1076.43 74.31 -269.17
658	'' 941.64 102.85 -398.66
659	'' 865.48 50.46 -436.84
660	'' 993.07 41.98 -526.66
661	'' 733.09 76.17 -654.14
662	'' 737 76.04 -640.9
663	'' 597.3 93.75 -626.18
664	'' 647.73 146.03 -162.47
665	'' -453.69 -109.83 -294.24
666	'' -158.77 49.4 -389.82
667	'' 310.95 47.37 -602.53
668	'' -522.73 6.02 -514.89
669	'' -1174.28 34.08 -69.06
670	'' -1178.57 32.97 -61.87
671	'' -1186.28 31.57 -71.77
672	'' -1208.1 83.14 155.13
673	'' -1163.25 90.4 171.89
674	'' -1239.43 98.59 515.31
675	'' -1334.12 109.01 659.88
676	'' -1428.33 128.03 621.25
677	'' -943.19 54.27 336.03
678	'' -939.15 31.72 76.45
679	'' -873.98 12.86 -268.86
680	'' -827.08 10.03 -227.41
681	'' -956.16 32.9 -350.81
682	'' -967.66 35.62 -344.15
683	'' -1052.86 37.37 -421.5
684	'' -137.15 39.46 508.61
685	'' 300.23 87.58 247.28
686	'' 682.25 96.97 28.43
687	'' 720.43 55.49 66.61
688	'' 851.56 97.18 83.86
689	'' 556.46 71.03 619.74
690	'' 1249.82 102.07 -587.31
691	'' 1367.82 -6.97 -646.65
692	'' 1519.34 57.2 -107.97
693	'' -768.47 26.37 -440.22
694	'' -137.46 112.54 188.55
695	'' 946.58 64.1 522.62
696	'' 592.09 69.13 461.83
697	'' 959.78 53.16 596.38
698	'' 1103.89 23.79 542.62
699	'' 829.54 84.62 322.09
700	'' 1377.6 22.11 544.54
701	'' 1213.74 93.29 -216.07
702	'' 1028.19 17.35 -211.83
703	'' 1182.19 93.82 -518.36
704	'' 349.4 75.11 52.2
705	'' 297.49 78.19 78.17
706	'' 304.21 80.01 85.95
707	'' 296.57 83.49 155.46
708	'' -187.03 41.77 -16.81
709	'' -131.53 5 -41.09
710	'' -202.71 45.56 -297.32
711	'' -73.8 26.6 -412.21
712	'' -212.42 51.82 -438.01
713	'' 457.81 78.12 -682.98
714	'' -618.65 -8.86 -538.36
715	'' -1049.82 67.3 276.32
716	'' -1116.32 72.29 336.74
717	'' -1010.44 40.52 -267.74
718	'' -1058.79 52.42 -300.29
719	'' -1050.61 49.3 -304.63
720	'' -1048.02 48.43 -312.46
721	'' -1277.43 69.05 -298.77
722	'' -1337.23 31.03 -286.49
723	'' -1348.32 31.27 -278.93
724	'' -1338.58 45.56 -131.01
725	'' -709.29 84.48 629.36
726	'' -709.94 84.01 620.34
727	'' 333.12 72.22 441.08
728	'' 603.97 67.65 169.6
729	'' 831.12 106.43 8.98
730	'' 530.88 63.86 436.07
731	'' 574.46 69.87 442.9
732	'' 648.76 75.31 450.54
733	'' -1203.34 99.34 608.58
734	'' 942.05 102.84 -400.41
735	'' 1437.43 30.05 -667.92
736	'' 1232.5 101.41 -385.4
737	'' 1318.84 95.47 -337.34
738	'' 1331.14 92.48 -340.46
739	'' 1322.3 93.77 -342.68
740	'' -1065.49 37.21 -383.1
741	'' -1341.36 31.59 -277.42
742	'' -464.21 19.46 286.52
743	'' 1187.41 2.8 724.92
744	'' -1333.03 38.19 173.27
745	'' 1124.69 30.12 358.03
746	'' 1093.79 9.8 197.02
747	'' 1348.5 9.66 565.18
748	'' 1222.24 58.46 -6.63
749	'' 991.07 11.07 -374.78
750	'' 1062.06 68.43 -435.14
751	'' 1057.26 126.78 -495.5
752	'' 857.1 93.83 -414.66
753	'' 798.92 82.69 -421.48
754	'' 683.61 67.24 -539.62
755	'' -118.14 42.55 -80.78
756	'' -108.78 43.06 -77.18
757	'' -105.06 43.98 -71.54
758	'' -100.94 42.84 -80.24
759	'' -113.72 52.43 62.25
760	'' -187.63 7.24 -25.63
761	'' -389.97 -10.86 20.63
762	'' -777.7 7.11 150.94
763	'' -995.05 57.78 106.08
764	'' -1136.88 16.7 66.73
765	'' -962.78 47.72 -405.99
766	'' -905.91 37.39 -461.76
767	'' -675.47 -14.95 -563.09
768	'' -1295.19 16.25 65.56
769	'' -504.23 -152.61 -225.29
770	'' -515.7 -130.84 -290.39
771	'' -215.25 1.74 -419.62
772	'' 331.16 60.03 -494.22
773	'' 343.08 63.22 -482.46
774	'' -1231.78 20.39 -720.45
775	'' -1099.32 68.2 230.77
776	'' -962.77 54.62 268.85
777	'' -868.61 51.64 319.78
778	'' -867.7 53.18 328.1
779	'' -875.76 52.01 322.52
780	'' -1325.39 92.13 500.61
781	'' -1335.51 88.79 506.08
782	'' -1406.93 117.55 607.07
783	'' -708.43 84.81 626.31
784	'' -710.94 86.33 636.95
785	'' 381.49 91.39 156.09
786	'' 365.34 92.87 183.29
787	'' 359.99 94.34 175.1
788	'' 373.58 90.83 180.29
789	'' 498.98 64.31 466.01
790	'' 563.18 66.1 417.45
791	'' 776.98 104.95 45.42
792	'' 798.8 65.4 659.2
793	'' 1111.79 47.44 477.61
794	'' 1112.2 47.29 495.75
795	'' 1004.94 48.17 567.36
796	'' 1078.12 8.75 309.27
797	'' 985.91 40.76 137.71
798	'' 1083.97 30.52 -181.57
799	'' 1066.71 68.47 -426.39
800	'' 1196.99 95.54 -533.52
801	'' 801.67 100.14 -323.09
802	'' 626.71 92.52 -403.91
803	'' 347.51 58.36 -217.97
804	'' -232.02 1.19 -337.63
805	'' 265.7 29.92 -567.34
806	'' -1238.73 91.76 169.58
807	'' -1231.49 90.5 155.66
808	'' -1224.59 89.21 155.15
809	'' -1074.59 68.99 367.77
810	'' -1081.08 68.96 365.95
811	'' -1076.1 67.68 359.65
812	'' -1356.08 93.53 512.19
813	'' -829.45 27.21 -351.05
814	'' -449.49 27.53 366.7
815	'' -454.96 27.2 363.42
816	'' -462.21 26.35 360.77
817	'' 582.4 53.44 -13.77
818	'' 236.52 87.01 243.81
819	'' 143.56 57.17 149.23
820	'' 1065.03 79.1 -416.52
821	'' 1114.13 46.35 487.3
822	'' 1077.96 28.56 -187.93
823	'' -819.64 26.71 213.52
824	'' 726.85 75.63 -653.23
825	'' 1059.75 143.84 -728.19
826	'' 1292.8 49.4 302.69
827	'' 1348.59 28.98 490.02
828	'' 947.42 25.63 -372.89
829	'' -446.91 -91.34 -100.31
830	'' -382.24 -61.08 -33.28
831	'' -524.07 -33.65 -396.71
832	'' -22.94 40.82 -585.81
833	'' -722.87 43.25 -469.52
834	'' -838.87 5.59 -485.48
835	'' -1265.51 47.06 -449.61
836	'' -1151.72 31.74 -224.67
837	'' -1265.36 31.44 -193.83
838	'' -1309.77 51.13 -34.19
839	'' -1302 50.08 -28.71
840	'' -1319.09 51.56 -33.64
841	'' -1315.68 51.22 -39.53
842	'' -1320.02 16.81 -75.27
843	'' -1283.3 36.46 180.81
844	'' -1016.32 61.02 393.38
845	'' -868.01 52.74 325.81
846	'' -907.67 26.77 -324.97
847	'' -272.55 68.75 483.6
848	'' -221.58 69.07 627.74
849	'' 645.48 153.48 -109.98
850	'' 453.15 57.8 524.91
851	'' 450.84 65.81 455.66
852	'' 447.3 66.6 453.16
853	'' 447.5 64.76 460.14
854	'' 441.37 63.83 464.78
855	'' 515.74 72.33 624.59
856	'' 523.33 71.91 621.34
857	'' 513.09 74.39 631.08
858	'' 1066.73 80.11 -415.81
859	'' 1467.21 55.44 -131.75
860	'' 832.83 78.01 -653.47
861	'' 25.44 47.25 -622.41
862	'' -167.58 92.1 256.39
863	'' -171.25 93.66 252.03
864	'' -177.39 93.39 253.65
865	'' -180.88 90.32 263.87
866	'' 734.59 75.92 489.17
867	'' 1059.97 126.21 -506.82
868	'' -188.17 36.79 -94.71
869	'' -183.27 37.32 -87.83
870	'' -178.74 37.48 -98.53
871	'' -186.11 36.9 -101.97
872	'' -104.27 67.13 -427.25
873	'' -1123.73 1.03 -680.49
874	'' -1244.84 28.68 -402.01
875	'' -1182.12 61.19 -382.67
876	'' -1326.83 39.56 188.76
877	'' -1323.59 38.05 179.53
878	'' -1334.34 40.01 182.3
879	'' -1260.61 32.22 149.95
880	'' -1101.78 67.47 234.96
881	'' -874.06 4.24 -21.78
882	'' -853.99 62.53 196.95
883	'' -814.26 35.55 266.79
884	'' 155.35 52.53 534.03
885	'' 155.67 50.85 522.14
886	'' 149.68 50.4 520.84
887	'' 1431.47 72.14 -330.39
888	'' 15.8 44.51 -614.29
889	'' 23.86 47.1 -623.71
890	'' 666.91 73.73 250.16
891	'' 679.09 74.72 245.31
892	'' 666.73 75.13 239.28
893	'' -1097.95 67.86 232.61
