1	'shot1' -1220.06 101.677 504.059
2	'Trap2' -1252.34 97.3339 510.972
3	'Trap3' -1271 96.1498 494.549
4	'Trap4' -1288.29 96.8074 512.138
5	'Trap5' -1277.7 101.621 548.639
6	'Shot6' -1257.89 102.14 543.81
7	'Shot7' -1174.38 108.356 509.316
8	'Trap8' -1180.79 93.2915 467.377
9	'Trap9' -1161.43 91.9325 449.862
10	'Trap10' -1153.12 88.0268 438.903
11	'Trap11' -1150.19 73.8441 399.532
12	'trap12' -1189.27 70.0135 407.107
13	'Trap13' -1215.23 70.9554 414.231
14	'Trap14' -1131.46 72.9345 386.4
15	'Trap15' -1141.87 75.3877 375.612
16	'Trap16' -1107.18 68.1953 357.523
17	'Trap17' -1246.48 67.9232 413.743
18	'Trap18' -1285.4 80.8079 434.323
19	'Trap19' -1141.75 89.5702 454.513
20	'Trap20' -1140.99 67.7725 265.571
21	'Trap21' -1200.06 76.4505 243.045
22	'KillHarathi22' -1251.96 77.9742 253.925
23	'KillHarathi23' -1273.04 47.6941 225.831
24	'KillHarathi24' -1329.93 41.3603 252.332
25	'KillHarathi25' -1321.2 38.7909 227.151
26	'Takeshotagain26' -1219.79 101.514 502.779
27	'Takeshotagain27' -1257.7 102.219 542.442
28	'Trap28' -1328.85 92.1273 581.515
29	'shot29' -1204.74 100.528 612.152
30	'Takeshotagain-Heart-completed' -1175.82 108.335 508.204
31	'Remains1' -455.375 29.752 389.959
32	'Remains2' -364.503 15.8944 323.851
33	'Destroy3' -435.85 6.71051 251.874
34	'Remains4' -502.095 2.41879 178.294
35	'Remains5&ToxicStalk' -401.252 0.317837 162.631
36	'Remains6' -487.494 18.5769 290.92
37	'ToxicStalk7' -486.281 23.2374 318.419
38	'Killstalk8' -502.96 21.2589 291.831
39	'Remains9' -552.907 25.6593 370.812
40	'Remains10' -602.594 8.75155 288.217
41	'Stalk11' -683.88 23.2268 292.431
42	'Remains12' -703.847 30.3658 327.003
43	'Stalk13' -709.497 39.0321 348.021
44	'Stalk15' -756.618 49.7653 392.938
45	'Remains16' -801.124 50.1789 401.811
46	'Stalk17' -813.977 60.8211 483.507
47	'Remains18' -741.357 59.428 503.93
48	'ToxicStalk19' -730.176 59.5394 497.308
49	'Give-THe-Remains-to-NPC-Heart-Completed' -677.638 61.2318 533.874
50	'killcrab1' -669.669 -57.6215 144.763
51	'KillCrab2' -613.151 -70.4821 136.622
52	'KillCrab3' -617.814 -85.2822 84.4207
53	'OpenTrap&KillCrab' -580.522 -107.602 29.7638
54	'OpenTrap' -512.887 -126.25 -16.5546
55	'KIllCrab' -529.292 -127.473 -33.0583
56	'KillDebris' -536.358 -139.204 -42.1562
57	'Trap&Kill' -523.957 -120.295 -96.0569
58	'Trap' -491.135 -106.307 -118.519
59	'KillDebris' -460.489 -87.0763 -101.24
60	'KillTheShark' -439.303 -46.0977 -50.5853
61	'KillDebris' -445.148 -63.8976 -2.08953
62	'KillCrab' -581.451 -114.92 -41.5378
63	'OpenTrap' -609.948 -100.031 -37.5236
64	'KIllDebris' -610.752 -141.217 -94.7079
65	'OpenTrap' -602.645 -145.202 -76.3242
66	'OpenTrap' -657.783 -136.921 -91.9825
67	'Give-NPC-The-Food-I-Had-12-Heart-completed' -672.623 -71.3069 161.752
68	'KIll2bandits1' -816.599 26.7837 -334.5
69	'Explosives2' -788.592 5.75018 -381.319
70	'KillBandit3' -758.436 5.54743 -369.573
71	'Kill2bandits4' -751.303 5.81309 -347.427
72	'Killsupplies5' -749.491 6.00875 -341.18
73	'KIllbandit6' -725.835 15.2521 -374.086
74	'Explosives7' -735.882 17.7919 -387.941
75	'Toch8' -754.21 16.8083 -375.29
76	'KillBandit9' -768.002 16.8083 -373.4
77	'KIllSupplies10' -775.397 16.8083 -378.428
78	'Torch11' -692.879 21.8138 -411.299
79	'Explosives12' -715.876 25.6219 -427.891
80	'KillBandit-Heart-completed' -709.561 24.0278 -427.33
81	'Shroom1' -981.494 0.602868 -627.4
82	'Shroom2' -1006.38 0.915876 -596.709
83	'SHroom3' -1043.58 0.499694 -589.85
84	'Shroom4' -1075.26 0.671489 -604.485
85	'Shroom5' -1091.01 1.10359 -634.744
86	'Shroom6' -1139.48 1.91754 -660.692
87	'Shroom7' -1159.6 0.736814 -588.571
88	'Shroom8' -1188.92 0.380542 -551.006
89	'Shroom9' -1251.89 0.142579 -524.264
90	'Shroom10' -1265.08 1.68443 -575.635
91	'Shroom11' -1268.3 0.254102 -618.736
92	'Kill' -1275.57 2.01628 -634.21
93	'Kill' -1265.26 0.426223 -618.815
94	'KIll' -1265.24 -0.341042 -667.122
95	'Kill-Heart-completed' -1245.29 -0.732052 -659.784
96	'Killgrub' -233.189 0.566214 -344.952
97	'KIllgrub' -255.359 0.231666 -415.202
98	'KIllgrub' -220.983 1.53748 -418.475
99	'KIllgrub' -165.591 1.61898 -490.747
100	'Killgrub' -142.988 6.77035 -537.168
101	'KIllgrub' -196.65 0.669149 -472.064
102	'KIllgrub' -241.588 0.637818 -456.291
103	'Killgrub' -190.623 1.6912 -413.991
104	'Kill2grubs' -277.684 9.79077 -443.484
105	'KIllgrub' -266.832 0.510774 -279.031
106	'TalktoNPC-and-transform-intop-animal' -298.515 0.340778 -273.984
107	'enter' -239.881 1.17089 -309.505
108	'bring-trÅffel-back-tonpc' -297.024 0.307544 -272.05
109	'Enter-Kill-thegrub-ortake-tr¸ffel-to-complete-Heart' -298.096 1.03248 -289.867
110	'Trap1' 186.769 -4.83845 -242.098
111	'Trap2' 161.25 -14.1027 -264.185
112	'Trap3' 169.109 -10.6066 -254.668
113	'ToxicSludge4' 119.187 -25.845 -284.485
114	'Trap5' 104.486 -10.312 -196.139
115	'Trap6' 32.901 -26.849 -177.578
116	'Trap7' 23.4612 -29.2848 -176.92
117	'Trap8' 39.9397 -15.121 -147.221
118	'Trap9' 50.729 -11.6893 -141.216
119	'Trap10' 66.7495 -14.3312 -158.595
120	'Trap11' 73.9482 -9.06142 -145.497
121	'Sludge12' 47.8112 -35.7164 -241.489
122	'Sludge13' 28.5736 -42.0915 -356.665
123	'Sludge14' 63.6945 -20.3994 -444.024
124	'Sludge15' 149.769 -27.1264 -484.127
125	'Sludge16' 198.008 -52.2714 -451.39
126	'Sludge17' 261.769 -56.6604 -355.262
127	'Sludge18' 294.965 -24.8622 -408.016
128	'TakeSupplies1' 549.972 108.365 -389.983
129	'GiveJenks' 540.776 123.093 -369.461
130	'TakeSupplies2' 582.642 105.433 -364.319
131	'GiveJenks' 542.226 122.851 -368.345
132	'BaitPoint' 571.91 109.84 -387.737
133	'Supplies' 624.382 92.8959 -407.673
134	'GIveJenks' 542.696 122.958 -368.537
135	'BaitPoint' 540.307 111.217 -300.899
136	'Supplies' 551.66 115.504 -302.19
137	'GiveJenks' 541.076 122.703 -368.207
138	'BaitPoint' 574.091 113.308 -318.098
139	'Supplies' 584.732 120.623 -295.278
140	'GiveJenks' 541.717 122.899 -368.625
141	'BaitPoint' 648.705 93.1259 -377.37
142	'Supplies' 631.881 97.4502 -360.908
143	'GiveJenks' 541.795 122.734 -368.109
144	'Supplies' 504.408 109.256 -286.785
145	'GIveJenks' 541.704 123.1 -369.23
146	'KillEttin' 591.401 118.698 -295.976
147	'BaitPoint' 622.088 113.917 -297.765
148	'BaitPoint' 632.447 126.126 -247.391
149	'KillEttin' 688.501 132.755 -192.452
150	'KillEttin' 664.046 139.24 -180.641
151	'KillEttin' 662.783 149.195 -145.684
152	'BaitPoint' 682.885 142.843 -147.52
153	'BaitPoint' 727.164 139.481 -136.43
154	'BaitPoint' 741.31 144.143 -107.155
155	'TakeExplosives-anduseit-Heart-completed' 746.478 144.124 -100.86
156	'Mound1' 772.656 74.627 -485.307
157	'Mound2' 734.26 73.16 -503.728
158	'Mound3' 711.08 73.9487 -483.632
159	'Burrow+2mobskillthem' 780.293 70.0789 -541.531
160	'Mound' 740.511 68.6271 -540.025
161	'Kill' 730.191 68.8319 -557.244
162	'Mound' 711.877 74.7453 -606.094
163	'Kill' 732.48 73.5896 -603.756
164	'GIvehim-collected-rocks-Heart-completed' 826.154 95.7421 -513.98
165	'Mound1' 293.969 84.9676 195.984
166	'Mound2' 302.541 85.0488 179.315
167	'Mound3+Wasp' 292.583 83.6751 161.819
168	'Mound4' 303.727 83.5442 150.557
169	'Mound5' 288.06 80.5849 106.257
170	'Wasp' 267.368 80.9728 157.38
171	'Wasp' 259.791 86.7391 224.959
172	'Mound' 263.458 87.0021 227.051
173	'Wasp' 267.1 87.5807 247.641
174	'Mound' 260.117 87.8178 249.14
175	'Mound-Heart-Completed' 240.963 87.0814 241.128
176	'SpikeTrap1' 465.714 56.5148 536.612
177	'Spiketrap2' 582.74 73.9249 495.39
178	'KillTamini3' 599.964 74.7815 531.537
179	'SpikeTrap4' 677.018 71.2628 507.422
180	'KillTamini5' 700.018 73.7864 495.384
181	'Flag6' 744.049 77.1018 515.935
182	'Flag7' 798.992 76.2171 473.361
183	'Trap8' 754.953 74.6395 435.527
184	'Trap9' 687.391 67.7835 383.177
185	'Flag10' 619.104 65.4754 342.932
186	'Trap11' 602.721 63.7727 325.561
187	'Trap12' 670.139 75.1781 238.651
188	'Trap13' 695.114 81.5596 195.227
189	'Trap14' 680.071 67.152 130.988
190	'Flag15' 777.557 78.1693 205.408
191	'Flag16' 644.998 77.2319 476.577
192	'KillRack' 821.328 89.3275 225.729
193	'KillRack' 868.168 86.9429 207.065
194	'KillRack-Heart-completed' 787.411 84.866 277.878
195	'KillRack-ifnot-Completed-Heart-untilnow' 774.993 84.3274 292.313
196	'KillRack-ifnot-Heart-completed' 786.449 84.1911 362.65
197	'Bush1' 779.636 59.0198 642.3
198	'Steal-Bandit-Sack' 811.804 62.9128 670.439
199	'Kill-Barrel' 815.042 62.5748 671.194
200	'Take-Sack' 812.508 74.2923 622.703
201	'Bush' 833.847 63.7276 605.158
202	'Kill-Barrel' 865.201 58.5011 636.256
203	'Take-Sack' 910.142 54.2487 677.297
204	'Kill-Barrel-andthebandits' 925.087 55.482 697.362
205	'Take-Sack' 907.445 70.7871 681.526
206	'Kill-Bandits-+barrel' 905.439 70.8566 668.529
207	'Take-Sack' 865.227 52.7902 698.131
208	'Take-Sack-Heart-completed-ifnotfull-killbandits' 847.792 69.6195 714.649
209	'Wallow' 1289.02 -0.193251 551.596
210	'KillSkale-in-the-area' 1338.36 -0.416644 600.387
211	'Wallow' 1298.83 -0.2076 515.431
212	'Wallow' 1273.91 -0.836285 478.951
213	'Wallow' 1282.3 -0.836285 424.12
214	'Bush' 1363.89 29.8738 486.449
215	'Kill2Basilisks' 1358.88 35.4098 458.483
216	'Bush' 1321.16 16.8009 480.17
217	'KillBat' 1031.04 44.0649 481.97
218	'Bush' 1040.38 4.34397 390.158
219	'Wallow' 1048.62 -0.837464 276.361
220	'Wallow' 1049.68 -0.837496 321.202
221	'Wallow' 1018.38 -0.837389 366.564
222	'Wallow' 1022.52 -0.837496 420.266
223	'Wallow&Kill-everything-Heart-completed' 1031.76 -0.837496 462.844
224	'Flag1' -1232.11 35.4182 -149.122
225	'Centaur-Camp-Building-2' -1322.38 45.5388 -110.997
226	'Flag3' -1260.92 39.6869 96.9074
227	'Flag4' -1189.89 31.7301 -11.9465
228	'Centaur-Overlook-kill' -1154.04 44.1709 -118.409
229	'CentaurDwelling' -1264.84 32.9117 -120.839
230	'Destroy-Engine' -1279.16 40.3913 -150.601
231	'DestroyDwelling' -1279.18 33.8802 -44.6051
232	'Kill-ifthere' -1293.68 16.2377 65.3599
233	'Kill-Dwelling&2Harathi' -1333.14 33.448 78.9344
234	'Kill-Harathi+Engine-HEart-completed-ifnot-go-killmore-harathi' -1375.51 56.0706 104.968
235	'Extra-Mound-if-heart-not-completed' 228.745 87.3285 231.8
236	'Extra-Trap' 567.058 66.1871 411.366
237	'Extra-Tamini-Kill' 484.922 68.4153 589.613
238	'Extra-Tamini-Kill' 542.378 66.8664 607.442
239	'Extra-Tamini-Kill' 563.045 71.5063 622.128
240	'Extra-Tamini-Kill' 600.801 67.893 611.554
241	'Extra-Tamini-Kill' 650.673 61.237 577.741
242	'Extra-Tamini-Kill' 609.881 72.2273 561.023
243	'Extra-Tamini-Kill' 301.872 53.0994 506.744
244	'Extra-Trap' 291.174 55.2704 521.054
245	'Extra-Kill-Tamini' 244.458 51.6874 526.541
246	'2-Extra-Tamini-Kill' 304.608 75.3293 437.565
247	'Extra-Tamini-Kill' 253.35 75.8156 455.37
248	'Extra-Bandit' -809.244 32.5518 -377.421
249	'Extra-Bandit+Torch' -760.332 32.0179 -441.624
250	'Extra-Shroom' -1267.31 0.235393 -686.157
251	'Extra-Shroom' -1357.74 0.499521 -678.313
252	'Extra-Shroom' -1362.81 2.65109 -645.456
253	'Extra-Shroom' -1373.3 1.04956 -618.845
254	'Extra-Supplies' 694.817 132.783 -192.005
255	'Extra-Jenks' 540.349 122.499 -367.819
256	'Extra-Supplies' 671.396 139.291 -175.955
257	'Extra-Jenks' 540.458 122.498 -367.803
258	'Extra-Rabbit-Bait-Point' 672.579 146.323 -113.043
259	'Extra-Mound' 814.28 82.8723 -535.207
260	'Extra-Mound' 802.259 71.4797 -535.417
261	'Extra-Mound' 787.6 81.8395 -554.979
262	'Extra-Trap' -591.649 -118.297 -126.724
263	'Extra-Trap' -650.193 -99.6696 -146.345
264	'Extra-Debris' -664.355 -64.4678 -183.387
