1	'Heart1' -1157.75 115.212 561.324
2	'Heart2' -677.775 61.1938 533.627
3	'Heart3' 418.267 61.9311 466.393
4	'Heart4' 818.719 54.5884 726.974
5	'Heart5' 1153.68 53.0543 464.165
6	'Heart6' 279.401 84.443 186.393
7	'Heart7' 824.523 95.1047 -516.473
8	'Heart8' 542.638 122.756 -367.947
9	'Heart9' 205.735 23.317 -127.539
10	'Heart10' -673.058 -71.3199 163.279
11	'Heart11' -1115.3 22.0722 -124.716
12	'Heart12' -856.001 34.2878 -340.425
13	'Heart13' -299.139 0.193936 -272.35
14	'Heart14' -998.742 32.8606 -697.423
