1	'PoI1' -1228.34 67.2073 343.774
2	'PoI2' -910.601 75.2138 200.191
3	'PoI3' -751.099 5.77056 -343.313
4	'PoI4' -523.816 -74.0893 -223.821
5	'PoI5' -570.716 -134.831 -80.8457
6	'PoI6' -415.211 -0.00598496 130.879
7	'PoI7' -223.924 48.1481 365.098
8	'PoI8' -8.61272 54.9926 649.973
9	'PoI9' 416.092 61.252 445.585
10	'PoI10' 137.544 57.959 187.94
11	'PoI11' 164.584 5.71852 -172.388
12	'PoI12' -152.989 0.138879 -67.8441
13	'PoI13' 899.766 53.7728 699.619
14	'PoI14' 1159.72 54.7616 417.589
15	'PoI15' 1025.08 56.097 585.973
16	'PoI16' 1185.91 69.3289 82.1928
17	'PoI17' 1455.33 40.7826 -398.251
18	'PoI18' 1281.03 106.321 -602.47
19	'PoI19' 972.31 36.9013 -603.892
20	'PoI20' 166.313 -29.6505 -409.502
