1	'WP1' -1098.69 115.842 605.567
2	'WP2' -1395.19 91.4579 345.406
3	'WP3' -1050.27 29.051 -143.383
4	'WP4' -989.241 1.1724 -631.608
5	'WP5' -466.906 4.19988 -506.768
6	'WP6' -244.701 1.63902 51.4625
7	'WP7' -428.182 78.6571 623.989
8	'WP8' 73.2817 47.401 470.869
9	'WP9' 299.946 96.0303 641.917
10	'WP10' 512.206 62.7099 80.1974
11	'WP11' 437.156 83.0467 -422.844
12	'WP12' 1026.19 100.209 -346.935
13	'WP13' 1379.42 45.6666 -68.6693
14	'WP14' 1205.36 29.9352 516.453
15	'WP15' 752.55 47.1799 618.105
16	'WP16' 951.274 55.6314 246.203
