1	'Fire-Bomb' -497.078 0.0843522 -944.693
2	'put-it-in' -428.048 9.12998 -929.829
3	'Fire-bomb' -495.373 2.4997 -978.329
4	'Put-in' -427.216 8.5232 -928.345
5	'Bomb' -537.332 2.6414 -977.22
6	'Put-in' -426.78 8.58667 -928.803
7	'Bomb' -558.598 2.16245 -943.353
8	'put-in' -426.673 8.38958 -928.223
9	'Bomb' -517.813 7.43182 -1007.24
10	'Put-in' -426.976 8.70171 -929.068
11	'Bomb' -569.107 5.50315 -973.374
12	'Put-in' -427.744 8.47391 -928.08
13	'Bomb' -577.934 5.77854 -1011.77
14	'Put-in-Hart-completed' -427.898 9.00197 -929.537
15	'Mine' 502.193 60.4233 -809.626
16	'Mine' 528.036 47.9308 -840.602
17	'Mine' 569.877 40.9926 -866.348
18	'Mine' 555.833 41.155 -900.769
19	'Mine' 525.948 49.8867 -937.436
20	'Mine' 514.029 60.4061 -964.034
21	'mine' 499.76 64.021 -912.248
22	'Mine' 533.251 61.3594 -973.857
23	'Turret' 615.763 62.9079 -986.299
24	'Mine' 620.389 59.532 -977.612
25	'Mine' 648.802 53.0722 -941.314
26	'Turret' 656.542 53.4293 -947.298
27	'Mine' 610.77 49.024 -939.859
28	'Kill-both-non-hostile-dredges-Heart-completed' 833.104 69.1643 -963.892
29	'Dwarven-Stone' 588.649 107.035 -516.141
30	'Stone' 568.406 116.353 -525.314
31	'Stone-read-the-second-line' 613.45 103.51 -563.911
32	'Stone-read-the-third-line' 599.287 102.935 -487.491
33	'Stone' 632.8 102.051 -584.331
34	'Stone' 671.201 102.565 -604.343
35	'Stone-read-the-first-line' 680.969 119.51 -588.719
36	'Stone' 707.643 120.218 -604.984
37	'Stone-again' 568.535 116.285 -524.359
38	'Stone-again' 588.822 107.035 -515.92
39	'First-Line-Heart-completed' 632.774 102.05 -584.291
40	'Ice' -609.405 101.122 77.3763
41	'Ice' -614.768 101.668 89.0773
42	'Ice' -632.294 106.157 116.699
43	'Ice' -640.906 109.442 142.241
44	'Ice&Kill-all-svanir-which-came-to-you' -626.43 113.224 167.917
45	'Ice' -619.818 112.102 154.452
46	'Ice' -592.384 112.03 162.694
47	'Ice' -577.302 112.286 143.612
48	'Ice-&kill-all-Heart-completed' -593.919 112.99 125.196
49	'Dredge-Ore' 188.148 132.949 -125.808
50	'Weapon-Cache' 187.697 132.897 -130.059
51	'Dredge-Ore' 139.688 134.381 -102.16
52	'Dredge-Ore' 162.739 133.622 -65.304
53	'Cache' 202.34 132.782 -80.4918
54	'Ore' 206.407 134.355 -88.6879
55	'Cache' 132.993 131.583 -24.5944
56	'Ore' 107.823 131.696 0.63069
57	'put-collected.Ore.in.the-machine' 25.5491 121.365 -20.2057
58	'ore' -49.1038 122.728 -66.9827
59	'ore' -109.24 124.555 -114.049
60	'Put-Ore-in-Heart-completed' 19.5881 121.163 -22.8437
61	'Rat-cache&Kill' -365.158 75.9167 512.2
62	'Rat-Cache' -369.285 76.587 527.934
63	'Rat-cache' -394.232 74.9285 549.473
64	'Rat-cache' -408.209 75.8984 568.226
65	'Rat-Cache' -389.231 74.0928 574.086
66	'Rat-cache&Kill' -470.809 82.1355 530.021
67	'Rat&Kill' -502.881 84.0853 520.252
68	'Rat&Kill' -529.016 85.7066 519.081
69	'Cache&Kill' -512.496 84.975 475.934
70	'Rat&Kill' -366.353 69.2378 611.727
71	'Rat&Kill' -332.804 66.4246 612.178
72	'Kill' -190.616 47.5305 671.917
73	'Kill' -203.236 46.9356 653.888
74	'Kill-2' -233.713 48.4928 630.416
75	'Kill' -263.634 53.5699 620.343
76	'Rat-cache&Kill-again-Heart-completed' -365.098 75.8583 512.581
77	'Totem' -608.12 2.15319 825.127
78	'Marker&Kill' -611.055 2.16939 818.473
79	'Marker-Kill' -598.772 2.13106 834.091
80	'Marker-KIll' -669.951 4.29831 790.926
81	'Totem' -693.971 7.01363 796.003
82	'Marker-Kill' -675.007 0.109612 865.821
83	'Marker-kill' -659.704 0.109612 906.839
84	'Totem' -646.409 0.109615 917.519
85	'Marker-Kill' -623.362 3.80222 900.436
86	'Marker-Kill' -641.473 2.48628 943.189
87	'Armor' -333.144 73.634 914.403
88	'Build-Snowman' -394.314 80.6536 927.302
89	'Armor' -316.058 76.1609 872.164
90	'Build-Snowman' -396.467 74.054 898.451
91	'Armor' -328.365 73.8496 873.528
92	'Build-Snowman' -417.123 80.5128 907.277
93	'Armor' -266.174 91.8147 941.665
94	'Snowman' -362.246 73.7685 915.465
95	'Armor' -252.346 96.8223 958.927
96	'Take-wood' -429.216 82.5154 921.96
97	'Put-wood-in-fire' -436.722 82.5866 949.24
98	'Take-Wood' -432.292 82.7323 918.674
99	'Wait-15-seconds-and-put-wood-in-fire' -436.169 82.586 949.693
100	'Kill-Svanir' -297.383 80.4302 924.56
101	'Kill-Svanir' -267.659 91.111 939.531
102	'Kill-SVanir' -406.061 61.0119 874.064
103	'Kill-Svanir' -449.678 50.4103 865.376
104	'Web&Kill' 760.69 76.2221 750.124
105	'Web&Kill' 768.863 70.5241 760.22
106	'Web&Kill' 791.56 55.5442 822.094
107	'KIll-2-Spawned-spiders' 779.424 57.9074 796.386
108	'Web&Kill' 720.722 39.4854 839.109
109	'Kill-Spider-Tragets-until-Heart-is-full' 737.025 33.9996 802.557
110	'Ice-Turret' 213.026 83.9968 885.368
111	'Kill-2-Svanir&1-Ice-Elemental' 296.768 112.128 932.664
112	'Ice-Container' 336.648 110.68 944.383
113	'Kill' 340.613 114.777 963.942
114	'Kill-Turret' 452.905 80.1031 840.295
115	'Kill-Turret' 280.211 73.5974 795.008
116	'Kill-Svanir' 299.094 72.766 802.779
117	'Kill-mobs' 351.307 70.5449 806.02
118	'KIll-Turret' 355.264 65.506 757.248
119	'KIll-Wolf' 323.701 65.9577 744.497
120	'Kill-Svanir' 301.732 64.4226 729.867
121	'Kill-Wolf' 283.635 72.2185 754.164
122	'Kill-Wolf' 253.813 74.0358 778.696
123	'Kill-Turret-again' 215.118 83.7421 884.95
124	'Ice-Container&Kill-2-Elementals-HEart-completed' 323.107 112.252 931.109
125	'Kill' -198.025 79.2567 -859.784
126	'Kill' -215.956 78.0366 -901.267
127	'Crate' -217.271 79.2886 -908.099
128	'Take-Cannonbal&Throw-one-at-dredge' -213.118 78.2672 -905.032
129	'Kill' -232.446 78.5065 -884.783
130	'Kill-Turret&Surroundingmobs' -125.187 84.689 -916.755
131	'Kill-Cannon' -91.5706 81.6177 -947.787
132	'Kill-Turret' -21.4052 70.7958 -973.314
133	'Kill-Dredge' -31.9924 70.1771 -982.333
134	'Kill-Turret' -212.082 106.801 -973.375
135	'KIll-Turret&Dredge' -233.642 122.479 -1002.86
136	'Destroy-Gate&the-Crates-inside' -264.802 127.067 -1022.46
137	'' -262.297 126.408 -1012.99
138	'Gate-then-Crates-inside-Heart-completed-after' -238.782 121.574 -994.125
