1	'PoI1' 31.1614 145.471 1043.34
2	'PoI2' 87.4852 120.351 1227.44
3	'PoI3' 249.493 116.664 1064.07
4	'PoI4' 337.437 112.496 913.832
5	'PoI5' -428.673 82.0992 933.896
6	'PoI6' -637.029 1.9287 946.497
7	'PoI7' -736.19 80.0377 1032.37
8	'PoI8' -512.911 84.0386 500.369
9	'PoI9' -111.991 95.8972 670.911
10	'PoI10' 96.3819 140.393 553.334
11	'PoI11' 724.689 35.2162 499.786
12	'PoI12' 722.959 115.086 98.8035
13	'PoI13' -450.835 75.3589 383.823
14	'PoI14' -636.947 64.3455 289.677
15	'PoI15' -748.219 108.237 37.4248
16	'PoI16' -539.974 99.2224 30.288
17	'PoI17' -712.19 114.558 -472.859
18	'PoI18' -80.3517 124.791 -96.9256
19	'PoI19' 1.48392 164.268 -198.55
20	'PoI20' -380.76 135.223 -558.562
21	'PoI21' -679.467 45.4774 -1036.09
22	'PoI22' 1.35874 74.5497 -727.599
23	'PoI23' 174.355 85.7916 -540.826
24	'PoI24' 241.957 120.621 -898.69
