1	'WP1' 148.371 121.561 1030.85
2	'WP2' 712.601 100.119 742.707
3	'WP3' 417.44 78.6309 672.064
4	'WP4' -78.01 81.0461 844.266
5	'WP5' -349.972 71.9605 910.891
6	'WP6' -514.426 47.9789 650.715
7	'WP7' -225.419 91.6068 446.22
8	'WP8' 581.582 94.0689 309.318
9	'WP9' -693.603 70.872 246.791
10	'WP10' 149.311 108.693 227.649
11	'WP11' 330.23 116 -179.503
12	'WP12' 57.5358 144.831 -349.165
13	'WP13' -503.622 109.041 -348.761
14	'WP14' -629.681 -0.206839 -788.773
15	'WP15' -364.846 30.1533 -820.104
16	'WP16' 38.3562 65.8006 -949.984
17	'WP17' 474.245 70.6488 -758.019
18	'WP18' 627.922 101.18 -512.716
