1	'Aquatic_Ruins_Fractal_-_Aquatic_Murk'	-119.33836816922796	-94.08789825492637	-192.94786297077664
2	'Swampland_Fractal_-_Swampy_Gloom'	-108.87994292881878	0.5870214203956211	-161.04862358559484
3	'Snowblind_Fractal_-_Frozen_Darkness'	117.46819510548214	44.63987440163004	-182.28951739406833
4	'Solid_Ocean_Fractal_-_Jade_Night'	963.4024033967191	723.1823740655512	975.4408533217942
5	'Blazeridge_Steppes_-_Cavernous_Gloom'	703.5259817386998	23.7354005915976	-638.4780197018889
6	'Lions_Arch_-_Pirates_Darkness'	677.525201359677	52.451820185789984	-544.9596582988339
7	'Dredgehaunt_Cliffs_-_Forsaken_Fortune'	627.7370510120509	78.60152713440974	1121.7067213334064
8	'Obsidian_Sanctum_-_Obsidian_Darkness'	1091.9788066787748	33.88082589834383	510.5413472492401
9	'Caledon_Forest_-_Spelunkers_Dim'	557.9071424872998	23.528286358585202	-1380.3691278017366
10	'Caledon_Forest_-_Itlaocols_Gloom'	-639.2408631820941	5.618947091857998	821.9387800064331
11	'Cursed_Shore_-_Grenths_Darkness'	-522.9202394132105	43.15384251207895	-1091.0119701112446
12	'Fireheart_Rise_-_Inky_Blackness'	816.7839732295889	-0.8432003687695175	41.83904733921689
13	'Sparkfly_Fen_-_Tequatls_Gloom'	-678.8578264441794	-60.12626841170268	-1061.4788345602972
14	'Gendarran_Fields_-_Crypts_Gloom'	46.47328513319126	-0.12235109547595	715.043407790071
15	'Diessa_Plateau_-_Rhendaks_Murk'	309.26093215104646	-70.82697525363575	705.6582684201878
16	'Dry_Top_-_Mines_Darkness'	472.53326859916507	25.834222116380836	-113.21600570622805
17	'The_Silverwastes_-_Breachs_Copper_Gloom'	173.12567584507158	438.5673573698912	-533.7077194245493
18	'Kessex_Hills_-_Cereboths_Darkness'	1002.6484197093158	17.9993867769919	-383.22634118487167
19	'Queensdale_-_Underworld_Murk'	322.0715752834462	-0.9269448465881189	-523.1671282577184
20	'Fireheart_Rise_(Vexas_Lab)_-_Captive_Darkness'	-306.64617130515336	34.977323337033	-837.998418751839
21	'The_Silverwastes_-_Breachs_Iron_Gloom'	-274.08538094102573	518.1535473910728	-490.7076476273202
22	'The_Silverwastes_-_Breachs_Silver_Gloom'	55.44947174925509	445.8831949340691	-121.40349972895655
23	'The_Silverwastes_-_Breachs_Platinum_Gloom'	-290.18356888629745	422.67312489464445	162.95602227173657
24	'Dredgehaunt_Cliffs_-_Tribulations_Gloom'	-776.4124784749544	36.376184170423954	-978.4745169448054
25	'Underground_Facility_Fractal_-_Underground_Darkness'	784.1117034168493	73.9743196168139	177.5938047435353
