1	'Buy_Key' -432.143 256.426 -491.037
2	'W2Z1_Chest_1' -327.041 262.807 -560.627
3	'Buy_Key' -432.143 256.426 -491.037
4	'W2Z1_Chest_2' -104.503 306.263 -429.188
5	'Buy_Key' 592.003 347.258 -90.9757
6	'W2Z2_Chest_1' 440.033 300.711 -328.349
7	'Buy_Key' 592.003 347.258 -90.9757
8	'W2Z2_Chest_2' 408.213 351.451 -123.728
9	'Buy_Key' 592.003 347.258 -90.9757
10	'W2Z2_Chest_3' 603.089 357.408 -62.219
11	'Buy_Key' -60.9026 92.9353 134.784
12	'W2Z3_Chest_1' 27.497 104.557 124.451
13	'Buy_Key' -60.9026 92.9353 134.784
14	'W2Z3_Chest_2' -12.905 193.929 121.81
15	'Buy_Key' -60.9026 92.9353 134.784
16	'W2Z3_Chest_4' -112.474 319.432 447.219
17	'Buy_Key' -60.9026 92.9353 134.784
18	'W2Z3_Chest_5' -455.587 435.481 319.278