1	'W2Z1_1' -665.903 230.132 -532.134
2	'W2Z1_2' -656.154 267.135 -476.294
3	'W2Z1_3' -729.244 275.506 -537.843
4	'W2Z1_4' -754.903 269.654 -597.759
5	'W2Z1_5' -322.738 248.673 -540.558
6	'W2Z1_6' -311.199 265.091 -498.942
7	'W2Z1_7' -275.171 265.091 -475.711
8	'W2Z1_8' -300.439 279.562 -408.362
9	'W2Z1_9' -262.026 255.899 -261.866
10	'W2Z1_10' -315.802 278.429 -317.85
11	'W2Z1_11' -202.594 259.375 -408.539
12	'W2Z1_12' -153.043 259.483 -493.054
13	'W2Z1_13' -163.066 240.855 -431.273
14	'W2Z1_14' -390.039 260.435 -567.804
15	'W2Z2_1' 339.273 271.887 -382.726
16	'W2Z2_2' 464.616 311.428 -364.304
17	'W2Z2_3' 353.282 319.62 -261.111
18	'W2Z2_4' 691.613 349.728 -106.04
19	'W2Z2_5' 618.189 336.207 172.555
20	'W2Z2_6' 741.811 338.502 -20.402
21	'W2Z2_17' 615.941 335.205 -68.741
22	'W2Z3_1' 414.018 334.55 261.573
23	'W2Z3_2' -37.227 41.544 182.084
24	'W2Z3_3' -28.915 50.463 165.833
25	'W2Z3_4' -13.944 51.872 87.153
26	'W2Z3_5' -66.553 155.092 62.586
27	'W2Z3_6' -122.247 148.93 94.778
28	'W2Z3_7' -33.239 100.95 76.565
29	'W2Z3_8' -25.213 205.982 79.187
30	'W2Z3_9' 14.045 165.702 154.282
31	'W2Z3_10' -75.876 155.53 164.879
32	'W2Z3_11' -43.586 154.005 91.433
33	'W2Z3_12' -421.111 426.753 367.991
34	'W2Z3_13' -378.285 457.187 383.038
35	'W2Z3_14' -94.942 170.804 144.432
36	'W2Z3_15' -23.492 150.641 117.34
37	'W2Z3_16' -66.254 215.241 266.803
38	'W2Z3_17' -57.352 278.107 357.149
39	'W2Z3_18' -50.233 279.403 416.076
40	'W2Z3_19' -436.118 459.962 105.343
41	'W2Z3_20' -8.489 47.194 168.648