1	'1_Take_Branch' -1161.27 6.52 -180.96
2	'1_Destroy_Boxes' -1156.9 6.47 -174.8
3	'1_Loot' -1156.75 6.45 -178.1
4	'2_Take_Branch' -242.91 3.7 -809.43
5	'2_Destroy_Boxes' -242.91 3.7 -809.43
6	'2_loot' -240 3.7 -806.19
7	'3_Take_Branch' 931.61 25.02 -25.85
8	'3_Destroy_Boxes' 932.88 25.3 -19.8
9	'3_Loot' 935.83 25.03 -24.88
10	'4_Take_Branch' 283.9 3.29 751.26
11	'4_Destroy_Boxes' 294.37 3.29 752.38
12	'4_Loot' 289.65 3.31 752.26
13	'5_Take_Branch' -656.08 158.31 348.1
14	'5_Destroy_Boxes' -653.83 158.31 350.1
15	'5_Loot' -647.73 158.31 351.94
16	'6_Pickup_Box' -1001.9 6.02 84.04
17	'6_WeaponSwap' -1002.52 4.09 78.93
18	'6_Loot' -999.39 3.22 84.33
19	'7_Pickup_Box' -627.05 77.75 78.36
20	'7_WeaponSwap' -627.01 76.83 82.65
21	'7_Loot' -623.17 75.92 77.59
22	'8_Pickup_Box' -286.24 1.98 352.51
23	'8_WeaponSwap' -284.03 1.98 348.94
24	'8_Loot' -280.93 1.98 345.45
25	'9_Pickup_Box' -177.86 207.5 -652.81
26	'9_WeaponSwap' -176.92 207.5 -657.01
27	'9_Loot' -178.05 207.5 -661.75
28	'10_PickupBox' 14.41 98.13 249.27
29	'10_WeaponSwap' 19.86 98.72 260.68
30	'10_loot' 17.82 98.13 252.61
31	'11_PickupBox' 596.85 3.23 86.92
32	'11_WeaponSwap' 596.23 3.22 89.38
33	'11_Loot' 595.91 3.22 94.02
34	'12_PickupWeapon' 1103.37 40.97 -341.27
35	'12_WeaponSwap' 1104.72 40.63 -345.1
36	'12_Loot' 1104.5 40.08 -356.11
37	'13_PickupBox' 833.83 43.47 -714.23
38	'13_WeaponSwap' 837.01 43.47 -718.34
39	'13_Loot' 837.17 43.47 -715.04
40	'14_PickupBox' 850.77 72.45 574.98
41	'14_WeaponSwap' 850.67 72.45 584.16
42	'14_loot' 850.29 72.45 581.09
43	'15_PickupBox' 578.96 83.93 467.37
44	'15_WeaponSwap' 580.15 85.5 464.96
45	'15_Loot' 579.81 83.93 470.98
46	'16_Interact_1' 538.73 44.88 -302.51
47	'16_Interact_2' 538.55 44.88 -296.93
48	'16_Interact_3' 542.35 44.88 -306.68
49	'16_loot' 535.2 44.88 -306.82
50	'17_Interact_1' -824.51 227.06 -813.18
51	'17_Interact_2' -823.45 227.06 -816.21
52	'17_Interact_3' -821.33 227.02 -818.74
53	'17_loot' -815.39 227.06 -820.22
54	'18_Interact_1' 306.03 152.11 795.92
55	'18_Interact_2' 298.48 152.11 799.8
56	'18_Interact_3' 292.48 152.11 796.74
57	'18Chest' 298.74 152.11 796.24
58	'19_Interact_1' 964.23 75.57 -681.15
59	'19_Interact_2' 958.26 75.57 -677.84
60	'19_Interact_3' 966.04 75.57 -688.22
61	'19_Loot' 961.12 75.57 -685.36
62	'20_Interact_1' -834.69 256.05 -416.43
63	'20_Interact_2_' -833.65 256.15 -420.07
64	'20_Interact_3_' -830.9 256.15 -419.75
65	'20_loot' -831.94 256.15 -417.49
66	'21_Interact+Loot' 1099.49 47.73 263.5
67	'22_Interact+Loot' -548.08 281.54 604.28
68	'23_Interact+Loot' 417.51 243.63 281.54
69	'24_Interact+Loot' 1234.47 1.75 -605.39
70	'25_Interact+Loot' -1260.18 116.53 721.42
71	'26_Interact+Loot' -931.89 2.39 830.56
72	'27_Interact+Loot' -1340.62 1.36 -545.76
73	'28_Interact+Loot' -621.8 275.31 -508.23
74	'29_Interact+Loot' -770.67 243.63 346.63
75	'30_Interact+Loot' -617.14 187.97 0.19
76	'31_Start' 1277.25 12.51 713.29
77	'31_Check1' 1277.42 29.72 749.53
78	'31_Check2' 1278.19 30.79 775.12
79	'31_Check3' 1279.23 47.66 793.72
80	'31_Check4' 1264.4 47.72 796.67
81	'31_Check5' 1245.96 64.41 798.62
82	'31_Check6' 1229.86 65.46 796.08
83	'31_Check7' 1212.62 81.16 796.78
84	'31_Check8' 1194.35 97.66 796.96
85	'31_Check9' 1174.08 114.54 798.49
86	'31_Loot' 1166.98 114.39 807.67
87	'32_Start' 61.57 55.7 17.04
88	'32_Check1' 66.57 75.11 -6.73
89	'32_Check2' 66.77 94.61 -28.54
90	'32_Check3' 66.64 115.09 -53.14
91	'32_Check4' 94.23 117.59 -94.39
92	'32_Check5' 128.74 117.71 -91.01
93	'32_Check6' 167.88 117.72 -98.51
94	'32_Check7' 207.42 117.71 -89.9
95	'32_Check8' 258.34 117.23 -94.03
96	'32_Loot' 283.91 117.21 -94.28
97	'33_Start' 1273.48 105.25 -93.81
98	'33_Check1' 1264.68 101.02 -87.89
99	'32_Check2' 1229.59 89.25 -74.76
100	'32_Check3' 1230.29 89.03 -63.21
101	'32_Check4' 1235.95 66.13 -33.05
102	'32_Check5' 1263.59 41.98 7.99
103	'32_Check6' 1263.98 34.34 29.77
104	'32_Check7' 1258.01 30.13 37.3
105	'32_Check8' 1248.32 0.6 57.92
106	'32_Loot' 1239.34 0.56 62.69
107	'34start' -915.04 243.64 -275.79
108	'Checkpoint1' -916.53 243.64 -262.98
109	'Checkpoint2' -917.25 243.3 -247.54
110	'Checkpoint3' -917.69 243.3 -231.56
111	'Checkpoint4' -919.28 243.3 -208.56
112	'Checkpoint5' -949.4 160.11 -133.06
113	'Checkpoint6' -973.06 160.15 -106.62
114	'Checkpoint7' -998.13 159.4 -83.36
115	'Checkpoint8' -1022.1 159.4 -54.62
116	'34Chest' -1040.88 159.4 -24.63
117	'35start' -31.13 148.07 -687.46
118	'Checkpoint' -29.37 148.26 -653.97
119	'Checkpoint1' -30.94 148.09 -627.23
120	'Checkpoint2' -31.37 148.06 -605.57
121	'Checkpoint3' -31.76 148.06 -582.46
122	'Checkpoint4' -23.51 146.91 -566.63
123	'Checkpoint5' 19.67 118.36 -528.92
124	'Checkpoint6' 43.18 118.31 -542.87
125	'Checkpoint7' 60.68 118.36 -546.6
126	'35chest' 89.74 104.36 -545.62
