1	'Battery' -772.97 255.43 567.33
2	'Battery' -771.75 255.39 522.65
3	'jade_bot-terminal' -770.48 255.43 547.55
4	'Lantern' -768.11 284.18 546.59
5	'Lantern' -768.54 307.14 493.7
6	'Lantern' -754.9 324.71 442.74
7	'Lantern' -719.85 353.96 443.54
8	'battery' -626.3 331.75 489.35
9	'battery' -545.21 316.51 549.29
10	'Lantern' -772.12 377.28 495.42
11	'Lantern' -723.42 307.71 504.13
12	'Lantern' -669.07 324.46 555.16
13	'Lantern' -661.73 287.96 586.26
14	'battery' -639.27 268.8 560.98
15	'battery' -642.23 267.29 524.51
16	'Lantern' -590.92 324.07 581.89
81	'Lantern' -596.57 350.61 546.69
82	'Lantern' -605.59 293.62 588.29
83	'Lantern-get-out-of-bot' -629.1 279.82 650.47
37	'Springer-mount-then-use-skill-one-on-next-ports' 1018.67 22.16 -84.67
38	'' 1017.6 55.05 -142.63
39	'' 1064.88 43.65 -133.48
40	'' 1157.52 28.12 -115.69
41	'' 1183.58 39.56 -110.59
42	'' 1171.1 25.88 -26.05
43	'' 1224.73 76.99 -119.53
44	'' 1212.22 68.22 -75.01
45	'' 1115.72 25.15 -87.57
46	'' 1030.52 27.2 -49.78
47	'' 1008.24 32.99 -109.1
17	'get-on-raptor-fix-bot' 5.36 16.89 -699.22
18	'jump-fix' -17.05 34.93 -634.26
19	'fix' -26.44 36.41 -530.11
20	'fix' -107.55 46.95 -469.67
21	'fix' -131.13 52.63 -405.39
22	'jump-kick-to-bot' -162.71 14.21 -410.55
23	'jump-kick-to-bot' -84.74 23.95 -486.97
24	'fix' 78.62 44.33 -388.33
25	'jump-fix' 17.55 3.15 -402.03
26	'raptor-kick' -167.1 3.22 -343.57
27	'jump-fix' 114.29 3.15 -566.74
28	'jump-fix' 232.29 35.22 -535.74
29	'jump-fix' 230.56 53.99 -581.33
30	'raptor-kick' 207.93 54.85 -583.84
31	'jump-fix' 203.98 28.1 -576.48
32	'jump-fix' 201.74 35.12 -464.02
33	'jump-fix' 335.66 20.6 -501.68
34	'fix' 284 54.95 -597.7
35	'raptor-kick' 275.73 3.23 -637.76
36	'fix' 143.57 41.94 -633.42
48	'battery' -673.23 260.69 532.92
49	'battery' -700.84 260.68 504.89
50	'terminal' -716.1 255.55 600.87
51	'Lantern-again' -767.11 285.55 552.5
52	'Lantern-again' -769.97 308.02 495.31
53	'Lantern-again' -753.32 324.37 441.23
54	'Lantern-again' -722.11 354.18 443.59
55	'2-batterys' -780.1 267.16 443.52
56	'Lantern-again' -773.19 375.64 489.34
57	'Lantern-again' -722.31 307.64 502.78
58	'Lantern-again' -666.68 323.59 555.85
59	'Lantern-again' -665.4 289.3 586.1
64	'get-out-of-bot' -716.17 257.1 600.95
67	'grubs-again-you-have-to-wait-now-until-respawn' 1008.19 33.29 -109.86
68	'' 1018.43 54.78 -142.22
69	'' 1065.72 44.11 -133.49
70	'' 1031.39 29.6 -51.53
71	'' 1115.38 25.29 -86.65
72	'' 1158.67 27.5 -115.31
73	'' 1183.12 39.26 -109.42
74	'' 1169.16 25.5 -26.16
75	'' 1213.36 68.23 -74.35
76	'' 1225.08 76.92 -116.98
