1	'Ring_of_the_Fire_Islands' 605.8155 -44.64428 95.45597
2	'Dredge 507.28536' -43.65289 204.55597
3	'The_White_Mantle' 731.8524 184.62116 26.98376
4	'Kormir' 744.37515 145.50554 87.97515
5	'Bear' 610.29643 183.88684 -34.25031
6	'Augury_Rock' 639.05904 127.18327 -20.11341
7	'Independence' 579.19311 44.23961 67.46937
8	'The_Frost_Gate' 672.69742 88.06335 29.69951
9	'Dervishes' 520.43665 126.85609 -14.0107
10	'Dhuum' 422.55597 58.33038 19.63124
11	'Nornbear' 509.10086 19.88376 -3.53889
12	'Thunderhead_Keep' 568.18819 95.52681 110.12509
13	'Olaf_Olafson' 561.64084 43.6 239.09963
14	'King_Doric' 407.87331 44.42509 188.62116
15	'Queen_Salma' 648.22632 133.1845 240.49815
16	'Tengu' 541.4059 186.59902 269.56089
17	'Bonfaaz_Burntfur' 718.02952 168.01722 154.61501
18	'Druids' 500.45879 169.91636 151.9262
19	'Gunnar_Poundfist' 508.00123 116.42153 185.18327
20	'Flame_Legion' 380.7909 171.43419 47.26052
