1	'PoI1' -872.988 296.676 232.98
2	'PoI2' -798.711 245.218 -71.4886
3	'PoI3' -608.269 396.553 -71.0479
4	'PoI4' -603.888 98.9287 150.566
5	'PoI5' -594.422 -12.4757 -382.971
6	'PoI6' -515.713 0.268127 -573.662
7	'PoI7' -881.303 3.84027 -642.611
8	'PoI8' -41.8482 67.9247 -109.017
9	'PoI9' -96.4914 356.813 -411.267
10	'PoI10' 709.823 288.085 -403.815
11	'PoI11' 1007.29 364.893 -681.271
12	'PoI12' 909.851 -1.3093 -229.186
13	'PoI13' 954.978 39.095 -143.334
14	'PoI14' 492.669 86.9154 -121.759
15	'PoI15' 411.35 18.3413 -49.0294
16	'PoI16' 505.227 3.01808 158.782
17	'PoI17' 533.329 202.577 501.187
18	'PoI18' -34.2736 316.429 488.214
19	'PoI19' -36.1993 47.6268 551.211
20	'PoI20' -505.168 22.4001 294.765
