1	'starting-Out-of-the-Shadows-Story-instance-Eirs-Memorial-in-Hoelbrak' 581.45 393.99 -373.96
2	'talk' 494.2 412.76 -396.69
3	'talk' 487.26 413.67 -454.78
4	'talk' 487.52 413.99 -408.3
5	'talk' 487.27 413.96 -408.2
6	'get-meat' 452.5 416.65 -382.05
7	'give-meat' 487.35 413.91 -407.74
8	'talk' 487.66 413.67 -445.12
9	'Channel' 447.48 416.43 -416.85
10	'Channel' 467.9 418.21 -354.71
11	'Channel' 438.86 418.23 -374.18
12	'Channel' 449.98 420.54 -401.96
13	'Flower' 441.76 419.56 -393.21
14	'Examine' 466.44 414.34 -419.81
15	'talk' 484.16 414.11 -421.69
16	'water' 498.96 413.74 -454.01
17	'use-Water' 482.39 413.95 -422.14
18	'talk' 461.2 415.32 -386
19	'talk' 467.6 414.8 -389.05
20	'talk' 470.37 414.14 -419.93
21	'end-of-instance' 470.34 414.15 -419.67
22	'talk' 70.93 470.8 332.89
23	'instance-start' 70.02 470.68 345.29
24	'talk' 467.22 48.93 364.72
25	'talk' 468.52 48.93 373.5
26	'Consol' 472.09 49.36 370.33
27	'Portal' 460.39 55.3 325.89
28	'port-here' 526.14 2.82 668.42
29	'after--killing-talk' 523.18 2.89 669.8
30	'portal' 539.8 9.29 724.33
31	'talk' 469.91 49 396.92
32	'port-and-talk' 560.11 19.88 550.26
33	'talk' 560.18 19.94 531.03
34	'end-of-instance' -272.31 928.67 109.41
35	'talk' -262.77 940.23 117.48
36	'port' -140.35 629.01 123.89
37	'port' -135.85 631.68 -32.09
38	'port' -61.99 874.43 -71.59
39	'port' 76 757.67 37.33
40	'port&talk' -265.26 622.46 177.11
41	'talk' -262.42 940.23 116.83
42	'end-of-instance' -262.42 940.23 116.83
43	'port' -203.36 942.31 165.55
44	'kill' -356.26 610.82 50.06
45	'talk' -265.25 622.22 175.5
46	'starting-instance' 45.2 144.96 72.09
47	'kill' -31.28 138.32 71.84
48	'port' -276.2 93.92 -8.05
49	'port' -327.86 47.7 -20.19
50	'port' -384.72 52.01 -38.64
51	'port' -319.15 55.58 -87.22
52	'port' -353.71 53.19 -81.56
53	'port' -401.53 53.34 -59.79
54	'port' -397.51 52.92 -64.9
55	'port' -358.84 50.62 14.79
56	'port' -357.13 50.71 16.36
57	'kill' -327.62 48.61 17.38
58	'port' -285.57 93.92 -10.25
59	'talk' -177.91 86.29 16.11
60	'instance-done' -177.91 86.29 16.11
61	'instance-start' -51.98 805.43 17.2
62	'talk' -41.44 806.63 16.59
63	'Door' -54.46 804.07 -0.88
64	'Door' -62.63 806.69 -124.83
65	'' -78.37 806.86 -122.65
66	'' -101.6 807.79 -125.31
67	'Door' -143.06 809.08 -91.67
68	'port' -146.43 816.14 -23.72
69	'kill' -123.23 819.21 -18.55
70	'Door' -94.7 823.6 -7.64
71	'port' -107.45 873.45 -85.42
72	'kill' -76.65 874.16 -75.98
73	'talk-endof-chapter-and-story-instance' -31.17 884.81 -62.79
