1	'starting-instance' 70.28 470.67 343.54
2	'port' 473.31 49.21 371.1
3	'portal' 460.49 55.27 325.57
4	'port-here' 523.37 2.96 669.69
5	'talk' 526.25 3.01 692.81
6	'start' 537.25 2.73 684.72
7	'talk' 523.95 3.05 668.42
8	'Portal' 538.71 8.79 722.71
9	'talk' 462.87 52.03 336.78
10	'talk' 457.5 51.75 339.66
11	'portal-instance-over' 460.49 55.27 325.57
12	'Talk' -237.64 25.17 -661.27
13	'Talk' 242.66 29.1 -680.6
14	'Restart' 274.06 22.05 -563.61
15	'Restart' 291.44 17.14 -515.54
16	'Restart' 357.68 12.82 -553.19
17	'Restart' 365.28 11.95 -642.26
18	'Restart' 302.28 6.94 -715.39
19	'kill-until-get' 312.63 12.71 -536.75
20	'Talk' 242.12 29 -681.17
21	'Talk' 394.42 33.11 -377.25
22	'Talk' 672.19 21.71 -394.79
23	'skritt' 586.9 8.97 -472.86
24	'deliver' 674.72 22.4 -404.03
25	'skritt' 579.93 8.61 -473.61
26	'deliver' 670.58 22.39 -405.47
27	'skritt' 580.01 8.62 -473.35
28	'deliver' 670.98 22.4 -405.56
29	'Passed-out-Skritt' 723.2 9.6 -501.22
30	'Passed-out-Skritt' 686.55 8.54 -462.25
31	'Passed-out-Skritt' 674.47 21.35 -337.18
32	'Cache' 603.07 21.71 -353.38
33	'Cache' 624.87 12.25 -433.15
34	'Cache' 699.69 13.68 -314.27
35	'Talk' 672.96 21.81 -395.05
36	'talk' 704.43 21.2 -409.52
37	'take' 710.39 19.43 -405.63
38	'Talk' 394.01 33.11 -378.07
39	'interact' 392.09 33.11 -376.64
40	'port-talk' -730.49 6.79 -588.11
41	'portal' -742.88 9.11 -587.46
42	'interact' -567.22 178.51 -365.74
43	'port' 300.6 76.33 103.69
44	'Talk' -26.65 134.6 -209.6
45	'Machine-Part' 36.27 47.98 -41.06
46	'Machine-Part' 54.15 47.77 -82.28
47	'Machine-Part' 153.87 30.48 -79.99
48	'Machine-Part' 108.45 30.78 1.29
49	'Machine-Part' 116.17 48.99 -101.91
50	'Talk' -27.13 134.6 -210.1
51	'interact' -26.78 134.6 -207.65
52	'Talk' -1054.84 31.88 -39.3
53	'get' -1103.62 40.34 -14.58
54	'get' -959.12 64.76 -32.67
55	'get' -984.88 73.51 164.2
56	'get' -799.28 111.84 -34.16
57	'Talk' -1054.61 31.89 -38.4
58	'Enter' -804.9 171.37 -52.33
59	'interact' -776.19 174.27 -45.29
60	'Exit' -782.32 174.24 -41.63
61	'Talk' 703.95 20.97 -409.2
62	'INstance-Start' 103.8 6.88 -25.93
63	'Talk' 63.61 23.57 -108.46
64	'Port' 78.36 23.38 -120.2
65	'port' 227.83 13.42 -258.45
66	'port' 262.6 12.38 -266.89
67	'do-the-kill-stuff' 262.6 12.38 -266.89
68	'Talk' 290.44 13.5 -260
69	'Talk' 267.77 12.38 -272.67
70	'Chapter-Done' 267.77 12.38 -272.67
