1	'start-of-instance' 85.38 166.13 -11.08
2	'A-Meeting-of-Ministers' 82.77 167.84 34.03
3	'Talk' 82.65 171.2 74.84
4	'next-port' 91.38 171.26 -125.23
5	'Talk' 101.16 173.41 -168.68
6	'Talk' 53.78 172.96 -169.14
7	'Talk' 11.75 175.34 -91.57
8	'Talk' 154.46 176.66 -180.2
9	'Fix' 144.95 176.66 -182.67
10	'investigate' 63.09 173.76 -140.03
11	'investigate' -26.03 171.57 -147.68
12	'investigate' -51.8 175.04 -52.76
13	'Talk' 100.12 173.38 -168.6
14	'port' 85.67 188.54 -244.62
15	'kill' 82.26 188.59 -267.51
16	'port' 121.93 182.15 -219.68
17	'port' 39.24 183.46 -229.19
18	'port' 82.18 166.17 -25.19
19	'port-end-of-instance' 82.39 167.84 39.83
20	'Talk' 564.16 122.96 211.78
21	'Talk' -399.77 43.72 -440.71
22	'look-at-map' -399.49 43.76 -439.38
23	'talk' -422.82 41.66 -690.73
24	'port-here' -241.2 109.92 718.51
25	'port' 369.52 56.55 -364.4
26	'investigate' 313.73 59.55 -348.91
27	'port-here' -9.14 56.4 -35.56
28	'port' 14.59 39.05 -608.26
29	'talk' -399.07 43.03 -440.71
30	'talk' 267.86 83.92 34.16
31	'Use-Gate' 352.81 128.39 97.68
32	'PLans' 437.23 137.54 96.87
33	'Plans' 365 127.13 202.08
34	'Cache' 345.79 127.12 201.72
35	'Soldier' 344.84 127.12 194.92
36	'Plans' 406.03 127.16 196.12
37	'Plans' 424.39 124.52 301.11
38	'Plans' 379.09 124.46 302.3
39	'if-died-or-else-port-here-get-disquise-next-port' 267.99 83.97 34.5
40	'Use-Gate' 353.87 128.49 96.86
41	'Soldier' 308.15 128.13 126.29
42	'Plans' 318.21 128.13 141.84
43	'Soldier' 428.71 118.57 333.38
44	'Soldier' 431.04 124.55 338.01
45	'Soldier' 432.08 130.59 338.16
46	'Cache' 424.28 124.53 355.15
47	'Cache' 373.57 124.71 338.44
48	'Cache' 405.96 120.53 433.33
49	'Gate' 355.96 128.43 98.31
50	'talk' 267.96 83.97 34.48
51	'talk' -399.52 43.43 -440.98
52	'this-part-is-Manual-cause-to-many-things-to-do-now-have-fun-next-ports-are-after-you-did-Breaking-the-Siege-Seraph-Army-Combat-Readiness' -476.31 66.02 -428.1
53	'-------------' -476.31 66.02 -428.1
54	'----------------' -476.31 66.02 -428.1
55	'-----------' -476.31 66.02 -428.1
56	'talk' -399.15 43.13 -440.77
57	'instance-start' 83.91 167.82 3.09
58	'talk' 82.72 171.28 76.48
59	'talk' 88.24 167.84 37
60	'end-of-instance' 84.06 167.84 36.52
61	'instance-start' -197.25 43.6 -941.28
62	'port' -336.56 -0.83 316.3
63	'port' -212.44 24.9 307.61
64	'port' -108.87 29.61 328.77
65	'port' -78.83 33.14 330.11
66	'kill' -66.31 33.16 328.5
67	'port' 33.29 37.36 278.67
68	'port' 46.22 37.85 236.91
69	'port' 29.14 37.79 245.02
70	'kill' 11.21 37.73 239.86
71	'kill' -39.6 27.46 226.01
72	'kill' -48.34 27.32 187.63
73	'kill' -37.85 25.86 168.11
74	'kill' -16.27 25.53 140.02
75	'kill' 26.78 29.48 130.32
76	'port' 70.68 38.04 94.51
77	'interact' 72.92 38.05 92.86
78	'port' 161.57 38.04 117.58
79	'kill' 160.48 38.04 117.72
80	'use-Portal' 173.86 38.02 138.28
81	'to-the-Riddles-and-kill-him' -277.4 48.86 -320.16
82	'portal-after-boss-fight' -320.04 48.9 -276.76
83	'port' 146.81 49.36 147.28
84	'search' 131.15 49.36 143.24
85	'read' 146.5 50.74 139.65
86	'end-of-instance&Chapter' 146.29 49.36 143.08
