1	'Taimis-Pet-Project' 70.54 470.67 343.16
2	'talk' 468.04 48.93 358.29
3	'kill' 500 20.18 521.77
4	'kill-rest' 548.77 19.93 540.91
5	'talk' 523.26 23.4 551.67
6	'Talk' 527.02 23.4 550.72
7	'Talk' 527.09 19.97 528.9
8	'take' 506.23 52.97 552.51
9	'place' 522.14 20.84 518.95
10	'take' 488.4 30.08 629.27
11	'place' 542.05 20.55 586.35
12	'take' 457.76 38.76 526.33
13	'place' 563.24 20.46 537.12
14	'Open' 571.96 20.5 538.14
15	'Talk' 515.86 20.07 514.81
16	'after-boss' 504.82 27.66 480.32
17	'Talk' 543.73 19.88 548
18	'Talk' 532.6 19.98 531.12
19	'end-of-instance' 533.29 19.98 531.67
20	'Talk' -412.15 4.05 -787.25
21	'Board' -439.8 3.46 -792.93
22	'Talk' -438.51 2.74 -516.17
23	'Talk' -433.2 5.62 -536.41
24	'port' -118.21 210.03 -895.99
25	'Talk' -62 195.53 -890.6
26	'Talk' 212.82 218.79 -849.73
27	'Look' 211.35 218.72 -846.34
28	'port' 137.76 628.79 -360.11
29	'Talk' 162.4 640.5 -414.6
30	'Talk' -138.47 312.21 162.26
31	'kill-spiders-for-key' -135.84 310.26 53.89
32	'Talk' -140.96 312.32 159.5
33	'port' 302.84 627.42 93.2
34	'use' 140.1 631.97 106.57
35	'port' 167.78 11.32 -920.45
36	'Talk' 139.23 13.2 -985.76
37	'Talk' -443.59 3.77 -522.89
38	'port' -26.16 366.17 51.61
39	'interact' 30.38 366.2 14.55
40	'Talk' -520.9 549.8 -363.22
41	'instance-start' 169.35 630.18 -390.27
42	'port' 97.35 1762.08 -229.02
43	'Talk' 101.02 1766.2 -193.95
44	'take-scanner' 101.32 1766.13 -194.28
45	'do-the-stuff-normaly-now' 1.16 1766.79 -187.69
46	'give-scanner' 99.33 1766.65 -191.87
47	'endboss-platform-only-use-for-the-fight' 58.64 132.48 -209.58
48	'talk-endof-chapter' 147.26 162 -305.8
