1	'Take-Metal' -460.054 137.763 1306.72
2	'Take-Metal' -485.041 123.044 1342.12
3	'Take-Metal' -483.347 120.055 1354.58
4	'Take-Metal' -457.026 120.037 1349.78
5	'Take-Metal' -432.869 120.015 1361.34
6	'Take-Metal' -430.852 121.785 1350.76
7	'Take-Metal' -471.549 139.24 1300.45
8	'Disarm' -514.263 146.978 1286.7
9	'Take-Metal' -529.234 151.576 1289.53
10	'Take-Metal' -446.598 133.961 1335.21
11	'Take-Metal' -422.846 132.133 1341.89
12	'Put-Metal-In-Barrel' -430.978 132.665 1340.01
13	'Take-Pick' -423.275 138.904 1309.99
14	'Put-in-tool-Rack' -455.641 137.359 1309.09
15	'Take-Pick' -494.99 142.575 1295.38
16	'Put-in-Rack-Heart-completed' -456.013 137.402 1308.93
17	'TUnnel&Kill' -247.557 75.1263 1501.97
18	'Tunnel&Kill' -277.586 69.4561 1497.14
19	'Tunnel&Kill' -309.095 57.2286 1516.04
20	'Tunnel&Kill' -311.598 51.1343 1557.84
21	'Driller' -299.423 51.2293 1546.58
22	'Tunnel&Kill' -270.169 51.2189 1533.77
23	'Tunnel&Kill' -346.449 51.2071 1587.41
24	'Tunnel&Kill' -341.892 59.2544 1643.95
25	'Tunnel&Kill' -348.5 62.9822 1666.19
26	'Tunnel&Kill-Heart-completed' -366.928 65.5543 1634.99
27	'Take-Bunk' 161.748 155.535 1656.27
28	'Wake-up-Drunken' 168.781 156.725 1638.66
29	'Wake-the-drunken-up' 247.636 159.055 1631.48
30	'Wake-him-up' 194.39 154.79 1650.78
31	'Wake-him-up' 183.533 156.129 1677.17
32	'Repair-Fence' 185.335 159.666 1648.77
33	'Repair-Fence' 186.545 160.165 1645.25
34	'Repair-Fence' 187.663 160.177 1642.79
35	'Repair-Fence' 188.013 159.951 1639.44
36	'Repair-Fence' 187.508 159.772 1636.71
37	'Repair-Fence' 145.801 158.408 1616.15
38	'Repair-Fence' 142.897 157.509 1617.73
39	'Repair' 139.871 156.902 1619.76
40	'Repair' 138.043 156.357 1621.93
41	'Repair' 127.574 154.732 1624.56
42	'Repair' 125.945 155.273 1620.52
43	'Repair' 124.099 155.193 1619.2
44	'Wake' 121.134 153.459 1606.17
45	'Wake' 121.197 148.816 1575.01
46	'Wake' 142.615 154.381 1656.13
47	'Wake' 130.658 154.115 1659.22
48	'Wake' 115.755 154.114 1674.77
49	'Wake-him-up-again-Heart-completed' 194.986 154.406 1652.6
50	'Watchtowe' 486.4 198.803 907.67
51	'Turret' 469.815 201.547 852.053
52	'Turret&2-Dredges' 433.879 203.016 819.307
53	'Mortar' 419.43 199.177 814.991
54	'Turret' 477.915 181.602 749.501
55	'Turret' 511.987 199.016 916.673
56	'Watchtower' 387.545 199.734 856.188
57	'Mortar' 403.344 198.079 818.071
58	'Mortar' 394.675 200.109 817.963
59	'Kill-3-Dredges' 447.062 211.124 930.108
60	'2-Spider-Nests' 434.294 216.978 970.595
61	'Spider-Nest-Heart-completed' 437.138 217.777 990.881
62	'More-Spider-Nests-if-Heart-is-not-full' 426.516 221.55 997.732
63	'Transform' 561.116 205.498 395.662
64	'Kill' 588.883 225.631 422.326
65	'Kill' 576.72 225.013 432.787
66	'Grinder' 601.338 233.397 489.596
67	'Take-Documents' 607.633 218.951 539.64
68	'Take-2x-Documents' 628.163 219.504 531.693
69	'Destroy-Grinder&Kill-all-3-Dredges' 623.69 219.549 529.992
70	'Destroy-Tunneler' 607.564 221.472 530.438
71	'Documents' 596.889 203.867 584.316
72	'Documents' 558.115 193.036 604.483
73	'Documents' 529.324 181.635 568.783
74	'Documents' 521.414 174.866 619.284
75	'Get-both-Documents' 556.994 187.773 556.326
76	'Give-here-the-documents' 561.334 205.521 395.648
77	'Kill-Dredge-Heart-completed' 523.56 179.32 574.614
78	'OBserver' 454.897 168.702 314.479
79	'Parts' 414.813 144.225 340.864
80	'Parts' 339.245 144.559 309.41
81	'parts' 294.524 146.506 243.25
82	'opbserver' 271.99 147.776 245.836
83	'parts' 252.876 152.09 301.785
84	'Observer' 277.137 149.52 322.648
85	'Parts' 328.623 145.212 401.799
86	'parts' 257.404 144.427 412.513
87	'Parts' 191.974 144.231 473.577
88	'Parts' 151.804 144.102 416.371
89	'Parts' 121.726 147.649 447.095
90	'Put-Metal-In-Barrel' 450.564 165.767 330.389
91	'Observer' 396.059 146.68 237.522
92	'Observer' 362.751 148.656 156.932
93	'parts' 380.725 147.861 179.473
94	'Put-Metal-in-Barrel-Heart-completed' 450.671 165.838 329.213
95	'Mound&Kill' -346.291 68.2527 277.181
96	'Mound&Kill' -349.456 69.1772 224.688
97	'Mound&Kill' -386.51 71.9296 236.985
98	'Food' -387.12 71.5634 222.903
99	'Give-Dolyak' -389.37 71.3347 211.927
100	'Take-Food' -382.782 71.5818 224.052
101	'Give-Dolyak' -369.561 69.8981 187.059
102	'Take-Food' -380.242 71.3799 219.437
103	'GIve-Dolyak' -399.616 68.6695 184.402
104	'Mound&Kill' -319.367 68.1052 186.13
105	'Mound&Kill-Heart-completed' -315.267 67.2432 133.041
106	'Rocks&Kill' 376.784 106.597 -731.265
107	'Rocks&Kill' 361.033 101.587 -768.854
108	'ROcks&Kill' 302.18 99.306 -804.497
109	'ROcks&Kill' 321.255 99.006 -831.022
110	'Rocks&Kill' 300.839 100.993 -763.119
111	'Rocks/Kill' 264.146 95.5467 -748.075
112	'Rocks&Kill' 268.306 96.8241 -844.237
113	'Destroyer-Burrow' 297.378 98.4434 -811.623
114	'Destroyer-Burrow' 300.458 101.889 -773.987
115	'Kill-Veteran-Heart-Completed' 258.824 95.3576 -745.86
116	'Loot' -291.013 32.7655 -790.85
117	'Loot' -246.884 16.6654 -844.194
118	'Loot' -183.741 4.254 -853.841
119	'Loot' -265.348 8.90545 -920.568
120	'Loot' -244.869 12.9643 -884.423
121	'Loot' -270.879 20.5272 -865.821
122	'Loot' -273.437 42.8748 -804.278
123	'Loot' -208.942 33.9479 -797.823
124	'Loot' -298.427 31.988 -840.926
125	'Chest' -304.565 32.4089 -829.689
126	'Chest' -303.151 20.3222 -859.27
127	'Chest' -229.962 26.8881 -811.846
128	'Kill-Spawned-Jetsam-pirate' -236.819 27.3234 -809.083
129	'Chest-Heart-completed' -304.517 31.988 -830.342
130	'Flag' -456.754 11.3612 -1262.57
131	'Take-Rum' -460.589 11.505 -1256.42
132	'Take-RUm' -416.704 4.35511 -1253.16
133	'Take-Cannonball' -404.735 4.36781 -1255.8
134	'Throw-Ball-on-pirate' -396.286 6.09447 -1208.86
135	'Rum' -395.153 5.99029 -1211.33
136	'Kill' -404.513 6.75015 -1203.9
137	'Kill' -435.901 11.5443 -1208.86
138	'Rum' -444.735 11.4823 -1214.97
139	'Flag' -466.867 12.6387 -1198.95
140	'Rum' -441.537 4.2647 -1176.67
141	'Rum' -528.539 17.2064 -1203.42
142	'RUm' -547.674 17.2052 -1223.76
143	'Flag' -523.935 25.4548 -1179.21
144	'Rum' -541.21 21.1343 -1190.04
145	'Destroy-Turret' -510.785 29.8984 -1150.33
146	'GIve-him-the-Rum-Heart-completed' -388.464 -3.06851 -1198.21
147	'Tracker' -8.77224 99.3789 -1597.93
148	'Pile' -35.133 111.708 -1646.85
149	'Observer' -49.4663 117.727 -1650.61
150	'Pile&Observer' -92.3589 130.152 -1651.97
151	'Tracker' -123.575 136.762 -1683.51
152	'Pile' -133.301 134.922 -1690.55
153	'Pile' -175.919 124.216 -1740.25
154	'Tracker' -213.411 115.625 -1748.31
155	'OBserver' -252.128 114.222 -1756.96
156	'Observer' -155.328 125.962 -1697.2
157	'Mound&Kill' 500.233 130.532 -1277.76
158	'Mound&Kill' 459.207 121.861 -1233.4
159	'Mound&Kill' 496.806 130.811 -1226.05
160	'Mound&Kill' 528.36 140.849 -1162.92
161	'Mound6Kill' 484.651 130.356 -1154.23
162	'Mound&Kill' 533.566 140.648 -1115.58
163	'Mound&Kill' 511.088 141.307 -1089.38
164	'Mound&Kill' 451.165 138.796 -1092.57
165	'Mound&Kill-Heart-completed' 538.218 149.733 -1072.1
166	'Painting' -139.898 104.493 994.123
167	'Painting' -151.025 106.327 979.35
168	'Rockslide&Painting' -162.279 111.064 954.229
169	'Painting' -162.987 112.443 938.715
170	'Kill-spawned-.Grawle' -166.4 112.403 939.916
171	'Painting' -162.462 113.598 930.594
172	'Painting' -152.317 117.779 910.254
173	'painting' -142.712 120.459 895.124
174	'painting' -138.905 121.105 884.192
175	'Painting' -75.4098 100.162 863.345
176	'painting' -84.2713 93.5451 863.452
177	'Kill-spawned-Grawle' -88.4425 92.8493 868.036
178	'Painting' -85.7672 98.6271 874.696
179	'Tracker-again&Kill' -8.50625 99.1477 -1596.79
180	'Ettin-Tracker-again/Kill' -124.337 136.65 -1683.59
181	'Tracker-again&Kill-Heart-completed' -214.78 114.741 -1747.68
182	'Take-Weapon' -91.1338 127.852 -219.346
183	'portal&Kill' -91.5575 126.152 -262.079
184	'Portal&Kill' -121.732 111.468 -293.714
185	'Portal&Kill' -158.783 106.272 -279.32
186	'Portal&Kill' -171.94 115.071 -209.468
187	'Portal&Kill' -150.41 115.56 -175.265
188	'Portal&Kill' -78.1364 131.418 -226.332
189	'portal&Kill' -76.1394 149.339 -178.717
190	'Portal/Kill' -88.8315 149.645 -103.648
191	'Portal/Kill-Heart-completed' -48.5014 154.209 -116.176
192	'Vent&Kill' 194.349 109.961 -587.189
193	'Pile' 199.175 111.398 -571.246
194	'Vent&Kill' 203.596 112.022 -552.552
195	'Pile' 200.78 111.641 -522.091
196	'Rubble' 179.626 113.86 -549.917
197	'Relic' 117.48 95.2622 -583.98
198	'Pile' 78.4937 82.2253 -585.706
199	'Relic' 88.2663 61.877 -555.531
200	'Rubble' 80.6928 62.1571 -518.213
201	'Relic' 58.3846 64.5959 -518.669
202	'Rubble' 54.1912 67.1375 -536.221
203	'Give-him-Relics-Heart-completed' 157.804 125.05 -635.71
