1	'PoI1' -473.614 132.983 1325.37
2	'Poi2' -374.839 143.702 1165.5
3	'PoI3' -222.234 67.8976 1173.61
4	'PoI4' -63.0097 145.16 1727.3
5	'PoI5' 524.528 189.36 1722.35
6	'PoI6' 146.669 154.114 1686.85
7	'PoI7' -37.1326 131.935 1478.37
8	'PoI8' 513.749 245.709 1288.72
9	'PoI9' -11.7176 109.589 1010.77
10	'PoI10' -164.424 111.796 947.029
11	'PoI11' -186.774 68.2552 786.486
12	'PoI12' 441.448 215.556 962.538
13	'PoI13' 537.166 163.259 869.351
14	'PoI14' 563.71 194.143 594.822
15	'PoI15' -280.569 118.619 566.669
16	'PoI16' -390.844 115.194 568.289
17	'PoI17' -625.338 106.64 655.961
18	'PoI18' -385.005 69.5339 196.403
19	'PoI19' -1.72231 130.834 258.033
20	'PoI20' 118.743 167.983 153.608
21	'PoI21' 475.63 164.188 143.446
22	'PoI22' 234.893 102.652 48.2416
23	'PoI23' 588.121 152.241 -74.2187
24	'PoI24' -574.125 108.547 0.0816996
25	'PoI25' -569.076 71.904 -277.325
26	'PoI26' -221.608 101.11 -223.124
27	'PoI27' -422.341 50.6841 -549.951
28	'PoI28' -90.181 87.6403 -585.344
29	'PoI29' 75.2165 62.125 -539.429
30	'PoI30' 421.716 165.975 -402.779
31	'PoI31' 342.763 153.219 -566.544
32	'PoI32' 519.965 143.562 -724.627
33	'PoI33' -261.364 26.9383 -838.85
34	'PoI34' -153.71 -29.6634 -808.8
35	'PoI35' -90.1894 69.0587 -1188.9
36	'PoI36' -302.607 -38.3761 -1156.81
37	'PoI37' -503.179 16.1572 -1208.13
38	'PoI38' -272.531 59.918 -1475.11
39	'PoI39' -124.322 73.9594 -1535.72
40	'PoI40' 124.358 108.805 -1648.85
41	'PoI41' -202.06 115.849 -1736.24
42	'PoI42' 587.311 173.693 -1183.82
43	'PoI43' -613.901 198.174 814.182
