1	'Interance' 576.15 145.51 22.94
2	'wait_and_kill' -121.36 518.89 -239.94
3	'after_kill_ship_down' -164.83 272.38 -55.02
4	'port' -149.09 250.72 -64.25
5	'port' -165.93 199.63 -158.04
6	'port' -125.58 170.79 -64.97
7	'port' -125.38 112.84 -9.73
8	'p1_end_port' -56.36 119.46 -18.9
9	'' 41.66 145.52 15.2
10	'' 31.82 154.75 99.78
11	'' -59.8 194.99 147.14
12	'' -46.17 182.74 210.22
13	'' -43.22 157.43 258.55
14	'' -29.4 154.23 343.19
15	'talk_to_Gorrik' -27.88 154.23 351.83
16	'tele_here' -28.73 154.23 360.06
17	'extractor' -7.86 154.23 362.68
