1	'Talk_with_Kas' 140.28 92.32 423.44
2	'talk_with_Navan' 139.77 92.32 420.5
3	'take_a_number' 148.04 150.32 247.24
4	'take_a_seat_young_Skywalker!' 141.06 150.35 241.76
5	'port_here' 142.44 150.31 228.11
6	'now_use_the_ports_to_fill_the_event_meter_yaaaaaaaaaay' 143.73 150.27 273.67
7	'kill' 66.84 77.83 525.69
8	'kill' 86.27 90.09 637.36
9	'kill' 53.46 70.61 575.8
10	'kill' 50.81 73.82 551.58
11	'kill' 31.08 76.24 536.62
12	'kill' 21.27 78.19 498.59
13	'kill' -278.23 55.42 575.9
14	'kill' -349.7 47.86 637.47
15	'kill' -393.65 50.59 655.47
16	'kill' -429.14 51.44 691.13
17	'kill' -451.87 50.41 685.32
18	'kill' -508.13 48.88 682.35
19	'kill' -514.99 47.88 651.98
20	'kill' -434.49 58.17 616.14
21	'kill' -408.79 133.57 568.3
22	'kill' -317.74 76.95 661.61
23	'kill' -351.5 88.91 686.64
24	'kill' -384.67 82.82 773.36
25	'kill' -375.37 82.81 768.02
26	'kill' -439.78 88.69 787.14
27	'kill' -526.94 83.43 747
28	'kill' -555.36 87.25 768.48
29	'kill' -518.01 48.83 684.86
30	'kill' -537.59 86.97 466.69
31	'kill' -557.96 87.13 484.29
32	'kill' -573.52 86.57 479.87
33	'kill' -599.46 81.59 494.76
34	'kill' -575.47 124.58 428.03
35	'kill' -598.82 131.25 434.47
36	'kill' -587.75 120.3 398.09
37	'kill_last' -628.69 120.18 404.98
38	'talk_kas' 140.97 92.32 423.29
39	'get_youre_skif' -703.68 1.39 679.89
40	'port_here_and_summon_youre_skif' -652.65 -1.29 740.17
41	'wait_until_dialogue_is_finished' -649.32 -1.29 745.06
42	'now_ether_use_port_or_use_boat' -648.99 -1.29 745.55
43	'port_or_ride_youre_boat_here' -465.94 -1.29 922.59
44	'port_or_ride_there_story_instance_start' 607.16 -1.29 999.86
45	'after_loadingscreen_port_here' -1254.91 -1.3 -158.34
46	'get_youre_boat_toggled_here' -1242.73 1.5 -90.37
47	'port_and_talk' -1217.1 2.21 -90.61
48	'follow_them' -1215.35 2.19 -81.78
49	'first_stop' -1136.97 3.34 -43.53
50	'second_stop_Noodle_Shop' -949.62 3.46 -298.41
51	'investigate' -983.23 3.47 -321.74
52	'speak' -980.7 3.48 -319.18
53	'kill' -983.77 3.49 -318.39
54	'Chapter_Done' -985.99 3.5 -315.69
