1	'story_Instance_Start' -701.46 25.92 834.83
2	'port' -60.43 301.5 199.94
3	'talk' -62.77 301.42 188.22
4	'port' -85.25 279.11 126.12
5	'use_the_tour_guide' -65.2 282.06 116.75
6	'after_the_tour_use_elevator' -65.29 279.24 94.74
7	'port' 74.47 85.91 -83.77
8	'help_your_self' 70.19 85.86 -80.96
9	'first_console' 35.15 85.96 -18.86
10	'second_console_help_yourself' -79.84 85.97 -100.15
11	'console3' -142.05 85.85 -16.61
12	'console4' -52.67 85.85 8.75
13	'port' 48.49 85.86 -68.08
14	'use' 67.14 67.48 74.4
15	'use' 151.19 67.54 109.37
16	'get_battery' 150.09 86.61 -2.88
17	'use' 161.08 85.08 37.67
18	'port_here_and_talk' 181.41 86.78 -59.32
19	'listen_to_Joon' 174.46 86.7 -60.59
20	'port' 153.8 66.22 -140.34
21	'talk_with_Soo-Won' 140.42 66.2 -152.67
22	'port' -60.58 66.81 -187.29
23	'follow_mai' -57.23 66.79 -190.54
24	'after_the_first_running_part-_use_elevator' -26.88 45.55 -130.96
25	'port' -89.6 168.74 -165.62
26	'kill' -95.62 168.73 -189.36
27	'de3feat_the_risen_engineers' -82.91 186.29 -266.59
28	'' -109.7 186.18 -269.79
29	'' -145.26 191.53 -231.56
30	'' -133.66 197.22 -195.87
31	'' -103.02 197.18 -197.73
32	'' -125.83 197.22 -199.64
33	'' -66.44 197.19 -222.35
34	'' -62.44 192.35 -250.33
35	'' -115.88 186.19 -261.85
36	'' -130.66 168.98 -171.39
37	'' -149.66 169.02 -161.81
38	'' -149.8 159.93 -133.85
39	'' -126.78 152.92 -120.51
40	'' -106.1 135.41 -149.39
41	'' -86.93 135.49 -149.67
42	'' -126.49 134.24 -163.51
43	'' -130.29 133.29 -135.51
44	'' -102.71 163.97 -218.76
45	'' -136.92 163.97 -234.44
46	'' -97.36 163.92 -270.85
47	'' -77.21 163.97 -249.27
48	'' -112.89 209.08 -258.71
49	'' -146.63 197.52 -171.78
50	'' -140.46 197.54 -141.22
51	'' -115.94 197.54 -156.25
52	'use' -117.14 209.08 -254.07
53	'port' -59.03 197.19 -227.52
54	'use' -110.15 209.09 -268.19
55	'' -122.71 209.25 -280.23
56	'jumpon' -125.22 213.4 -300.4
57	'escape' -42.95 279.06 117.83
58	'escape_pod' -9.93 292.8 161.62
59	'instance_done' -1393.36 0.62 618.51
60	'chapterdone' -1393.36 0.62 618.51
