1	'cache' -456.738 1.0182 250.653
2	'cache' -306.312 163.393 392.26
3	'cache' -403.131 46.9749 444.901
4	'cache' -190.089 45.9137 569.525
5	'cache' -222.325 53.2591 769.23
6	'cache' -74.3075 167.923 864.374
7	'cache' -42.267 92.8624 905.51
8	'cache' -14.6706 53.2085 861.919
9	'cache' -532.556 7.44307 761.907
10	'cache' -584.434 2.04922 963.807
11	'cache' -1112.9 29.8799 492.731
12	'cache' -1368.89 61.3409 601.995
13	'cache' -1288.64 18.7824 1404.65
14	'cache' 278.466 -0.610754 515.952
15	'cache' 304.37 13.2446 290.757
16	'cache' -980.657 0.454283 91.2779
17	'cache' -893.817 2.30764 -168.981
18	'cache' -772.08 23.7366 -379.496
19	'cache' 570.798 -0.179402 260.739
20	'cache' 742.015 9.47867 579.097
21	'cache' 604.605 6.74245 609.29
22	'cache' 568.342 14.3666 804.72
23	'cache' 975.704 6.31524 1027.11
24	'cache' 992.984 69.2263 867.066
25	'cache' 843.105 52.422 1261.03
26	'cache' 588.972 39.3933 1342.43
27	'cache' 475.849 20.2691 1541.27
28	'cache' 485.388 20.6319 1540.82
29	'cache' 676.332 133.163 1557.11
30	'cache' -208.835 20.3527 1229.04
31	'cache' -192.059 -4.17922 1475.74
32	'cache' -117.797 4.88452 1096.91
33	'cache' -369.635 31.365 1309.91
34	'cache' -295.732 34.4334 1439.98
35	'cache' 222.176 54.0943 685.601
36	'cache' -189.159 19.166 208.574
37	'cache' -584.061 0.217929 -234.938
