1	'DwarvenChest' 328.803 10.9274 -1025.78
2	'DwarvenChest' 457.286 1.36545 -1027.84
3	'DwarvenChest' 96.002 9.66006 -824.007
4	'DwarvenChest' 524.849 218.175 -496.638
5	'DwarvenChest' 712.797 181.08 -267.749
6	'DwarvenChest' 420.075 440.867 -135.891
7	'DwarvenChest' 616.403 416.239 174.716
8	'DwarvenChest' 838.913 477.111 59.3489
9	'DwarvenChest' 888.421 512.547 16.6847
10	'DwarvenChest' 944.262 424.892 1227
11	'DwarvenChest' 29.1167 389.524 539.555
12	'DwarvenChest' 88.3516 442.64 226.245
13	'DwarvenChest' -425.969 523.01 -105.283
14	'DwarvenChest' -1123.64 -8.59108 -1128
15	'DwarvenChest' -134.477 323.454 1136.95
16	'DwarvenChest' -322.242 325.832 1282.65
17	'DwarvenChest' -175.74 366.524 1311.57
18	'DwarvenChest' 400.537 339.81 1226.8
19	'DwarvenChest' 1031.61 457.3 629.67
20	'DwarvenChest' 1126.46 302.934 683.226
21	'DwarvenChest' 1108.12 302.145 662.962
22	'DwarvenChest' -257.169 698.776 275.169
23	'DwarvenChest' -654.02 192.43 -30.9945
24	'DwarvenChest' -907.691 184.749 1173.49
25	'DwarvenChest' 573.475 24.8122 -401.406
