1	'Crystal_Node' 360.609 463.619 731.397
2	'Crystal_Node' 228.474 441.019 689.721
3	'Crystal_Node' 251.201 440.157 623.767
4	'Crystal_Node' 193.849 434.119 531.439
5	'Crystal_Node' 182.246 404.289 640.442
6	'Crystal_Node' 351.762 412.831 594.073
7	'Crystal_Node' 425.399 422.929 544.422
8	'Crystal_Node' 615.582 378.614 407.369
9	'Crystal_Node' 361.792 390.684 483.087
10	'Crystal_Node' 305.915 388.401 429.136
11	'Crystal_Node' 245.547 395.272 302.949
12	'Crystal_Node' 463.641 466.991 353.229
13	'Crystal_Node' 553.927 414.066 32.1358
14	'Crystal_Node' 490.734 418.415 125.742
15	'Crystal_Node' 400.04 383.243 3.82299
16	'Crystal_Node' 444.153 394.143 41.2876
17	'Crystal_Node' 155.306 399.696 -71.2326
18	'Crystal_Node' 134.433 361.54 -138.92
19	'Crystal_Node' 204.515 360.699 -134.514
20	'Crystal_Node' 273.053 360.686 -217.288
21	'Crystal_Node' 312.595 360.685 -247.146
22	'Crystal_Node' 272.817 390.917 -298.953
23	'Crystal_Node' 234.473 387.883 -225.763
24	'Crystal_Node' 205.152 386.766 -274.775
25	'Crystal_Node' 154.425 393.03 -292.88
26	'Crystal_Node' 26.0079 303.399 -252.258
27	'Crystal_Node' 43.8113 300.625 -175.592
28	'Crystal_Node' 0.51507 300.618 -199.82
29	'Crystal_Node' -58.8402 301.718 -207.614
30	'Crystal_Node' -163.048 263.767 -267.647
31	'Crystal_Node' -170.63 266.338 -340.179
32	'Crystal_Node' -142.949 265.091 -352.826
33	'Crystal_Node' -89.3964 263.618 -344.964
34	'Crystal_Node' -65.2349 263.768 -323.036
35	'Crystal_Node' -27.3233 213.763 -457.268
36	'Crystal_Node' 226.358 228.865 -404.956
37	'Crystal_Node' 288.202 221.244 -443.511
38	'Crystal_Node' 376.852 222.374 -413.072
39	'Crystal_Node' 718.523 234.191 -213.342
40	'Crystal_Node' 763.133 235.885 -229.817
41	'Crystal_Node' 745.921 225.548 -265.282
42	'Crystal_Node' 563.474 19.2428 -488.163
43	'Crystal_Node' 437.1 16.4033 -491.453
44	'Crystal_Node' 385.504 16.3821 -582.776
45	'Crystal_Node' 344.469 12.5564 -599.957
46	'Crystal_Node' -70.4509 2.10702 -786.947
47	'Crystal_Node' -313.995 1.91884 -879.191
48	'Crystal_Node' -533.637 4.50992 -933.139
49	'Crystal_Node' -512.419 5.20961 -1130.71
50	'Crystal_Node' -501.349 2.84754 -1283.14
51	'Crystal_Node' -782.297 1.72978 -1226.72
52	'Crystal_Node' -831.391 1.69439 -1141.55
53	'Crystal_Node' -970.863 2.03155 -1147.33
54	'Crystal_Node' -806.827 27.5859 -1007.75
55	'Crystal_Node' -831.754 2.13652 -826.417
56	'Crystal_Node' -801.575 1.80874 -794.36
57	'Crystal_Node' -729.238 5.51523 -855.694
58	'Crystal_Node' -506.269 11.7797 -709.412
59	'Crystal_Node' -289.604 69.8162 -647.733
60	'Crystal_Node' -348.885 124.908 -529.007
61	'Crystal_Node' -558.052 1.76504 -1152.95
62	'Crystal_Node' -612.563 4.9783 -1224.63
