1	'PoI1' 684.908 440.832 892.162
2	'PoI2' 750.218 238.656 -227.526
3	'PoI3' -305.116 199.658 1296.3
4	'PoI4' 465.888 12.9739 -1050.99
5	'PoI5' 603.891 378.253 387.695
6	'PoI6' 274.86 438.571 590.195
7	'PoI7' 176.762 328.779 1137.68
8	'PoI8' 210.093 386.781 -271.153
9	'PoI9' -672.7 172.093 1278.29
10	'PoI10' -24.3552 262.026 1305.96
11	'PoI11' 315.908 295.475 1322.85
12	'PoI12' 277.885 393.725 189.676
13	'PoI13' 446.1 226.521 -344.821
14	'PoI14' -532.117 19.8005 -534.586
15	'PoI15' 844.412 433.886 1070.67
16	'PoI16' 274.756 307.917 30.9221
17	'PoI17' -1025.93 0.200473 -1002.51
18	'PoI18' 1164.4 227.38 531.74
19	'PoI19' 1114.26 302.853 634.652
20	'PoI20' -333.875 3.74188 -1100.8
21	'PoI21' -149.56 416.916 141.245
22	'PoI22' -121.165 263.774 -296.069
23	'PoI23' 535.268 451.535 194.548
24	'PoI24' -1092.18 68.3823 -1227.38
25	'PoI25' 1056.87 372.84 524.245
26	'PoI26' -647.409 383.52 181.126
27	'PoI27' -583.622 8.9437 -258.108
