1	'Supplies' 323.907 56.4428 707.297
2	'Mortar-Shell' 298.023 57.9161 737.991
3	'Shell' 324.69 56.9563 693.036
4	'Rotmouth' -155.561 -0.609254 741.764
5	'Whip' -104.16 -0.573239 706.074
6	'Whip' -96.9167 2.06913 729.289
7	'Pile' -619.86 102.439 804.664
8	'Pile' -630.018 107.627 779.452
9	'Pile' -672.842 110.432 785.101
10	'Supplies' 328.355 68.2091 640.597
11	'Pile' -670.563 115.19 752.148
12	'Tech' -720.926 112.087 752.225
13	'Pile' -724.12 112.747 754.131
14	'Tech' -724.346 110.267 735.133
15	'Tech' -736.424 111.122 734.746
16	'Supplies' 337.375 68.2874 658.899
17	'Rotmouth' -109.415 3.1783 687.664
18	'Hand' -46.5752 -0.606134 660.099
19	'Whip' -161.914 3.39732 633.583
20	'Supplies' 314.551 69.6652 625.543
21	'Pile' -801.136 121.761 741.68
22	'Tech' -732.058 107.693 705.3
23	'Pile' -723.869 108.083 715.271
24	'Supplies' 244.41 53.4813 589.742
25	'Kill-all-Inquest-.around-here' 310.198 69.4324 626.058
26	'Kill-him-as-welkl' 316.838 67.5572 596.615
27	'WHip' -211.671 15.609 671.908
28	'Hand' -195.489 2.35775 754.318
29	'Whip' -224.015 0.377901 795.594
30	'Whip' -195.615 0.157872 818.056
31	'Take-a-scanner' -1215.3 17.2252 359.383
32	'Search' -1236.82 34.7951 277.2
33	'Mark-this-site' -1317.75 73.6469 247.768
34	'Tech' -719.227 108.976 720.516
35	'Pile' -695.553 115.081 723.037
36	'Pile' -715.344 151.102 840.419
37	'Pile' -727.813 157.455 858.291
38	'Mark-this-site' -1283.81 42.3834 200.09
39	'Mark-this-side' -1248.25 35.2749 207.793
40	'Dig' -1221.2 26.1004 219.624
41	'Dig' -1283.18 42.4042 199.78
42	'Dig' -1249.46 35.1332 207.568
43	'Dig' -1230.69 18.1666 178.959
44	'Dig' -1175.38 19.1477 263.713
45	'Mark-this-side' -1236.14 34.9393 277.547
46	'Mark-this-side' -1302.38 49.1659 326.739
47	'Mark-this-side' -1222.03 26.0559 219.389
48	'Mark-this-side' -1261.94 42.2967 242.926
49	'Place-Marker' -1230.46 18.1961 179.097
50	'Dig' -1238.8 34.806 275.166
51	'Dig' -1303.48 49.0523 326.938
52	'Dig' -1317.89 73.4234 249.191
53	'Dig' -1261.25 42.3346 244.516
54	'Dig' -1221.72 26.0106 219.74
55	'GIve-him-Relicts-Heart-completed' -1237.33 18.2179 374.322
56	'console-something-about-matrix-number-sentence-' -735.651 113.158 744.076
57	'Pile' -739.588 112.275 743.507
58	'Tech' -761.026 120.627 743.358
59	'Respawned-Supplies' 313.035 69.5929 625.186
60	'Respawned-Supplies' 332.31 66.9314 640.675
61	'Respawned-Supplies' 336.358 68.3412 658.277
62	'Respawned-Supplies' 323.44 56.5051 707.062
63	'Respawned-Shell' 323.903 57.0637 692.784
64	'Respawned-Shell' 297.888 57.9117 738.031
65	'Kill' -169.624 2.05472 841.085
66	'Whip' -191.522 0.781319 820.857
67	'Whip' -220.484 0.386147 798.259
68	'Kill-Risen' -189.813 -0.600264 784.592
69	'Kill-hand' -194.196 2.01311 756.553
70	'Getdisquise' 199.571 -0.17348 19.4761
71	'Free-Slave' 556.76 -178.467 -80.9715
72	'Kill-Krait' 557.069 -175.939 -74.4223
73	'Kill-Krait' 531.248 -172.781 -97.5924
74	'Free-Slave' 590.453 -182.415 -136.593
75	'Kill-Krait' 583.872 -185.306 -131.233
76	'Kill-Krait' 620.221 -189.174 -138.254
77	'Kill-Krait' 707.115 -166.798 -172.955
78	'Kill-Krait' 729.364 -188.954 -183.472
79	'Kill-Turret' 674.69 -83.8881 -155.394
80	'Kill' 634.382 -103.883 -119.845
81	'Open-cages-and-free-slaves' 634.631 -104.937 -112.652
82	'Kill-Turret-and-kraits' 513.447 -74.4085 -63.8127
83	'Destroy-Blood-Idol' 515.679 -74.3155 -97.6524
84	'Destroy-Blood-Idol-Heart-completed' 604.529 -52.8473 -89.7451
85	'Take-Cleaning-Gear' 1030.05 8.92238 20.1562
86	'Clean' 1099.86 2.48852 -18.6543
87	'Clean' 1116.11 0.479853 -57.3559
88	'CLean' 1189.77 0.742556 -41.3345
89	'Clean' 1237.81 1.25613 -24.9714
90	'Clean' 1066.9 3.32374 33.6485
91	'Clean' 1065.96 3.69062 10.4061
92	'Extra-Clean-Heart-completed' 1235.54 0.285106 15.6387
93	'Whip' -146.325 1.41793 701.937
94	'Hand' -117.942 1.21571 730.375
95	'Whip' -92.9716 2.1055 727.871
96	'Whip' -71.3326 1.55622 702.243
97	'Whip' -99.3541 -0.377168 706.37
98	'Waste/Kill' 1184.67 -64.6086 -534.595
99	'Recording-Device&Kill' 1167.44 -82.2613 -524.723
100	'WEaste&Kill' 1169.39 -24.7655 -423.046
101	'Rocks' -497.501 114.469 -675.51
102	'Rocks&Kill' -495.727 116.435 -699.558
103	'ROcks&Kill' -441.706 115.837 -703.902
104	'Rocks&Kill' -481.82 112.874 -737.645
105	'Device&Kill' 1181.53 -58.7103 -427.196
106	'Pollution' 1225.98 -115.591 -415.757
107	'Device&Kill' 1165.04 -73.3145 -357.264
108	'Pollution' 1166.2 -88.5503 -404.206
109	'Kill' 566.732 9.49637 -704.608
110	'Kill' 606.04 15.4845 -683.045
111	'COre' 577.563 8.8785 -711.755
112	'Kill' 578.594 8.60773 -708.087
113	'Kill' 569.671 9.47762 -668.35
114	'Device&Kill' 1169.55 -80.9651 -523.771
115	'Pollution' 1201.78 -83.8435 -509.551
116	'Pollution' 1131.1 -79.1096 -531.239
117	'Device&Kill' 1142.93 -55.7685 -597.513
118	'COre' 584.971 8.62052 -647.574
119	'Kill' 592.807 9.51511 -640.798
120	'Kill' 612.028 9.08644 -633.421
121	'COre' 645.214 8.60425 -655.558
122	'Waste&Kill' 1079.72 -37.7068 -562.277
123	'Device-&Kill' 1068.77 -38.7817 -496.827
124	'Pollution' 1019.2 -67.4684 -492.363
125	'Pollution' 983.041 -106.16 -401.405
126	'Pollution' 1083.46 -69.3086 -337.627
127	'Take-Grenades' -988.517 46.0486 -454.928
128	'Soil' -1100.29 0.675852 -492.137
129	'Monitor' -1087.25 0.499631 -549.836
130	'Test-grenades' -1108.05 -0.217415 -575.46
131	'The-longer-the-mobs-stay-in-grenade-fields-the-more-exp-you-get-for-heart' -1107.03 -0.250347 -576.615
132	'Kill-the-mobs-after-fields-are-gone' -1114.68 0.201902 -568.124
133	'Soil' -1126.35 0.859386 -585.081
134	'Take-Grenades' -1143.68 19.2586 -516.023
135	'Let-him-burn-HEart-completed' -1108.59 0.292285 -608.956
136	'Fissure&2mobs' -541.922 110.008 -746.771
137	'Fissure&2-mobs' -596.741 113.923 -719.674
138	'Rocks&Kill' -633.142 111.675 -631.395
139	'Rocks&Kill' -690.238 113.044 -687.272
140	'Device&Kill' 1166.18 -74.2069 -354.512
141	'Prison-Core' 647.034 7.99194 -655.631
142	'kill' 661.753 9.08688 -683.065
143	'Terminal-capatrixon-' 663.591 9.08551 -683.102
144	'2' 640.453 8.93504 -716.941
145	'Kill' 611.914 9.09353 -735.221
146	'Console-Capatrxion' 612 9.09353 -736.004
147	'Take-a-brew-and-drink-it-then-go-to-next-brew-drink-all-of-them-then-port-next' -706.936 154.566 804.537
148	'kill-elemental' -858.225 30.0014 145.182
149	'kill-elemental' -811.262 31.6173 85.9178
150	'corpse&Kill' -841.78 30.162 6.53919
151	'plant' -918.475 33.9982 -147.145
152	'Corspe&Kill' -888.273 26.0057 -20.497
153	'Kill-Risen' -879.497 26.9773 -47.1582
154	'Kill-Heart-completed-ifnot-kill-more' 654.545 9.52449 -665.677
155	'Plant' -890.065 24.9396 -70.42
156	'Kill-Risen' -902.352 24.1768 -66.118
157	'Corpse&Kill' -910.234 24.3578 -75.892
158	'Corpse&Kill' -922.839 29.7627 -128.515
159	'Supplies' 328.355 68.2091 640.597
160	'Supplies' 337.375 68.2874 658.899
161	'Supplies' 314.551 69.6652 625.543
162	'Rotmouth' -155.561 -0.609254 741.764
163	'Whip' -104.16 -0.573239 706.074
164	'Whip' -96.9167 2.06913 729.289
165	'Rotmouth' -109.415 3.1783 687.664
166	'Hand' -46.5752 -0.606134 660.099
167	'Whip' -161.914 3.39732 633.583
168	'WHip' -211.671 15.609 671.908
169	'Hand' -195.489 2.35775 754.318
170	'Whip' -224.015 0.377901 795.594
171	'Whip' -195.615 0.157872 818.056
172	'Pile' -739.588 112.275 743.507
173	'Tech' -761.026 120.627 743.358
174	'Kill-Risen' -189.813 -0.600264 784.592
175	'Kill-hand' -194.196 2.01311 756.553
176	'Whip' -146.325 1.41793 701.937
177	'Hand' -117.942 1.21571 730.375
178	'Whip' -92.9716 2.1055 727.871
179	'Whip' -71.3326 1.55622 702.243
180	'Whip' -99.3541 -0.377168 706.37
181	'Pile' -801.136 121.761 741.68
182	'Tech' -732.058 107.693 705.3
183	'Whip' -191.522 0.781319 820.857
184	'Whip' -220.484 0.386147 798.259
185	'Pile' -723.869 108.083 715.271
186	'Tech' -719.227 108.976 720.516
187	'Pile' -619.86 102.439 804.664
188	'Pile' -630.018 107.627 779.452
189	'Supplies' 323.907 56.4428 707.297
190	'Mortar-Shell' 298.023 57.9161 737.991
191	'Shell' 324.69 56.9563 693.036
192	'Pile' -672.842 110.432 785.101
193	'Pile' -670.563 115.19 752.148
194	'Tech' -720.926 112.087 752.225
195	'Pile' -724.12 112.747 754.131
196	'Respawned-Supplies' 323.44 56.5051 707.062
197	'Tech' -724.346 110.267 735.133
198	'Tech' -736.424 111.122 734.746
199	'Respawned-Supplies' 332.31 66.9314 640.675
200	'Respawned-Supplies' 336.358 68.3412 658.277
201	'Pile' -695.553 115.081 723.037
202	'GIve-him-Supplies-Heart-completed' 353.182 54.1104 778.192
203	'Hand-Heart-completed' -46.1259 -0.603921 659.86
204	'Give-him-all-you-got-Heart-completed' -529.271 113.98 -669.142
205	'corpse&Kill' -841.78 30.162 6.53919
206	'Corspe&Kill' -888.273 26.0057 -20.497
207	'Kill-Risen' -879.497 26.9773 -47.1582
208	'Plant' -890.065 24.9396 -70.42
209	'plant-Heart-comleted' -948.941 45.2791 -69.8871
210	'pile-Heart-completed' -755.106 153.952 842.38
