1	'PoI1' 844.511 31.6033 -752.148
2	'PoI2' 613.534 8.96761 -684.608
3	'PoI3' 1180.55 -61.2736 -431.712
4	'PoI4' 476.245 0.413794 -378.63
5	'PoI5' 258.543 -59.4334 -425.703
6	'PoI6' 551.277 -62.1128 -124.819
7	'PoI7' 610.107 -9.78831 142.834
8	'PoI8' 1104.54 11.4119 88.4167
9	'PoI9' 1344.15 10.516 113.595
10	'PoI10' 944.269 19.6165 302.092
11	'PoI11' 1140.74 19.7695 453.004
12	'PoI12' 1138.93 19.0716 728.095
13	'PoI13' 933.664 19.7185 852.269
14	'PoI14' 679.094 1.36603 720.509
15	'PoI15' 704.979 20.3388 433.229
16	'PoI16' 387.528 9.9945 360.764
17	'PoI17' 382.089 54.1455 796.323
18	'PoI18' -203.838 2.19758 873.4
19	'PoI19' -328.373 24.3208 666.211
20	'PoI20' -496.216 2.80722 579.328
21	'PoI21' -732.552 108.32 674.319
22	'PoI22' -1003.07 73.6671 725.912
23	'PoI23' -1283.28 41.3905 279.632
24	'PoI24' -483.312 87.1196 253.621
25	'PoI25' -142.356 75.4834 161.543
26	'PoI26' -94.2082 59.1627 -299.026
27	'PoI27' -83.2625 93.1396 -639.494
28	'PoI28' -221.831 46.962 -722.26
29	'PoI29' -406.274 12.6934 -267.552
30	'PoI30' -1201.2 1.27264 -498.336
31	'PoI31' -1345.39 23.4972 -583.415
32	'PoI32' -311.245 152.382 -562.326
