1	'WP1' -81.0867 17.9049 885.059
2	'WP2' 365.744 68.4159 820.1
3	'WP3' -511.943 61.1419 699.367
4	'WP4' -1330.3 46.1389 692.84
5	'WP5' -1104.34 90.4865 448.845
6	'WP6' -865.033 37.1922 60.318
7	'WP7' -887.903 72.9264 -240.29
8	'WP8' -1304.58 51.376 -473.916
9	'WP9' -530.199 111.788 -637.845
10	'WP10' -369.677 13.569 -355.913
11	'WP11' -20.0239 95.7647 -393.608
12	'WP12' 536.343 21.1553 -437.218
13	'WP13' 1305.59 1.29113 -757.945
14	'WP14' 1078.13 0.225605 -195.313
15	'WP15' 235.408 3.55548 35.7207
16	'WP16' -238.168 78.0424 374.904
17	'WP17' 946.958 14.5199 538.116
