1	'' 1324.29 42.23 -76.5
2	'' 944.25 30.34 -602.74
3	'' 475.48 25.01 -471.35
4	'' 1067.95 14.4 -247.95
5	'' 508.74 24.09 -428.72
6	'' -593.29 -40.21 305.24
7	'' 551.58 52.13 -534.68
8	'' 795.1 -33.98 428.82
9	'' 832.49 -2.03 -84.46
10	'' -359.2 17.15 396.47
11	'' 148.43 114.37 413.94
12	'' -648.31 4.72 -474.1
13	'' -506.71 47.7 -314.11
14	'' -39.69 47.57 -158.15
15	'' 96.07 131.37 317.83
16	'' -1085.79 -17.55 -511.65
17	'' 547.66 37.61 -414.17
18	'' -210.81 77.2 -151.33
19	'' 409.73 41.4 -193.56
20	'' 1021.58 94.11 -642.07
21	'' 100.2 131.37 321.17
22	'' 154.98 116.44 386.84
23	'' 1047.72 82.85 -614.59
24	'' -520.7 6.81 -204.61
25	'' -149.99 44.52 -519.82
26	'' -622.77 -34.23 88.33
27	'' 1013.46 13.55 -159.33
28	'' 1122.69 69.46 -436.69
29	'' -649.37 -31.07 361.79
30	'' 1235.32 8.18 96.28
31	'' 1047.64 78.13 -556.47
32	'' 533.28 53.56 -526.68
33	'' -255.75 -15.27 316.49
34	'' 1011.38 46.84 284.05
35	'' -500.01 21.5 -584.68
36	'' 1041.76 24.98 -246.74
37	'' 370.69 38.62 442.49
38	'' -759.49 -1.71 -408.84
39	'' -239.52 53.61 -495.22
40	'' 632.77 22.29 -157.15
41	'' -965.71 3.18 -591.52
42	'' 1053.89 0.23 -96.49
43	'' 1245.5 60.23 -297.61
44	'' 160.72 24.38 475.52
45	'' 824.21 -19.86 348.18
46	'' -283.54 45.22 -433.42
47	'' 1006.26 -0.67 -79
48	'' 98.69 -1.22 474.88
49	'' 5.27 34.25 -25.78
50	'' 414.96 26.6 -383.62
51	'' 155.66 100.29 431.19
52	'' 263.82 50.3 204.23
53	'' -253.14 8.12 242.06
54	'' 584.16 48.32 -562.95
55	'' -492.31 0.21 83.45
56	'' 509.5 41.2 -191.63
57	'' -554.69 43.5 -395.59
58	'' 962.04 38.37 -278.59
59	'' 1181.63 84.51 -252.21
60	'' 217.93 35.51 119.98
61	'' -596.8 35.2 -329.81
62	'' 1050.69 41.06 211.41
63	'' 1260.24 30.01 253.05
64	'' -2.22 -50.87 480.03
65	'' -602.3 34.74 -417.84
66	'' 1252.41 46.48 18.35
67	'' 1373.34 46.79 -83.54
68	'' 867.77 -15.43 -264.75
69	'' -166.56 48.92 -427.66
70	'' 534.19 53.66 -520.62
71	'' 39.02 45.87 -365.56
72	'' 969.78 37.05 -334.97
73	'' -226.54 -0.93 296.23
74	'' 86.67 46.71 -223.06
75	'' 239.84 50.62 -212.24
76	'' 105.05 102.43 -576.49
77	'' 1043.71 78.87 -555.97
78	'' 1438.9 16.06 -61.16
79	'chest' 57.62 133.3 353.57
80	'' 931.24 1.4 -407.22
81	'' 1111.38 18.35 -291.38
82	'' 126.21 36.74 45.66
83	'' -480.91 -1.02 95.58
84	'' 15.12 36.32 -334.04
85	'' -127.84 -23.29 333.79
86	'' 1261.93 58.33 -296.05
87	'' 1398.15 -27.31 413.21
88	'' 123.25 35.65 -80.39
89	'' 344.29 44.44 -258.5
90	'' -842.68 9.65 -520.43
91	'' -70.32 78.45 -609.51
92	'' -167.08 53.88 -525.92
93	'' 1016.35 88.04 -617.62
94	'' 585.74 43.26 -353.57
95	'' -2.25 78.39 -559.66
96	'' -187.19 1.77 302.18
97	'' 522.92 38.32 -320.28
98	'' -169.71 33.14 -221.9
99	'' 549.17 41.39 -297.55
100	'' 361.39 44.58 369.83
101	'' -65.95 47.26 -455.05
102	'' 906.61 -0.49 193.91
103	'' 972.73 46.32 281.3
104	'' 7.6 46.66 -243.81
105	'' -473.38 29.78 -714.44
106	'' -115.49 44.97 -187.51
107	'' -516.35 18.15 -598.5
108	'' 544.48 31.68 -163.21
109	'' -155.9 45.11 -453.94
110	'' -52.27 47.89 -102.81
111	'' 1013.2 33.06 -214.4
112	'' 185.52 109.87 410.34
113	'' -913.17 -1.11 -527.54
114	'' 234.56 33.03 20.36
115	'' 1317.15 43.31 4.72
116	'' 1380.02 18.78 556.45
117	'' 1357.91 -17.68 248
118	'' -181.87 50.78 -514.29
119	'' -73.83 46.71 -124.02
120	'' 922.52 30.68 -419.43
121	'' 1265.74 71.46 -235.87
122	'' 341.39 30.59 -441.62
123	'' 217.22 75.64 -546.8
124	'' 626.79 56.17 -531.27
125	'' -386.62 21.23 -216.76
126	'' 1063.19 47.91 324.65
127	'' -464.97 26.82 -698.84
128	'' 1127.8 -34.98 494.32
129	'' -518.72 11.35 -318.71
130	'' 641.14 36.02 12.49
131	'' -657.18 5.1 -436.81
132	'' 1030.73 69.62 -411.12
133	'' 1408.81 56.03 -239.26
134	'' 248.71 70.66 268.85
135	'' 55.8 38.99 -50.15
136	'' 40.95 36.52 18.35
137	'' 457.95 42 -207.35
138	'' 1169.49 6.68 -29.2
139	'' 993.23 86.81 -555.4
140	'' -12.51 -51.85 414.11
141	'chest' 926.85 57.09 -463.02
142	'' 328.69 61.15 407.16
143	'' 1295.87 42.66 -54.98
144	'' 1023.37 11.42 385.51
145	'' 999.11 70.37 -385.72
146	'' 888.13 -0.99 -256.37
147	'' 1292.13 4.29 87.25
148	'chest' 49.68 35.06 -72.93
149	'' 1039.81 80.51 -563.56
150	'' 1389.16 62.69 -179.53
151	'' 520.77 26.71 -469.07
152	'' 282.28 66.07 356.09
153	'' 385.24 40.9 437.35
154	'' 274.07 48.38 83.45
155	'' 592.57 69.72 -619.61
156	'' -140.71 73.18 -642.66
157	'' 218.3 61.81 454.51
158	'' 732.44 -50.69 303.56
159	'' -376.44 23.75 -337.87
160	'' 1040.59 79.84 -558.43
161	'' -438.14 49.51 -419.29
162	'' -1033.91 9.54 194.16
163	'' 45.5 36.21 74.54
164	'' -579.42 14.16 -273.6
165	'' 36.24 78.35 -408.69
166	'' 1141.23 31.58 88.14
167	'' 940.47 89.49 -612.35
168	'' -541.5 23.35 -542.3
169	'' 726.8 -45.29 351.03
170	'' -264.91 61.61 -552.47
171	'' 937.91 -11.93 -417.2
172	'' 822.79 3.13 9.06
173	'' 409.82 31.82 -342.21
174	'' 791.53 12.84 79.35
175	'' 1032.18 42.71 339.19
176	'' -489.68 29.98 -476.01
177	'' 1233.78 18.73 130.32
178	'' 404.03 6.87 521.38
179	'' 378.4 35.27 -247.95
180	'' 103.78 127.78 378.61
181	'' 20.81 78.38 -471.57
182	'chest' -263.3 55.06 -498.07
183	'' -188.17 53.76 -536.59
184	'' 439.35 24.08 -420.17
185	'' 235.11 33.67 -253.87
186	'' 1295.44 48.95 -291.49
187	'' 1032.05 72.06 -485.12
188	'' -189.75 44.49 -462
189	'' 490.7 39.62 -259.17
190	'' 1301.21 50.91 -576.08
191	'' 1049.29 78.44 -562.03
192	'' -394.85 16.89 -313
193	'' -160.66 47.61 -446.65
194	'' 48.88 33.75 -89.08
195	'' 976.37 -0.13 208.4
196	'' 956.23 -0.42 -45.42
197	'' 523.61 41.67 -265.02
198	'' -446.25 2 310.85
199	'' 145.24 95.99 450.11
200	'' -1098.37 9.45 -539.61
201	'' -490.55 11.41 -303.42
202	'' -587.99 37.08 -367.24
203	'' 179.91 103.48 -640.98
204	'' -536.25 3.35 -19.78
205	'' 103.3 40.48 -324.63
206	'' 270.34 41.53 113.03
207	'' -508.44 17.77 -83.99
208	'' 356.88 32.49 -394.37
209	'' -477.86 25.61 -455.86
210	'' 175.16 52.14 -514.33
211	'' 729.96 -60.21 426.98
212	'' 186.44 57.41 474.88
213	'' 326.11 60.75 372.04
214	'' 376.95 17.25 513.54
215	'' -567.4 43.97 -404.75
216	'' 288.33 26.72 -349.03
217	'' 447.29 29.03 -444.51
218	'' 1015.29 12.21 385.35
219	'' 596.48 69.12 -491.69
220	'' 145.83 45.98 -235.51
221	'' 453.38 -32.98 434.37
222	'' 920.61 10.57 392.5
223	'' -413.1 94.15 -118.89
224	'' 93.22 -2.51 500.51
225	'' -466.28 -2.51 147.18
226	'' 326.83 49.19 261.26
227	'' -418.15 3.97 397.12
228	'' 1065.07 71.94 -498.18
229	'' -284.5 43.27 -421.56
230	'' 1206.74 35.47 -367.28
231	'' 257.26 31.67 -283.38
232	'' -157.56 115.79 -32.39
233	'' 85.06 -4.52 461.38
234	'' -142.35 -89.95 593.54
235	'' -396.56 19.28 -221.13
236	'' 512.11 45.46 -535.56
237	'' -592.92 14.82 -527.22
238	'' -30.69 78.37 -471.7
239	'' 278.4 29.89 -416.42
240	'' 585.09 38.09 631.49
241	'' 359.97 31.18 -445.51
242	'' 677.23 54.71 -292.34
243	'' 644.89 48.79 44.93
244	'' 349.66 32.43 -335.39
245	'' 1157.96 67.78 -562.27
246	'' 143.14 89.8 -581.12
247	'' -255.63 23.67 207.75
248	'' 371.59 31.85 -423.3
249	'' 899.55 91.31 -580.61
250	'' -157.23 33.78 -251.34
251	'' 172.96 52.55 -521.31
252	'' 11.55 29.55 -317.93
253	'' -916.88 2 -547.89
254	'' 1092.87 81.63 -537.86
255	'' -321.98 9.59 382.37
256	'' 1323.76 -15.91 155.91
257	'' 918.65 4.39 -85.71
258	'' 509.86 27.66 -382.87
259	'' 1267.54 24.36 197.64
260	'' 285.86 28.72 -420.4
261	'' 336.97 33.35 -421.89
262	'' 1078.94 9.52 -217.6
263	'' 1262.72 10.49 385.57
264	'' -640.39 -35.24 230.27
265	'' 996.89 2.18 21.9
266	'' 1149.45 17.41 -323.85
267	'' 300.86 26.22 -371.19
268	'' 318.84 39.22 -471.72
269	'' 1080.05 -64.83 511.33
270	'' -8.94 34.24 31.81
271	'' 46.7 30.23 -313.85
272	'' 46.68 40.34 -355.11
273	'' 922.81 -0.35 128.99
274	'' 270.27 60.64 305.65
275	'' -194.41 -25.74 319.58
276	'' 299.01 49.19 246.21
277	'' -639.25 25.14 -362.87
278	'' 372.51 35.67 -480.86
279	'' 1221.52 36.42 395.44
280	'' 1380.92 59.92 -178.73
281	'' -171.8 70.49 -658.36
282	'' 1049.72 72.77 -439.68
283	'' -450.5 -34.65 233.09
284	'' -63.88 78.34 -495.49
285	'' 936.13 0.48 -64.42
286	'' -1106.73 -81.2 21.22
287	'' -395.72 96.05 -106.87
288	'' 922.17 6.06 419.98
289	'' 1194.73 75.22 -270.71
290	'' -234.46 129.55 -106.02
291	'' 1265.84 60.11 -186.53
292	'' -31.93 45.93 -391.69
293	'' 285.05 42.09 -513.05
294	'' 751.47 -41.36 245.38
295	'' 593.34 18.69 -66.88
296	'' 924.53 56.59 -466.82
297	'' 225.94 73.61 235.68
298	'' -1251 -122.65 41.08
299	'' 670.34 2.24 143.97
300	'' 1126.96 26.71 71.11
301	'' 207.21 46.28 169.47
302	'' 238.72 76.08 -563.93
303	'' 412.44 39.2 -546.98
304	'' 1277.23 27.14 253.07
305	'' 401.98 28.11 -397.41
306	'' -583.16 16.63 -576.3
307	'' 453.21 -32.99 431.83
308	'' 1034.49 72.7 -433.36
309	'' 908.01 0.63 281.05
310	'' 576.8 60.68 -484.51
