1	'PoI1' 1261.1 37.4024 -482.593
2	'PoI2' 1086.09 73.6531 -479.942
3	'PoI3' 1062.24 63.7679 -341.655
4	'PoI4' 1217.14 63.2759 -127.652
5	'PoI5' 1399.25 57.2676 -230.121
6	'PoI6' 1453.14 58.3638 -108.74
7	'PoI7' 1125.63 55.6489 284.001
8	'PoI8' 1268.14 -7.33802 439.051
9	'PoI9' 846.219 18.7935 151.197
10	'PoI10' 934.399 54.9193 -166.955
11	'PoI11' 720.472 124.596 14.5759
12	'PoI12' 860.362 -1.33379 -641.19
13	'PoI13' 618.062 123.933 459.329
14	'PoI14' 627.27 11.0209 506.23
15	'PoI15' 554.294 -29.0629 271.229
16	'PoI16' 537.447 125.832 179.031
17	'PoI17' 408.554 1.88341 184.757
18	'PoI18' 287.458 124.955 361.115
19	'PoI19' 126.913 132.604 324.665
20	'PoI20' 27.7292 36.0003 133.822
21	'PoI21' 218.564 51.1504 -147.911
22	'PoI22' 334.876 48.5264 -524.145
23	'PoI23' -13.1163 78.3782 -550.839
24	'PoI24' -434.063 62.6813 -530.872
25	'PoI25' -498.48 31.7177 -547.859
26	'Poi26' -550.589 44.333 -401.139
27	'PoI27' -363.378 74.4224 -680.676
28	'PoI28' -802.943 -75.2893 -277.922
29	'PoI29' -1280.13 -89.8507 -22.3059
30	'PoI30' -1040.55 -13.6427 359.471
31	'PoI31' -804.022 -99.7682 361.982
32	'PoI32' -690.785 -28.6676 75.6303
33	'PoI33' -454.821 182.996 138.222
34	'PoI34' -474.804 -38.3252 284.966
35	'PoI35' -380.77 5.22731 347.971
36	'PoI36' -148.373 -48.3733 495.93
37	'PoI37' -293.581 135.884 -42.7235
