1	'Flag&Kill' 396.504 24.2837 -1296.45
2	'Flag&Kill' 298.521 25.1674 -1212.8
3	'Take&THrow' -546.434 20.1251 -1072.5
4	'Take&THrow' -571.749 23.6371 -1082.99
5	'Repair' 601.02 52.35 248.97
6	'repair' 602.31 52.09 244.13
7	'repair' 601.85 51.76 239.4
8	'Skritt-Trap' -515.323 41.7665 82.2653
9	'Train-with-him' 523.053 52.0983 258.033
10	'Data' -272.801 5.446 305.185
11	'Train-him' 457.783 53.3368 262.979
12	'Skritt-Trap' -589.673 24.9337 191.882
13	'Getin-stealth-mode' 546.201 54.9995 918.601
14	'port-here-to-get-heart-xp' 584.478 63.8799 988.869
15	'Talk-again' 543.774 54.4351 918.428
16	'Fix-Flag' 573.126 59.9558 932.723
17	'Fix-Flag' 593.31 60.8611 958.147
18	'repair' 583.65 52.51 231.98
19	'repair' 580.15 52.45 236.14
20	'repair' 578.77 52.29 240.14
21	'Port-here-again' 583.606 63.6972 989.13
22	'Takl-again' 544.278 54.5041 918.154
23	'Port-here-again' 583.8 63.7189 989.16
24	'Talk-again' 544.087 54.4978 918.406
25	'Port-here-again' 583.533 63.6873 989.101
26	'Talk-last-time' 544.061 54.4715 918.248
27	'Port-here-to-complete-Heart' 583.788 63.7058 989.023
28	'Repair' 601.02 52.35 248.97
29	'kill' 116.75 71.68 822.48
30	'train-with-him' 587.32 53.91 226.35
31	'repair' 602.31 52.09 244.13
32	'take' 112.58 72.45 827.81
33	'take' 120.55 71.88 826.85
34	'take' 121.28 72.47 833.3
35	'take' 120.91 75.19 849.78
36	'repair' 601.85 51.76 239.4
37	'train-pet' 602.75 51.94 231.65
38	'repair' 583.65 52.51 231.98
39	'repair' 580.15 52.45 236.14
40	'repair' 578.77 52.29 240.14
41	'Crystal' -168.442 6.90167 1115.05
42	'Crystal' -168.424 3.62266 1078.18
43	'Data' -275.717 5.446 313.407
44	'Equipment' -263.109 5.20979 327.155
45	'Data' -255.803 5.32353 327.318
46	'Equipment' -252.617 5.48611 304.986
47	'Crystal' -191.633 1.60281 1034.43
48	'Crystal' -235.871 12.968 1022.45
49	'Flag&Kill' 174.251 25.1123 -1067.06
50	'Flag&Kill' 274.023 47.7778 -964.857
51	'Crystal' -267.701 13.7369 1022.33
52	'Crystal' -301.21 16.8524 1030.49
53	'First-Lightning-Rod' -337.29 1.71023 -874.021
54	'Second' -328.628 1.66342 -875.273
55	'third' -327.687 2.00087 -869.876
56	'last-one&Kill-spawned-Creature' -334.043 1.69757 -869.262
57	'Crystal' -244.291 4.52257 1140.85
58	'Supplies' 308.072 52.1227 -972.232
59	'Flag&Kill' 348.654 60.0099 -958.04
60	'First-Lightning-Rod' -382.748 0.203107 -831.416
61	'Second' -380.224 0.309794 -834.755
62	'Third' -383.358 0.184444 -834.934
63	'Last-one-&Kill' -379.188 0.205277 -832.758
64	'Take-Crystal&Throw-on-Ascalonia' -531.732 28.9751 -1006.78
65	'Supplies' 208.94 63.9356 -691.388
66	'Supplies' 187.864 62.2281 -689.013
67	'Take&THrow' -587.157 23.9486 -1095.67
68	'Take&Throw' -556.081 16.5713 -1106.51
69	'Skritt-Trap' -514.554 46.4661 57.9437
70	'Shyni' -632.938 47.4225 89.8205
71	'Shyni' -651.518 56.8155 31.2117
72	'Transform-into-Raven' 7.39361 60.175 -102.081
73	'Earth-Elemental&Kill' 61.3036 34.6821 -249.889
74	'Tree-Branch' 110.841 29.656 -274.905
75	'Supplies' 118.89 25.8374 -254.02
76	'Supplies' 136.841 23.2362 -271.779
77	'Tree-Branch' 215.68 27.2961 -299.245
78	'Tree-BRanch' 211.76 24.7132 -329.211
79	'Earth-Elemental&Kill' 89.6534 31.0668 -288.513
80	'Tree-Branch' 101.008 32.3639 -295.417
81	'Supplies' 111.285 25.0606 -283.829
82	'Tree-Branch' 184.996 35.6276 -224.141
83	'Earth-Elemental' 232.623 31.6423 -286.381
84	'Earth-Elemental' 271.19 40.2177 -315.936
85	'Earth-Elemental' 250.095 35.709 -325.331
86	'Tree-Branch' 126.469 29.85 -361.235
87	'Tree-BRanch' 94.5374 29.0038 -332.206
88	'Earth-Elemental&Kill' 41.4738 36.6032 -280.706
89	'Tree-Branch' 196.753 25.763 -349.008
90	'Tree-Branch' 158.516 28.3147 -359.997
91	'Supplies-Heart-completed-if-not-do-more-supplies-etc' 128.272 23.5206 -276.588
92	'Skritt-Trap' -589.856 34.1186 154.722
93	'Shiny' -694.915 62.6661 48.0069
94	'Take-Weapon' 34.0555 43.0759 932.567
95	'Destroy-Roost&Kill-Young-Harpy' 93.5147 53.2259 873.429
96	'Port-here-and-go-in-stealth-skill5' 34.1876 97.6104 829.531
97	'Take-feather' 1.50951 75.4277 828.055
98	'Feather' 14.9425 73.5442 823.806
99	'Roost&Kill-Young-Harpy' 2.39577 76.6705 784.391
100	'GO-in-stealth-again' 37.9466 100.51 818.285
101	'Preess-skill5-again-to-take-feather-from-harpy&Then-kill-it' 62.8152 76.7137 854.11
102	'Roost&Kill' 99.286 80.7232 835.058
103	'Take-feather' 107.324 75.3966 846.096
104	'Feather' 111.946 75.1886 851.477
105	'Feather' 121.681 75.1901 849.837
106	'GIve-him-Feathers' 38.0267 42.4805 934.734
107	'Kill-Roostagain&Harpy' 96.446 53.2956 875.214
108	'Go-stealth' 154.595 52.2708 870.058
109	'Take-feather-fromHarpy&Kill' 184.952 55.2275 856.889
110	'Kill' 195.793 61.2447 849.881
111	'Kill-Roost&Harpy' 0.361161 75.7966 784.554
112	'train-with-him' 555.67 52.8 249.54
113	'Kill-Plant' -259.4 5.33087 1116.61
114	'Crystal' -279.764 7.94832 1096.06
115	'Weapons' -689.288 60.8486 60.2647
116	'Return-Weapon' -462.392 65.9199 12.3211
117	'Skritt-Trap' -566.018 38.9716 110.048
118	'Skritt-Trap' -560.668 31.4038 161.931
119	'Skritt-Trap' -552.961 29.9061 179.16
120	'trap' -565.73 26.08 188.95
121	'Take&Throw' -538.65 7.56585 -1132.62
122	'House' 201.541 62.3568 -695.219
123	'First-Lightning-ROd' -415.885 0.00317759 -825.317
124	'Second' -414.581 -0.0204082 -828.846
125	'THird' -417.203 0.0107396 -830.375
126	'Last-one&Kill' -420.097 0.0184971 -827.664
127	'Supplies' 358.985 59.6492 -973.846
128	'Flag&Kill-Heart-completed' 418.205 38.8705 -1012.58
129	'Repair' 163.686 -0.92586 -1422.95
130	'Cannon&Seperatist' -121.413 31.5942 -1144.19
131	'Take-cannonball-and-press1' -121.019 31.6452 -1136.19
132	'Repair-Fishing-Net' 147.996 -0.733334 -1429.44
133	'4Ammunitions&1Cannon+Weapon-Plans' -125.753 32.5173 -1122.44
134	'Kill-them-Heart-completet' -206.307 36.766 -1023.74
135	'First-Lightning-Rod' -440.45 2.67649 -803.194
136	'Second' -441.975 2.74943 -805.706
137	'THird' -444.302 3.0322 -804.361
138	'Last-one&Kill-Heart-completed' -442.646 2.68071 -802.124
139	'Take-Crystal&Throw-on-Ascalonia' -544.065 27.1999 -1029.27
140	'Supplies' 185.318 58.8202 -728.952
141	'Supplies' 192.494 62.6191 -713.795
142	'Extra-Supplies' 155.796 62.0604 -704.4
143	'Extra-Supplies&Pet-House' 163.348 59.9499 -721.474
144	'Extra-House' 178.529 60.7156 -710.661
145	'Extra-Supplies' 169.179 62.8648 -701.714
146	'Stone' -241.36 8.73706 -56.3579
147	'Skritt-Trap' -568.544 32.0135 143.085
148	'Trap' -554.2 33.66 141.86
149	'Killthe-2-Ascalonia' -521.191 19.674 -1058.13
150	'Repair-Fishing-Net' 146.892 -0.768766 -1410.8
151	'Take&THrow-at-ascalonia' -505.952 11.2359 -1080.51
152	'Take-hammer-and-use-on-Branded' -500.334 8.86746 -1095.47
153	'Take-Fish' 164.515 -0.741625 -1416.07
154	'Go-to-a-Drake-and-use-skill1-then-lure-them-back-into-marked-area-until-heart-is-full' 190.342 -0.689311 -1428.87
155	'Supplies&Pet-House' 190.759 59.2804 -762.909
156	'Supplies&Pet-House' 175.25 58.1482 -746.121
157	'Weapon' -628.83 56.6939 19.7525
158	'Return-Weapon-Heart-completed' -462.543 65.9541 12.4218
159	'Data' -249.372 5.39468 312.795
160	'Turret' -271.726 5.15709 333.708
161	'Equipmentx2' -281.424 1.12256 308.566
162	'Explosives' 493.23 48.985 1270.27
163	'Kill4-Bandits' 450.72 46.9887 1297.88
164	'Kill-Plant' -378.322 1.09646 1033.29
165	'Crystal' -398.897 0.631728 1031.41
166	'train' 522.39 52.22 259.86
167	'train' 493.69 54.1 255.71
168	'Plant' -343.88 5.04236 1056.32
169	'Crystal' -353.609 5.56569 1033.19
170	'Crystal-Heart-completed' -299.193 3.68491 1128.92
171	'Turret' -261.592 5.71392 296.175
172	'Equipment' -297.474 3.4198 282.975
173	'Turret' -317.423 1.10697 298.565
174	'Take&Throw-at-ascalonia' -493.77 8.67008 -1087.28
175	'Take-Crystal&Use-on-Ascalonia' -499.216 11.9109 -1053.53
176	'Take&THrow-Heart-completed' -574.491 31.2701 -1047.39
177	'Supplies' 219.082 61.8586 -736.425
178	'Pet-House&Suppplies' 203.769 60.7722 -743.701
179	'Data' -340.858 4.36368 359.644
180	'Data' -289.822 4.44948 381.213
181	'Supplies-Heart-completed' 166.727 65.3908 -693.271
182	'Equipmentx3-Heart-completed' -244.913 5.60983 265.9
183	'explosives' 485.695 48.9366 1268.17
184	'Explosives' 465.143 48.697 1313.54
185	'2Explosives' 463.902 48.8635 1322.8
186	'Kill-Ascalonier-around-here-until-Heart-is-full' -290.202 8.35196 -46.9731
187	'3Explosives' 479.399 48.7831 1302.17
188	'2Explosives' 433 49.4857 1299.8
189	'Destroy2-Supplies' 438.763 45.951 1245.3
190	'Explosives' 487.637 48.9589 1272.98
191	'many-Explosives' 481.377 48.9603 1294.71
192	'Give-him-explosives-Heart-completed' 481.005 46.357 1175.9
193	'train-with-him' 555.67 52.8 249.54
194	'Repair' 601.02 52.35 248.97
195	'repair' 602.31 52.09 244.13
196	'repair' 601.85 51.76 239.4
197	'train' 522.39 52.22 259.86
198	'train-with-him' 587.32 53.91 226.35
199	'train' 493.69 54.1 255.71
200	'repair' 583.65 52.51 231.98
201	'repair' 580.15 52.45 236.14
202	'repair' 578.77 52.29 240.14
203	'take' 112.58 72.45 827.81
204	'take' 120.55 71.88 826.85
205	'take' 121.28 72.47 833.3
206	'take' 120.91 75.19 849.78
207	'extra-give-him-feathers' 37.96 42.44 935.61
208	'train-pet' 602.75 51.94 231.65
209	'train-with-him' 555.67 52.8 249.54
210	'train' 522.39 52.22 259.86
211	'train' 493.69 54.1 255.71
212	'kill' 116.75 71.68 822.48
213	'do-chickens-etc-if-heart-not-full' 524.225 51.327 249.242
