1	'Heart1' 484.95 28.1793 -1357.5
2	'Heart2' 148.065 8.22958 -1372.81
3	'Heart3' -12.6252 59.3065 -1238.61
4	'Heart4' -591.41 22.3151 -1386.02
5	'Heart5' -244.984 4.18343 -856.566
6	'Heart6' 323.683 93.359 -702.427
7	'Heart7' 8.76713 60.7628 -100.654
8	'Heart8' -177.471 23.4959 -63.2463
9	'Heart9' -464.42 66.5673 11.7332
10	'Heart10' -459.11 31.6536 307.02
11	'Heart11' 399.084 37.655 287.612
12	'Heart12' 543.583 54.3764 918.208
13	'Heart13' 481.516 47.4064 1177.73
14	'Heart14' 36.5995 42.4668 935.784
15	'Heart15' -95.014 37.5671 1133.07
