1	'WP1' 490.768 35.1116 -1424.68
2	'WP2' 276.601 17.8116 -1128.48
3	'WP3' -352.938 27.0054 -1213.77
4	'WP4' -77.4281 22.9729 -909.344
5	'WP5' 312.787 94.2082 -723.796
6	'WP6' -349.578 6.95454 -761.849
7	'WP7' -619.121 40.1365 -555.85
8	'WP8' 417.712 88.6726 -135.501
9	'WP9' -135.659 33.2511 -119.702
10	'WP10' -448.5 48.8453 -51.625
11	'WP11' 406.306 31.3196 311.541
12	'WP12' 541.331 45.9381 617.219
13	'WP13' -52.6593 28.1661 567.4
14	'WP14' -565.119 43.7615 504.032
15	'WP15' -288.318 17.5982 992.893
16	'WP16' 378.731 25.5596 1107.87
17	'WP17' -150.016 22.2417 1189.25
18	'WP18' -636.037 24.2015 1223.37
