1	'PoI1' 32.315 474.462 82.0982
2	'PoI2' -48.7535 474.133 276.601
3	'PoI3' 166.015 474.579 248.311
4	'PoI4' 168.734 445.477 248.499
5	'PoI5' 176.188 447.301 297.244
6	'PoI6' 210.779 447.301 204.497
7	'PoI7' -45.7258 445.43 282.079
8	'PoI8' -91.8353 430.115 315.948
9	'PoI9' 45.6289 600.559 208.417
10	'PoI10' 29.5023 445.433 78.4395
11	'PoI11' 70.8452 447.301 39.7957
12	'PoI12' -20.7614 447.301 60.7938
13	'PoI13' 19.5494 415.425 14.8658
14	'PoI14' -750.796 402.78 760.206
15	'PoI15' -359.153 122.451 35.7692
16	'PoI16' -438.362 3.76675 -705.598
17	'PoI17' -252.341 3.81513 -613.689
18	'PoI18' -23.7903 135.844 -558.407
19	'PoI19' 192.674 417.727 247.518
