1	'get stealth' 51.36 214.49 648.74
2	'' 85.24 210.04 696.76
3	'' 96.7 210.06 698.29
4	'' 95.76 207.05 739.8
5	'' 111.6 212.34 706.38
6	'' 79.08 207.07 758.55
7	'' 64.33 210.02 740.89
8	'' 80.15 207.22 714.86
9	'' 103.65 207.04 762.22
10	'' 133.65 211.59 746.17
11	'' 82.02 207.06 806.75
12	'' 76.82 207.07 809.94
13	'' 93.67 207.23 825.81
14	'' 79.14 210.27 833.03
15	'' 115.72 210.11 800.47
16	'' 133.05 210.01 795.12
17	'' 134.99 210.01 774.41
18	'' 164.68 210.01 794.36
19	'' 135.88 211.58 745.28
20	'' 164.88 210.02 784.91
21	'' 136.03 211.59 745.8
22	'' 169.34 210.08 824.32
23	'' 95.6 207.05 739.97
24	'' 1.89 210.01 774.09
25	'' 1.18 210.01 782.54
26	'' 2.34 210.02 798.88
27	'' 37.71 210.01 772.46
28	'' 42.84 211.87 749.39
29	'' 32.31 209.18 724.36
30	'' 15.07 209.16 758.31
31	'' 37.81 210.02 797.69
32	'' 93.34 291.89 721.87
33	'' 86.61 267.23 674.74
34	'' 72.01 268.23 682.5
35	'' 123.24 265.26 653.04
36	'' 15.83 265.05 725.63
37	'' 23.78 265.05 760.87
38	'' 34.49 265.05 762.62
39	'' 62.9 258.48 857.66
40	'' 81.65 207.07 807.73
41	'talk-fight' 1213.35 6.06 -668.04
42	'noble-answer' 1270.72 4.95 -684.37
43	'first-answer' 1252.28 3.66 -709.71
44	'/bow-for-getting-respect' 1287.36 8.82 -678.13
45	'fight' 1324.66 17.2 -657.03
46	'fight-the-ritualist' 1350.7 22.4 -683.45
47	'talk' 1369.02 31.49 -709.48
48	'talk' 1346.75 31.97 -733.5
49	'talk' 1376.57 30.73 -741.67
50	'/bow' 1374.02 30.73 -771.6
51	'talk' 1375.46 30.74 -775.82
52	'/bow' 1348.22 31.8 -771.15
53	'/bow' 1313.74 48.69 -741
54	'talk' 1293.24 49.53 -737.6
55	'fight' 1271.5 49.99 -752.56
56	'/bow' 1247.49 48.68 -703.73
57	'/salut' 1249.45 49.1 -719.06
58	'talk' 1291.3 84.66 -639.28
59	'/bow' 1330.42 75.64 -677.23
60	'talk' 1364.18 80.92 -694.29
61	'/kneel' 1370.19 81.45 -702.57
62	'/bow' 1389.76 82.61 -717.63
63	'2-talk' 1379.25 82.36 -770.83
64	'fight' 1390.05 82.25 -756.73
65	'/kneel' 1382.49 81.44 -810.08
66	'/bow' 1389.06 82.73 -791.48
67	'/bow' 1379.95 80.77 -823.21
68	'/kneel' 1322.37 81.5 -862.88
69	'get-stealth' -1073.28 219.67 -538.86
70	'' -1100.04 216.55 -625.29
71	'' -1101.69 216.64 -669
72	'' -1102.26 214.21 -682.21
73	'' -1147.38 215.02 -674.85
74	'kneel-one-time' -1172.64 215.68 -678.5
75	'' -1177.65 215.68 -670.62
76	'' -1193.84 213.61 -670.73
77	'' -1251.03 199.45 -625.59
78	'' -1189.35 213.18 -602.59
79	'' -1167.15 213.56 -587.47
80	'' -1135.24 211.04 -712.32
81	'' -1162.53 205.25 -739.18
82	'' -1143.08 211.12 -788.02
83	'' -1189.01 216.16 -772.4
84	'' -1253.79 209.05 -731.26
85	'' -1229.9 208.38 -767.94
86	'Heart-done' -594.97 201.89 -407.83
