1	'Kill-Nearby-Moose' -746.544 35.78 -671.59
2	'Kill-nearby-Arctorus' -808.045 61.7906 -683.072
3	'Trap&Kill' 1243.28 59.6415 285.633
4	'Banner' -1163.42 61.7389 17.0767
5	'Banner' -1225.41 73.7364 -13.1595
6	'Banner' -1111.09 47.1655 -23.2717
7	'Trap&Kill' 1328.14 68.6044 235.883
8	'Banner' -1097.98 53.9709 73.4551
9	'Banner' -1017.65 83.7347 108.44
10	'Banner' -1000.57 80.3431 157.253
11	'Trap&Kill' 1321.91 73.7691 323.556
12	'Marker' 421.312 41.5172 -6.72801
13	'Kill-Dredge' -1010.14 75.3504 -668.411
14	'Kill-Dredge' -1067.25 69.0389 -628.152
15	'Marker' 412.538 41.6966 1.45894
16	'ice-fragment' 197.934 94.5844 504.272
17	'Kill-Bat' 1281.82 130.438 -589.837
18	'Kill-Nearby-Moose' -746.544 35.78 -671.59
19	'Kill-nearby-Arctorus' -808.045 61.7906 -683.072
20	'Kill-Bat' 1294.86 126.932 -571.834
21	'Writing' 1296.39 125.417 -493.622
22	'Kelp' 194.726 -41.1389 -466.373
23	'Kelp' 213.522 -25.4562 -482.59
24	'Kelp' 161.908 -15.9626 -435.027
25	'Writing' 1307.68 125.416 -530.787
26	'Kill-Bat' 1271.26 128.438 -556.458
27	'Kelp' 138.049 -36.2843 -459.147
28	'Kelp' 156.141 -40.5947 -464.99
29	'Kill-Bat' 1258.13 131.647 -547.387
30	'Ice-Formation' 824.942 69.0003 247.639
31	'Writing' 1268.05 128.43 -562.258
32	'Writing' 1307.5 127.762 -571.102
33	'Ice-Fragment' 812.491 72.1868 285.339
34	'Archive' -868.457 90.9869 464.38
35	'Supplies' -973.56 104.784 460.875
36	'Archive' -916.438 96.2066 533.809
37	'Archive' -972.235 98.1995 412.178
38	'Kill-4-Bats-here' 1337.04 128.549 -507.796
39	'Marker' 452.773 39.5418 9.96329
40	'Marker' 485.822 43.0393 -10.4705
41	'Marker' 500.397 49.4386 -45.9166
42	'Trap&Kill' 1314.26 69.2473 377.732
43	'Trap&Kill' 1269.6 73.5492 327.864
44	'Trap&Kill' 1245.88 59.8178 288.706
45	'kill-all-Jotun-9-are-here' 562.74 93.1012 -154.85
46	'Marker' 543.154 58.3389 -64.9163
47	'Marker' 580.492 60.3809 -47.5984
48	'if_no-bats-are-here-kill-all-svanir' 1252.82 134.88 -559.73
49	'Kill1bathere' 1356.66 127.634 -584.084
50	'Killbat' 1294.93 129.446 -610.449
51	'Supplies' -899.685 93.2233 502.126
52	'Archive' -891.447 93.1064 495.395
53	'Archive' -867.757 90.8736 463.881
54	'Kill-nearby-Arctodus' -581.251 43.4564 -647.359
55	'Kill-Dredge' -1050.06 62.3927 -594.096
56	'Kill-Nearby-Arctodus' -609.605 44.1967 -684.599
57	'Kill-Dredge' -1023.65 76.6188 -608.663
58	'Kill-Dredge' -1081.69 64.6181 -587.54
59	'Kill-nearby-Arctorus' -728.573 51.6725 -622.004
60	'Kill-Nearby-Arctodus' -618.668 36.3666 -632.903
61	'KillSvanir' -1215.95 82.4717 79.8314
62	'KillBanner&Svanier' -1211.55 84.0508 46.0558
63	'Help-Soldier' -1283.14 94.226 109.426
64	'Kill-Dredge' -1058.67 61.5711 -572.36
65	'kill-wolf' 292.91 97.55 513.91
66	'kill-wolf' 194.39 111.74 429.85
67	'kill-sheep' -644.84 15.42 -376.52
68	'kill-skelk' -619.85 7.28 -304.65
69	'kill2-dolyaks' -591.72 12.2 -337.27
70	'2-extra-dolyaks' -535.47 19.83 -377.26
71	'Trap&Kill' 1224.75 53.6518 338.241
72	'Marker' 758.289 38.961 -18.0298
73	'Marker' 788.761 43.9345 -12.9746
74	'Kill-nearby-Arctodus' -581.767 43.3933 -647.261
75	'Kill-nearby-Moose' -550.903 54.5732 -653.35
76	'Killall-enemys-nearby-11enemys-andbanner' -971.823 80.2775 176.747
77	'Nextcoord-sameas-the-last-one-kill-them' -917.562 88.239 149.591
78	'Archive' -972.965 98.2324 411.953
79	'Archive' -979.864 107.313 477.624
80	'Archive' -916.704 96.222 533.331
81	'Archive' -890.486 93.0485 495.878
82	'Kill-him' -904.933 69.475 -640.643
83	'Kill-him' -962.361 71.0477 -678.494
84	'Kill-Banner' -862.398 93.183 147.819
85	'kIll-until-heart-is-completed' -903.576 93.6303 86.7973
86	'Kill-Nearby-Arctodus' -574.322 40.8731 -588.014
87	'Kill-Nearby-Moose' -545.57 40.5118 -585.061
88	'Supplies' -903.972 93.1233 462.488
89	'Archive' -971.845 98.1559 411.989
90	'Kill' -975.843 66.5237 -715.517
91	'KIll' -1011.3 74.7701 -669.373
92	'Kill' -1068.15 69.4036 -628.092
93	'Kill-the-2-Nearby-Arctodus' -475.464 49.2642 -644.957
94	'Ice-Formation' 870.747 72.1812 316.402
95	'Ice-Fragment' 890.255 71.8387 316.239
96	'Writing' 1332.69 126.931 -564.016
97	'Kelp&Kill' 108.318 -14.1025 -474.129
98	'Kill-Nearby-Arctodus' -629.207 39.4179 -693.826
99	'Kill-Supplies' -884.756 93.0227 483.63
100	'Kill-banner-again' -1096.93 54.0545 74.7776
101	'Writing' 1334.18 126.93 -535.801
102	'Kill-banner-again' -1161.37 61.4211 17.468
103	'Kelp&Kill' 96.8329 -9.20881 -451.176
104	'Kill-banner-again' -1224.68 73.4268 -13.6109
105	'Kill' -1022.72 77.267 -608.471
106	'Kill-banner-again' -1110.9 47.1373 -23.8106
107	'Kill-Nearby-Arctodus' -648.043 38.0213 -680.036
108	'Kill-banner-again' -1211.55 83.3683 48.0828
109	'Ice-Fragment' 934.422 68.1172 298.883
110	'Marker' 621.751 48.5631 -45.781
111	'Marker' 660.449 36.1088 -30.1216
112	'Trap&Kill' 1149.17 42.2003 365.701
113	'Trap&Kill' 1167.62 54.7025 400.622
114	'Kill-The-2-Nearby-Arctodus' -683.456 42.51 -683.719
115	'Give-him-archives-Heart-completed' -1025.55 86.2604 274.577
116	'Writing' 1345.17 130.132 -501.923
117	'Armore' -262.509 27.8478 379.536
118	'Elixir' -348.414 1.31239 233.315
119	'Armore' -307.642 2.41606 298.69
120	'Pickpocket-both-spawned-grawle+killthem-after' -304.446 3.4286 296.242
121	'Elixir' -282.515 36.3138 396.405
122	'Elixir' -222.597 17.9427 452.871
123	'Elixir&Armore+kill-grawle' -282.698 5.0676 514.032
124	'Kelp&Kill' 108.934 -13.5152 -518.229
125	'Kill-Resonator' -945.856 66.7468 -687.874
126	'Trap&Kill' 1200.86 60.4279 441.209
127	'Kill-banner' -1215.44 85.0699 46.3113
128	'Extra-Coord-Moose-kill' -753.779 37.7657 -674.054
129	'ExtraCoord-Arctodus' -803.977 62.6177 -691.113
130	'KIll' -1081.93 64.4774 -586.768
131	'ExtraCoord-Kill' -1058.59 61.6983 -571.081
132	'Ice-Fragment' 993.761 63.7846 330.988
133	'Ice-Fragment' 996.668 67.4291 341.634
134	'kill-all-6-Jotuns' 690.7 64.6368 -178.291
135	'kill-the-Wolfes' 243.104 74.8818 692.035
136	'Marker' 698.371 28.4232 -12.7683
137	'Marker' 732.055 33.6821 -30.9603
138	'Extra-Coord-Arctodus' -805.835 56.9794 -660.371
139	'ExtraCoord-Arctodus' -785.294 51.9043 -667.495
140	'Extra-Coord-Arctodus' -786.118 58.171 -631.2
141	'Banner' -1164.07 62.2665 18.7903
142	'Banner' -1227.48 74.8525 -10.9744
143	'Ice-Fragment&Ice-Formation' 1016.6 72.8903 375.953
144	'Banner' -1095.98 53.9014 74.0723
145	'Banner' -1108.56 46.3267 -25.8708
146	'Banner&Svanir' -1214.86 84.5707 47.906
147	'ice-fragment' 200.78 92.7874 515.597
148	'ice-fragment' 222.495 99.334 503.153
149	'Kill-Extra-Coord' -1003.24 75.1625 -632.4
150	'ExtraCoord-Kill' -901.095 61.4215 -582.973
151	'Kill-Enemys-until-Heart-is-full' 787.347 72.7398 282.469
152	'Kill-Enemys-nearby-until-heart-isfull' 513.971 71.0031 359.382
153	'ExtraCoord-Kill' -875.539 54.7809 -567.428
154	'Give-NPC-Elixir-Heart-completed' -182.355 42.2277 321.603
155	'kill' -1008.25 66.12 -710.85
156	'kill-them' 177.27 82.18 549.837
157	'kill-all' 153.854 75.2892 579.368
158	'kill-them' 126.041 70.5431 597.653
159	'Extra-Trap&Kill' 1262.78 62.3691 412.645
160	'Extra-Trap&Kill' 1314.01 69.2571 377.694
161	'kill' -1055.94 68.1 -674.57
162	'kill' -901.22 61.34 -583.42
163	'kill' -875.43 55.02 -565.81
164	'kill' -879.05 65.78 -624.79
165	'kill' -943.25 68.02 -592.05
166	'Ice-fragment-again' 198.149 94.2852 505.037
167	'banner&svanir' -1161.88 60.91 14.82
168	'Ice-fragment-again' 150.594 108.721 495.108
169	'Ice-fragment-again' 200.948 92.0728 517.796
170	'banner' -1227.32 74 -14.9
171	'Ice-fragment-again' 221.867 99.2235 503.823
172	'banner' -1110.37 46.98 -24.58
173	'Ice-fragment-again' 178.231 109.465 476.262
174	'Ice-fragment-again' 173.101 110.151 481.24
175	'2-ice-fragments' 279.66 96.45 485.43
