1	'WP1' 1398.66 72.0124 469.483
2	'WP2' 800.356 75.9129 640.374
3	'WP3' 895.802 68.9095 77.5441
4	'WP4' 1121.84 111.391 -319.423
5	'WP5' 1324.94 136.643 -477.089
6	'WP6' 415.112 38.087 -523.867
7	'WP7' 275.27 98.5732 174.919
8	'WP8' 393.397 79.327 394.021
9	'WP9' 421.637 75.1751 637.736
10	'WP10' -79.2726 5.25611 -429.696
11	'WP11' -498.974 36.4775 -520.243
12	'WP12' -398.071 57.3925 -81.1144
13	'WP13' -547.132 4.14633 475.383
14	'WP14' -917.685 52.4689 -47.9963
15	'WP15' -1200.05 72.213 -477.461
16	'WP16' -1414.26 50.525 -311.468
17	'WP17' -1345.97 107.726 128.998
18	'WP18' -1416.26 163.787 292.407
19	'WP19' -1355.54 158.676 395.133
