1	'Rubie1' -249.54 856.55 166.053
2	'Rubie2' -292.211 837.119 92.4409
3	'Rubie3' -74.6412 822.301 149.262
4	'Rubie4' 157.96 848.416 199.55
5	'Rubie5' 104.953 848.068 141.54
6	'Rubie6' 54.5978 753.091 64.9043
7	'Rubie7' 64.9663 751.692 25.8924
8	'Rubie8' 129.758 762.834 25.4373
9	'Rubie9' 102.654 746.652 -8.78434
10	'Rubie10' 65.9731 681.096 -145.161
11	'Rubie11' -78.0096 656.627 -81.099
12	'Rubie12' -118.519 654.101 39.1636
13	'Rubie13' -86.7277 649.767 53
14	'Rubie14' -107.26 660.425 91.1556
15	'Rubie15' -73.565 648.917 105.752
16	'Rubie16' -122.799 641.351 150.239
17	'Rubie17' -196.456 628.444 151.557
18	'Rubie18' 61.6331 959.078 106.321
19	'Rubie19' 279.367 1010.13 192.14
20	'Rubie20' 318.543 1006.69 121.55
21	'Rubie21' 246.072 952.173 152.127
22	'Rubie22' 227.604 962.046 -34.1634
23	'Rubie23' 195.656 922.051 2.32958
24	'Rubie24' 101.498 908.976 -11.5209
25	'Rubie25' 103.287 889.195 -126.951
26	'Rubie26' 43.1554 857.563 0.81168
27	'Rubie27' 52.6584 636.462 61.1963
28	'Rubie28' 23.5662 679.641 17.7225
29	'Rubie29' -79.4551 656.542 -80.2434
30	'Rubie30' 6.16647 692.028 76.0781
31	'Rubie31' 59.55 692.208 168.298
32	'Rubie32' 154.29 641.311 197.242
33	'Rubie33' 218.264 636.731 180.258
34	'Rubie34' 300.527 657.475 125.05
35	'Rubie35' 230.936 601.127 21.69
36	'Rubie36' 140.826 606.572 25.309
37	'Rubie37' 162.051 607.702 140.106
38	'Rubie38' 111.957 452.92 157.946
39	'Rubie39' 241.833 414.15 101.35
40	'Rubie40' 101.431 399.952 159.837
41	'Rubie41' 213.213 216.674 91.5746
42	'Rubie42' 247.198 214.554 175.821
43	'Rubie43' 171.849 216.296 250.671
44	'Rubie44' -10.1836 172.524 57.9918
45	'Rubie45' -51.6737 185.744 89.8048
46	'Rubie46' -237.615 136.874 -29.3705
47	'Rubie47' -278.714 115.438 -53.4776
48	'Rubie48' -283.142 137.391 22.149
