1	'Soldier1' -102.794 54.1903 -866.657
2	'Soldier2' -75.2124 53.9739 -862.04
3	'Soldier3' -220.57 53.5325 -879.941
4	'Journal1' -39.7939 70.6017 -706.264
5	'Soldier4' -184.919 61.6855 -776.877
6	'Journal2' -327.428 64.4827 -772.963
7	'Soldier5' -251.058 82.8471 -585.63
8	'Soldier6&7' -160.298 77.1749 -547.988
9	'Journal3' -167.156 51.9857 -338.73
10	'Journal4' -40.302 49.2244 -364.038
11	'Journal5' -55.9598 56.9142 -281.141
12	'Soldier8' -188.078 33.1969 -273.311
13	'Soldier9' -181.346 32.8906 -274.111
14	'Journal6' -171.523 75.1103 -210.041
15	'Journal7' -20.2546 75.4902 102.135
16	'Journal8' -30.651 61.2285 215.703
17	'Journal9' 36.8755 69.1713 262.741
18	'Journal10' -269.255 118.461 143.382
19	'Journal11' -287.915 150.461 9.48828
20	'Journal12' -263.556 122.698 5.77458
21	'Journal13' -213.757 119.402 50.2107
22	'TorchPickupPlace(Eventmustbestartet)(GorsevalPre-Event)' -100.808 54.2498 -235.96
23	'Activate-The-Torch-Here-to-get-Achievment' -85.0499 66.0192 -198.012
24	'Prisoner1' -180.324 97.97 153.61
25	'Prisoner2' -280.97 122.403 20.277
26	'Prisoner3' -287.554 113.389 38.5056
27	'Prisoner4' -254.583 137.554 -5.26701
28	'Prisoner5' -255.726 133.766 -21.271
29	'Prisoner6&7' -271.336 136.171 -24.862
30	'Prisoner8' -306.076 134.26 -14.0963
31	'Prisoner9&10' -373.111 105.958 38.6038
