1	'SOUTH_Cannon' -170.149 94.4978 8.94745
2	'Platform' -158.982 76.7837 108.332
3	'WEST_Cannon' -253.753 95.4027 114.999
4	'Platform' -158.982 76.7837 108.332
5	'NORTH_Cannon' -151.25 94.9496 193.95
6	'Platform' -158.982 76.7837 108.332
7	'EAST_Cannon' -66.1814 95.1188 92.696
8	'Platform' -158.982 76.7837 108.332
9	'SOUTH_Cannon' -170.149 94.4978 8.94745
10	'Platform' -158.982 76.7837 108.332
11	'NORTH_Cannon' -151.25 94.9496 193.95
12	'Platform' -158.982 76.7837 108.332
13	'WEST_Cannon' -253.753 95.4027 114.999
14	'Platform' -158.982 76.7837 108.332
15	'EAST_Cannon' -66.1814 95.1188 92.696
16	'Platform' -158.982 76.7837 108.332
