1	'report-to-Marshal' 764.46 35.9 83.48
2	'watch' 775.74 35.75 28.51
3	'talk' 793.74 39.52 27.38
4	'port' 760.85 36.57 -25.98
5	'leave-instance' 760.76 36.53 -25.88
6	'instance-start-Temple-of-the-Forgotten-God' -476.63 -65.2 794.47
7	'meet' 14.58 -75.3 92.31
8	'port' 11.13 -51 23.04
9	'port' 9.47 -55.84 -33.21
10	'activate' 7.1 -60.72 -96.1
11	'take-essence' 8.78 -61.46 -90.77
12	'place' 6.45 -59.33 -32.84
13	'kill' 3.19 -19.05 76.25
14	'kill-activate' 75.13 -22.11 46.86
15	'essence' 74.35 -22.31 47.88
16	'place' 2.85 -21.23 76.94
17	'activate' 22.88 3.38 -45.93
18	'essence' 21.53 3.44 -49.06
19	'place' 74.59 7.04 6.24
20	'activate' 5.27 11.69 91.52
21	'activate' 16.03 11.38 93.3
22	'essence' 15.4 11.38 93.66
23	'place' -10.67 11.88 100.42
24	'essence' 3.41 11.83 88.38
25	'place' -5.79 12.02 88.17
26	'cutscene' -20.05 34.49 37.33
27	'kill' 17.52 33.6 42.31
28	'jump-down' 6.89 33.82 34.4
29	'escape-talk' 21.36 -83.93 114.38
30	'instance-done' 21.36 -83.93 114.38
31	'report' 764.9 35.94 82.51
32	'talk' 802.67 39.52 32.32
33	'instance-start-Through-the-Looking-Glass' -10 7.5 -771.89
34	'cutscene' 2.52 4.96 -783.01
35	'take-cover' 7.05 0.26 -801.75
36	'confront' 9.87 0.35 -836.89
37	'regroup' -76.06 11.33 -533.31
38	'find' 36.42 22.88 -614.5
39	'find' -16.35 31.4 -647
40	'kill' -61.65 38.3 -644.73
41	'done' -72.16 39.22 -644.43
42	'return' 724.74 26.63 124.46
43	'board-the-airship' 647.64 41.5 58.01
44	'instance-start-What-the-Eye-Beholds' 647.64 41.5 58.01
45	'speak' 65.58 58.07 483.94
46	'talk' 84.71 57.36 475.36
47	'click' 125.25 54.71 457.24
48	'kill' 118.6 53.51 460.81
49	'talk' 120.45 54.63 449.95
50	'kill' 117.44 53.66 456.64
51	'cutscene' 118.16 53.82 455
52	'talk' 120.27 54.57 450.26
53	'choose-directly' 120.27 54.57 450.26
54	'done' 120.27 54.57 450.26
3	'StraitsofDevastation-to-MalchorsLeap' -1164.63 65.74 -549.52
56	'instance-start-Estate-of-Decay' 1280.43 52.74 -126.96
57	'talk' 1341.49 46.39 -128.74
58	'defend' 1341.4 46.34 -127.82
59	'enter' 1400.69 55.19 -119.86
60	'listen' 1421.08 54.65 -110.58
61	'activate' 1437.66 58.55 -88.04
62	'kill' 1444.76 58.45 -102.84
63	'kill' 1419.29 54.68 -110.45
64	'open' 1438.05 58.55 -88.34
65	'listen' 1431.62 59.41 -64.04
66	'kill' 1430.75 59.41 -65.81
67	'kill' 1452.34 59.4 -69.26
68	'open' 1446.28 58.4 -86.04
69	'listen' 1468.75 57.71 -102.71
70	'kill' 1469.4 57.71 -102.82
71	'cutscene' 1466.87 44.13 -59.15
72	'kill' 1474.71 13.48 -110.34
73	'escape' 1410.49 54.87 -118.96
74	'cutscene' 1361.83 47.66 -128.87
75	'done' 1281.13 52.56 -125.95
1	'MalchorsLeap-to-StraitsofDevastation' 1452.36 66.25 -305.08
77	'instance-start' 955.57 17.93 268.59
78	'talk' 963.07 20.69 295.7
79	'choose-sinking-the-ark' 963.07 20.69 295.7
80	'done' 963.07 20.69 295.7
81	'talk' 792.15 5.58 142.81
82	'instance-start-A-Grisly-Shipment' 781.29 0.96 149.85
83	'board-the-ark' -1187.96 5.14 -155.35
84	'port' -1242.37 -12.28 -140.1
85	'talk-to-Maeva-and-get-the-ghostfire' -1264.85 0.11 -170.91
86	'place' -1273.18 0.12 -163.91
87	'place' -1257.71 0.13 -174.83
88	'place' -1238.83 0.14 -183.02
89	'place' -1228.84 0.03 -157.19
90	'escape' -1239.72 8.6 -134.42
91	'gethere' -1217.33 42.11 -76.83
92	'done' 792.63 0.7 136.07
3	'StraitsofDevastation-to-MalchorsLeap' -1164.63 65.74 -549.52
94	'instance-start-Further-into-Orr' 239.13 23.22 127.86
95	'cutscene' 244.72 22.7 128.75
96	'kill' 331.11 17.8 156.71
97	'talk' 385.71 4.29 234.84
98	'defend' 392.21 5.41 175.33
99	'defend' 427.53 1.7 217.36
100	'defend' 388.09 4.29 232.52
101	'after-defend-talk' 386.97 4.29 233.83
102	'choose-zhaitans-navy' 386.97 4.29 233.83
103	'done' 386.97 4.29 233.83
104	'instance-start-Stealing-Light' -208.07 16.83 230.38
105	'report' -186.25 11.68 261.59
106	'talk' -189.58 8.42 279.15
107	'Meet' -187.65 10.22 271.44
108	'Meet' -198.69 8.12 274.36
109	'Meet' -185.96 10.72 268.8
110	'talk' -188.38 5.68 288.51
111	'port' 120.39 6.56 498.29
112	'port-and-kill' 74.92 131.61 349.32
113	'interact' 124.67 132.4 340.96
114	'done' 122.39 132.13 340.91
115	'Instance-start-Conscript-the-Dead-Ships' -485.91 10.66 -130.48
116	'talk' -561.93 4.63 -112.03
117	'talk' -598.68 1.97 -111.15
118	'talk' -45.22 2.3 560.76
119	'kill' -55.22 5.61 569.4
120	'kill' -76.63 5.63 575.26
121	'defeat-captain' -73.47 5.63 571.98
122	'clear' -69.26 5.67 607.01
123	'kill' -83.53 5.63 624.04
124	'captain' -83.53 5.63 624.04
125	'wait-for-Jeyne-to-set-the-plank-now-port' -84.86 5.63 618.69
126	'clear' -109.72 5.75 610.67
127	'kill' -128.24 5.63 618.11
128	'captain' -127.92 5.63 613.47
129	'wait-for-plank-then-port' -128.03 5.63 619.83
130	'clear' -140.55 5.62 650.54
131	'done' -143.53 5.62 656.23
2	'MalchorsLeap-to-CursedShore' -369.6 75.6 -706.18
133	'instance-start-Ships-of-the-Line' -387.19 14.33 731.21
134	'talk' -476.95 4.82 558.79
135	'talk' -472.23 4.71 556.63
136	'board' -512 0.89 541.28
137	'talk' -436.42 5.8 114.1
138	'use' -429.18 5.79 113.27
139	'plug-holes-with-slime' -436.11 0.5 120.26
140	'return-then-destroy' -442.65 5.83 111.93
141	'rescue' -626.8 -1.3 -38.94
142	'rescue' -664.4 -1.3 -73.57
143	'rendezvous-with-squad' -277.16 0.56 242.69
144	'kill-mobs-around-then-say-its-clear' -284.31 9.81 195.79
145	'next' -246.76 10.19 163.11
146	'next' -228.14 9.2 82.87
147	'now-kill-the-rest-of-mobs' -229.69 10.13 104.81
148	'regroup' -228.77 9 73.89
149	'kill-him' -155.18 25.81 -1.52
150	'talk' -214.09 9.2 71.83
151	'done' -214.09 9.2 71.83
152	'instance-start-Against-the-Corruption' -53.15 31.86 -20.87
153	'talk' -69.04 34.28 -40.61
154	'port' -42.25 35.16 -43.69
155	'kill' -21.09 33.95 -45.12
156	'port' 6.6 31.05 -43
157	'kill' 27.55 27.02 -40.36
158	'port&kill' 49.91 24.22 -45.4
159	'port' 69.1 22.98 -51.73
160	'port&kill' 75.82 22.89 -76.01
161	'port' 80.26 21.07 -99.52
162	'port' 88.81 18.45 -123.09
163	'port' 108.9 16.92 -132.33
164	'port&kill' 126.53 16.43 -132.1
165	'port' 141.26 15.69 -130.54
166	'port' 164.01 13.99 -129.3
167	'port' 190.11 8.09 -121
168	'port&kill' 209.74 5.04 -115.29
169	'port&kill' 224.66 5.03 -98.79
170	'port' 236.01 5.11 -85.55
171	'port' 258.41 4.45 -70.93
172	'port' 279.56 4.65 -78.37
173	'port' 298.01 4.91 -93.4
174	'port' 321 5.05 -87.31
175	'port' 345.5 4.98 -80.48
176	'defend' 345.39 4.98 -79.53
177	'talk' 351.24 5 -78.69
178	'done' 351.24 5 -78.69
179	'instance-start-Cathedral-of-Silence' -379.47 61.83 -938.73
180	'meet' -382.78 62.23 -928.66
181	'kill' -579.32 43.16 -1056.9
182	'go-here' -576.2 43.16 -1050.88
183	'talk' -585.89 43.16 -1053.81
184	'find' -219.27 71.14 -1045.13
185	'talk' -167.84 71.64 -1047.83
186	'done' -168.11 71.63 -1049.14
187	'instance-start-The-Source-of-Orr' 241.45 -0.49 534.95
188	'talk' 323.18 -0.03 545.2
189	'kill' 388.82 -0.04 566.22
190	'kill' 398.76 -0.4 599.25
191	'kill' 429.04 1.48 626.8
192	'kill' 444.83 -0.42 646.05
193	'kill' 595.88 0.63 725.48
194	'talk' 632.08 -0.4 768.16
195	'defend' 628.38 -0.4 753.21
196	'done' 604.29 1.16 735.87
1	'CursedShore-to-MalchorsLeap' 448.26 119.04 1439.98
1	'MalchorsLeap-to-StraitsofDevastation' 1452.36 66.25 -305.08
199	'instance-start-The-Source-of-Orr' 1090.2 26.79 177.46
200	'talk' 729.98 27.88 131.17
201	'talk' 623.02 44.26 89.18
202	'done' 623.02 44.26 89.18
203	'Kill-Zhaitan-now-next-file' 1087.06 26.76 179.17
