1	'PoI1' 640.135 508.031 -258.675
2	'PoI2' 521.344 508.142 -479.527
3	'PoI3' 89.7052 507.867 -350.48
4	'PoI4' -58.4681 526.793 -511.543
5	'PoI5' -331.235 511.836 -336.803
6	'PoI6' -295.952 475.527 -418.687
7	'PoI7' 231.551 508.309 -418.635
8	'PoI8' 47.8848 509.5 -118.669
9	'PoI9' 39.5902 512.308 88.6724
10	'PoI10' 235.726 506.745 131.081
11	'PoI11' 357.398 457.787 60.0386
12	'PoI12' 696.911 453.619 158.699
13	'PoI13' 333.745 344.539 191.489
14	'PoI14' 341.025 453.414 336.079
15	'PoI15' -24.692 495.177 258.02
16	'PoI16' -203.297 62.3042 60.893
17	'PoI17' -565.711 532.72 -35.8574
18	'PoI18' -231.001 507.1 204.474
