1	'PoI1' -907.312 225.877 -523.71
2	'PoI2' -1049.58 174.092 -254.368
3	'PoI3' 667.427 94.3547 -163.264
4	'PoI4' 727.887 57.6983 -85.3431
5	'PoI5' 830.409 51.8863 -23.8433
6	'PoI6' 945.51 37.7744 -193.479
7	'PoI7' 368.542 120.063 -442.295
8	'PoI8' 113.042 119.207 -223.437
9	'PoI9' -435.83 100.262 204.974
10	'PoI10' -416.11 21.5147 510.959
11	'PoI11' -62.0702 100.85 481.186
12	'PoI12' 383.506 254.714 254.764
13	'PoI13' 361.778 130.677 122.898
14	'PoI14' 371.879 60.7143 56.3912
15	'PoI15' 1022.71 85.4378 228.599
16	'PoI16' 1110.95 9.87489 370.078
17	'PoI17' 998.024 35.6621 630.463
18	'PoI18' 792.533 73.3326 911.125
19	'PoI19' 734.475 63.7411 803.758
20	'PoI20' 606.777 110.705 923.149
21	'PoI21' 158.406 60.9007 740.374
22	'PoI22' 521.981 76.6362 406.73
23	'PoI23' 601.069 -0.163212 521.533
24	'PoI24' 842.612 87.5154 505.514
