1	'Trap&kill' 301.098 32.0192 1131.55
2	'Stomp&kill' 241.29 57.0788 1144.25
3	'Trap&Kill' 157.574 65.5601 1148.59
4	'Eggs-Nest&Kill' 149.002 66.7938 1151.85
5	'Eggs&Nest' 63.5023 70.6393 1219.52
6	'Eggs&Nest' 9.36254 72.9784 1283.2
7	'Trap&Kill' -35.5548 68.6452 1275.95
8	'Eggs&Nest' -30.3967 71.9808 1304.72
9	'Eggs&nest-X2-Heart-completed' 84.0952 10.2055 1347.57
10	'Turret' -327.598 20.3536 964.658
11	'Turret' -316.394 16.514 938.008
12	'Supply-Cart' -349.59 16.5099 946.491
13	'Brazier' -385.686 16.2995 964.433
14	'Brazier' -432.404 28.2082 962.067
15	'Turret' -361.653 17.0859 883.55
16	'BRazier' -492.859 35.2588 991.519
17	'Brazier' -425.677 20.1567 1066.92
18	'Turret' -455.651 21.3158 1031.31
19	'Supply-Cart' -482.856 23.8118 1069.11
20	'Turret' -504.012 31.2042 1079.11
21	'BRazier-Heart-completed' -541.521 33.6798 1053.75
22	'Beacon&Kill' 302.302 31.8328 701.459
23	'BEacon&Kill' 305.723 23.6781 631.256
24	'Beacon&Kill' 304.062 17.7764 538.392
25	'Rescue' 324.554 17.6753 482.297
26	'BEacon&Kill' 441.849 9.50058 507.047
27	'BEacon&Kill-HEart-completed' 400.783 11.374 514.288
28	'Mine' -98.2841 7.09193 523.49
29	'Banner&Kill-spawned-mobs' -61.7415 11.3703 497.201
30	'Mine' -55.5748 10.5078 503.775
31	'Mine' -92.9379 14.1298 462.51
32	'Banner6Kill' -115.888 14.8397 447.827
33	'Weapon-parts' -126.934 6.99659 555.504
34	'Mine' -95.335 1.50885 596.743
35	'Weapon-Parts' -51.8732 5.61413 583.319
36	'Weapon-Parts' -43.1314 6.22988 593.553
37	'Mine' -34.6959 6.85903 616.936
38	'Mine' -61.455 3.01678 656.048
39	'Mine' -15.4639 3.57757 682.997
40	'Mine' -34.9234 4.5832 731.609
41	'Mine' 6.45663 5.20544 657.648
42	'Mine-Heart-completed' 94.3946 21.7336 632.798
43	'Extra-Mine' 95.1206 33.308 584.933
44	'Extra-Mine' -24.4177 14.427 540.063
45	'Speargun&activate-Fish' 428.072 -0.0933351 -34.2388
46	'Speargun&FIsh' 453.243 -0.0827634 -28.8411
47	'Speargun&Fish' 499.481 -0.063437 -3.98504
48	'Speargun/Fish' 511.329 -0.0846249 16.8749
49	'Speargun/fish' 493.035 0.471717 70.0467
50	'Speargun/fish' 465.998 2.06418 120.685
51	'Trap' 390.563 -22.4572 125.037
52	'Trap' 428.612 -22.4198 130.073
53	'Trap' 424.018 -31.1198 195.447
54	'Trap-HEart-completed' 330.095 -12.3796 176.382
55	'Shrine' -395.756 33.2289 -119.433
56	'Shrine' -373.969 54.1827 -47.8345
57	'Shrine' -425.169 42.007 -55.4801
58	'Shrine' -316.894 62.0122 -31.7069
59	'Shrine' -260.864 68.0989 -59.3638
60	'Shrine' -309.401 54.2115 -87.1336
61	'Shrine' -326.172 39.1041 -123.471
62	'Shrine' -273.887 43.5534 -141.842
63	'Rubble' -489.037 58.4864 -1089.95
64	'Rubble' -507.926 57.7303 -1084.92
65	'Rubble' -476.026 60.6649 -1065.71
66	'Rubble' -486.074 62.0656 -1028.22
67	'Rubble' -452.342 62.2159 -1027.31
68	'Rubble' -460.169 62.2877 -1052.67
69	'Rubble' -507.65 59.9492 -1033.65
70	'Rubble' -531.863 58.9301 -1023.47
71	'Rubble' -524.694 62.8354 -1050.73
72	'Rubble' -507.035 52.4261 -1112.03
73	'Rubble' -536.193 54.7034 -1095.12
74	'Shrine-again' -375.243 54.0497 -47.693
75	'Shrine-again' -273.273 43.8225 -141.213
76	'Shrine-again' -324.997 38.4086 -126.441
77	'Shrine-again-HEart-completed' -370.695 54.297 -48.8578
78	'Round' -518.157 48.0818 -1231.66
79	'Give-him-mortar-round' -471.926 75.9717 -1302.38
80	'Round' -457.308 62.7342 -1286.19
81	'Give-him-the-ROund' -470.482 75.9482 -1301.18
82	'Round' -459.291 64.3989 -1296.96
83	'Give-Round' -468.906 75.7752 -1300.09
84	'ROund' -454.572 64.0145 -1297.14
85	'Give-Round' -467.738 76.1166 -1301.01
86	'ROund' -477.85 65.855 -1270.97
87	'Give-Round' -469.33 76.0732 -1301.24
88	'Round' -477.961 65.8055 -1269.09
89	'Give-.Round' -468.142 76.2189 -1301.65
90	'ROund' -527.753 71.1788 -1282.64
91	'Give-Round' -528.905 67.911 -1239.5
92	'Round' -552.01 28.2687 -1184.81
93	'Give-him' -537.742 27.7853 -1185.19
94	'Round' -519.032 48.2031 -1232.17
95	'Give-ROund' -470.212 75.9013 -1300.75
96	'ROund' -463.152 78.5305 -1352.51
97	'Give-him-HEart-completed' -414.794 71.3208 -1353.59
98	'Rubble' -506.536 52.4698 -1112.77
99	'Rubble' -506.629 57.7952 -1084.31
100	'Rubble' -490.294 58.9344 -1086.54
101	'Rubble' -475.422 60.7472 -1065.42
102	'RUbble' -486.044 62.0561 -1027.67
103	'Rubble' -451.649 62.2635 -1026.56
104	'Rubble-Heart-completed' -461.518 62.3015 -1053.2
105	'Egg' -223.179 37.823 -759.92
106	'Snack' -267.2 33.2606 -769.704
107	'Feed-the-QUeen-aroundhere&Take-Eggs' -236.309 37.3697 -743.746
108	'Snack' -257.33 35.8335 -744.157
109	'Feed-Queen&Take-Eggs' -229.514 37.6175 -749.762
110	'Snack' -305.475 44.2567 -835.663
111	'Give-Queenfood&Take-Eggs' -290.151 34.1759 -782.103
112	'Snack' -301.097 48.2711 -865.803
113	'Give-Queen-Food&take-eggs' -244.961 39.5637 -915.335
114	'Snack' -236.751 35.7687 -944.669
115	'Give-Food&Take-Eggs' -238.712 37.9818 -913.869
116	'Give-him-the-Eggs-Heart-completed' -247.235 35.6182 -753.144
117	'Ball' 472.027 4.79385 -1316.67
118	'Ball' 448.353 7.05328 -1395.91
119	'put-in' 476.424 4.45601 -1318.11
120	'Ball' 514.004 0.284276 -1261.71
121	'Cannon' 476.758 4.41392 -1317.99
122	'Ball' 549.437 0.346515 -1250.33
123	'Cannon' 577.064 3.34611 -1214.52
124	'Ball' 582.562 1.8977 -1220.63
125	'Cannon' 576.423 2.72096 -1214.67
126	'Kill1-Enemy-around-here' 534.358 14.9756 -1388.15
127	'Ball' 447.3 6.69682 -1396.23
128	'Cannon' 476.82 4.41987 -1318.2
129	'Take-Chunk-of-Wall-throw-it-in-Water-around-here' 517.727 6.08063 -1368.01
130	'Ball/Cannon' 473.416 4.72472 -1316.92
131	'Chunk' 518.002 6.64695 -1366.87
132	'Ball' 513.674 0.362411 -1261.55
133	'Ball/Cannon' 549.699 0.675546 -1250.16
134	'Chunk' 601.152 2.95963 -1300.45
135	'If-Heart-not-completed-kill-all' 556.484 14.7933 -1342.96
136	'Release-the-Hound' 231.297 38.3918 -864.867
137	'Kich-tree6and_Kill' 215.836 41.0913 -916.152
138	'Area&andkill' 214.977 41.8467 -968.33
139	'BUsh&Killafter' 156.792 42.1176 -965.656
140	'Release-the-Hound&Followhim' 238.508 37.8202 -853.84
141	'Kick-Tree&Kill' 249.721 16.1977 -795.529
142	'investigate' 254.035 9.5933 -736.047
143	'Investigate' 222.416 8.38966 -730.604
144	'Release-the-Hound&Follow-him' 228.855 38.3901 -864.753
145	'Kick-Tree&Kill' 215.126 41.1356 -916.363
146	'Investigate' 215.429 41.8056 -969.136
147	'Bush&Kill' 155.787 42.2838 -963.649
148	'Help-the-Spirit-and-follow-him' 538.76 13.3056 -787.415
149	'Help-Spirit-and-follow-him' 541.401 11.2378 -746.412
150	'Help-Spirit-and-follow-him' 580.776 4.27156 -804.57
151	'Help-Spirit-and-follow-him' 655.453 4.56058 -816.985
152	'Help-Spirit-and-follow-him' 619.979 6.14633 -929.534
153	'Help-Spirit-and.follow-him-Heart-completed-after' 578.883 4.93587 -888.822154	
154	'Ore-Vein' -635.392 64.2423 -478.155
155	'Throw-Ore-in-fire' -673.029 63.2179 -482.333
156	'Take-the-iron' -672.569 63.2263 -482.637
157	'Toke-Ore' -637.82 64.7878 -476.108
158	'THrow-in' -669.629 63.094 -482.155
159	'Take-Ore' -636.248 66.2857 -477.292
160	'THrow-in-and-.take-iron' -672.176 63.0857 -481.041
161	'Take-Iron' -637.054 66.2183 -477.039
162	'Throw-it-in-and-take-Iron' -672.346 63.1433 -481.716
163	'Take-Ore' -636.764 66.086 -476.64
164	'Throw-in-take-iron' -671.255 63.1036 -481.536
165	'Take-Ore' -636.847 65.9399 -476.451
166	'Throw-it-in-take-iron' -671.758 63.1263 -481.715
167	'Give-him-the-iron' -585.921 63.7304 -492.94
168	'Take-Ore' -636.963 66.2144 -476.938
169	'Throw-and-take' -671.206 63.1358 -481.941
170	'Mine-and-then-takeore' -636.508 65.952 -476.413
171	'Throw&Take' -672.336 63.1691 -481.976
172	'Take' -636.532 66.3348 -477.074
173	'Throw&Take' -672.283 63.1736 -482.113
174	'Mine-take-ore' -638.242 63.6157 -479.313
175	'Throw&Take' -671.096 63.1396 -482.008
176	'Mine&Take' -637.698 63.8518 -478.68
177	'Throw&Take' -672.982 63.064 -480.583
178	'Take-Ore' -636.55 66.2871 -476.953
179	'Throw&Take' -672.912 63.1116 -481.034
180	'Mine&Take-Ore' -636.252 65.9921 -476.625
181	'Throw&Take' -671.741 63.0907 -481.249
182	'Mine&Take-Ore' -636.628 66.0157 -476.482
183	'Give-him-Iron-Heart-completed' -584.291 63.702 -493.096
