1	'Chest' -1000.61 120.34 -1.46
2	'for_the_next_chest_you_have_to_walk_in_the_air_field_here_and_use_next_ports-chest_at_the_end' -1159.34 100.38 -373.26
3	'' -1151.99 100.38 -372.78
4	'' -1135.78 100.38 -373.17
5	'' -1117.46 100.38 -373.89
6	'' -1101.25 100.38 -367
7	'' -1087.57 100.38 -355.54
8	'' -1071.21 100.38 -346.55
9	'' -1052.82 100.38 -345.58
10	'' -1035.89 100.38 -346.82
11	'' -1017.12 100.38 -346.02
12	'' -999.86 100.38 -340.12
13	'Chest' -983.07 100.38 -332.59
14	'first' -877.89 132.47 -285.29
15	'second' -882.98 132.47 -292.69
16	'last' -880.71 132.47 -289.33
17	'' -873.96 132.47 -281.27
18	'get_wood' -425.11 115.64 -45.58
19	'hit_here' -429.03 115.62 -38.7
20	'' -817.34 114.37 -133.4
21	'' -548.79 118.83 -75.98
22	'first' -242.41 4.38 940.92
23	'second' -217.61 4.41 948.25
24	'last' -262.56 4.4 916.1
25	'chest' -264.92 4.42 911.56
26	'pick_up_box' -160.66 6.29 916.6
27	'^place_the_boy_above_the_2-chest_will_spawn' -161.44 7.2 912.38
28	'chest' -164.46 6.29 915.4
29	'pick_up_box' 280.17 120.92 411.25
30	'place_box_here' 276.32 123.01 420.23
31	'chest' 278.57 120.88 423.69
32	'pick_wood' 547.18 208.71 55.34
33	'destroy_all_boxes' 544.33 208.64 51.85
34	'chest' 541.07 209.25 53.74
35	'chest' 304.23 89.54 -256.57
36	'for_this_chest_go_into_the_wind,_then_use_all_next_ports_and_the_last_will_be_at_chest' 202.78 95.71 -397.58
37	'' 197.41 95.71 -395.22
38	'' 189.83 95.71 -422.73
39	'' 191.79 95.72 -467.14
40	'' 221.12 95.71 -497.32
41	'' 258.45 95.71 -507.76
42	'' 290.98 95.71 -499.07
43	'' 312.95 95.71 -478.05
44	'' 321.25 95.71 -455.55
45	'' 316.91 95.72 -412.97
46	'' 289.95 95.71 -380.89
47	'' 254.46 95.71 -369.13
48	'Chest' 223.68 95.71 -378.05
49	'take_wood' -238.98 2.05 -304.17
50	'hit_all_boxes' -241.58 1.97 -306.74
51	'chest' -239.82 2.05 -302.27
52	'chest' -79.39 16.33 -173.74
53	'pick_box' -179.68 71.8 -77.72
54	'put_box_here' -179.96 71.79 -81.31
55	'chest' -181.81 71.84 -86.31
56	'next_chest-take-wood-destroy-boxes' 554.22 13.08 -736.79
57	'destroy_all_boxes_around_here' 549.94 14.76 -741.61
58	'chest' 547.41 14.68 -740.14
59	'next_chest_pick_up_rock_to_get' 1033.9 110.83 -126.21
60	'next_chest_pick_up_rock' 577.07 0.32 81.92
61	'rock-and-chest' -65.33 168.01 128.68
62	'take_wood' 1241.74 166.74 -731.76
63	'destroy_all' 1230.52 166.86 -735.75
64	'chest' 1240.52 167.17 -727.12
65	'take_wood_and_destroy_crates' -901.81 0.44 415.22
66	'chest' -899.09 0.44 417.05
67	'pick_up' -480.69 0.99 -686.41
68	'place' -484.35 2.66 -687.54
69	'chest' -483.56 1.08 -691.36
70	'pick_up' 1213.54 94.83 839.99
71	'place' 1224.27 93.73 838.56
72	'chest' 1222.11 92.7 842.15
73	'left' -245.73 36.3 -551.29
74	'middle"bugged_sometimes"' -249.56 35.68 -542.56
75	'right' -250.63 35.68 -532.13
76	'chest' -260.14 35.06 -533.77
77	'rock_and_chest' 21.36 104.25 40.02
78	'pick' -1141.22 1.42 -743.3
79	'tp_with_rock_here_and_interact_to_get_chest' -1149.36 1.49 -733.31
80	'interact_with_this_rock_to_get_chest' 741.06 112.56 -333.24
81	'pick_rock_chest_under_it' -1032.69 3.22 -464.85
82	'pick_and_chest' -1124.82 102.48 -352.28
83	'pick_and_chest,_if_not_next_tp' -402.71 2.74 -283.84
84	'second_tp_for_when_the_chest_is_here' -368.28 2.64 -280.89
85	'chest' 1204.71 155.01 -484.54
86	'chest' 39.34 0.25 -822.61
87	'chest' -817.11 192.34 237.93
88	'chest' -1179.24 218.56 681.21
89	'chest' 604.45 91.96 496.99
90	'chest' -724.81 2.04 790.1
91	'go_in_the_wind_before_then_next_ports' -101.93 87.49 -536.74
92	'' -98.65 87.53 -542.94
93	'' -106.22 87.52 -530.51
94	'' -112.18 87.54 -519.97
95	'' -121.92 87.52 -503
96	'' -121.32 92.62 -486.11
97	'' -118.1 87.43 -473.58
98	'' -118.6 59.97 -443.62
99	'' -109.39 60.16 -426.14
100	'' -121.19 60.16 -403.07
101	'' -131.06 59.9 -386.82
102	'chest' -138.3 59.97 -374.4
103	'wind' 265.92 206.15 260.07
104	'start' 268.7 206.41 264.77
105	'' 284.72 201.74 278.07
106	'' 295.05 201.72 314.57
107	'' 300.97 190.2 347.43
108	'' 291.15 199.07 379.72
109	'' 270.02 193.09 385.06
110	'' 244.32 183.36 372.47
111	'' 219.67 183.44 355.88
112	'' 193.24 174.6 374.79
113	'' 169.22 174.48 396.83
114	'' 178.61 161.12 423.81
115	'chest' 184.82 126.04 481.04
116	'end' 353.51 365.35 -52.95
