1	'Turl_Sharptooth' -362.732 38.6722 450.254
2	'Karka' -362.732 38.6722 450.254
3	'Karka' -657.655 2.41757 -205.755
4	'Karka' -651.287 78.6043 -175.275
5	'Karka' -615.804 94.8868 -202.269
6	'Karka' -660.327 0.766022 -47.5288
7	'Karka' -688.606 28.7766 6.45248
8	'Karka' -434.796 35.0693 430.988
9	'Karka' -569.008 52.5154 438.814
10	'Karka' 716.856 16.7757 475.461
11	'Karka' -520.644 27.2846 361.469
12	'Karka' -522.708 6.02386 285.371
13	'Karka' -352.888 53.5955 463.339
14	'Karka' -349.851 53.6168 474.946
15	'Karka' -497.528 35.34 458.384
16	'Karka' -397.838 34.1026 434.161
17	'Karka' 468.701 31.7132 512.478
18	'Karka' 451.988 44.2151 416.034
19	'Karka' 814.96 37.029 308.016
20	'Karka' 323.524 -0.458874 442.327
21	'Karka' 430.574 14.6139 348.729
22	'Karka' 715.762 16.971 476.214
23	'Karka' 535.787 -0.582133 297.021
24	'Karka' 525.681 8.08362 229.167
25	'Karka' 382.745 1.81251 157.26
26	'Karka' 455.71 12.0192 -4.78129
27	'Karka' 561.301 -0.643844 -394.354
28	'Karka' 552.464 -0.649056 -397.989
29	'Karka' 570.457 31.464 -340.732
30	'Karka' 637.203 -0.482393 -462.634
31	'Karka' -356.479 47.0557 282.138
32	'Karka' -439.464 0.851307 184.448
33	'Karka' -436.425 5.01167 79.3683
34	'Karka' -643.002 30.1063 -237.093
35	'Karka' -385.205 -0.782032 -475.514
36	'Karka' -394.145 67.7386 -439.527
37	'Karka' -175.737 40.4117 -431.059
38	'Karka' -179.093 -0.694049 -435.238
39	'Karka' 878.214 36.9658 -492.051
40	'Karka' 841.867 75.9942 -443.831
41	'Karka' 890.524 85.9007 -408.094
42	'Karka' 730.592 52.4871 -447.963
43	'Karka' -429.207 20.3886 423.579
44	'Karka' 441.492 25.9053 -91.0215
45	'Karka' 295.202 50.2636 258.586
46	'Karka' -5.33709 38.6297 410.514
47	'Karka' 117.919 29.438 377.765
48	'Karka' -80.23 0.839137 -61.7956
49	'Karka' -756.476 47.238 -88.1032
50	'Karka' 411.741 24.996 525.679
51	'Karka' 828.793 -1.31961 -521.79
52	'Karka' -419.774 1.03232 157.228
53	'Karka' 851.391 47.3398 334.684