1	'Take-bucket' -613.538 40.0685 977.817
2	'Wake' -612.744 40.3198 985.123
3	'Wake' -626.308 41.0096 940.829
4	'Ore' 556.819 1.82639 831.901
5	'Wake' -612.665 59.5646 871.062
6	'Wake' -601.985 59.5566 899.109
7	'Ore' 521.819 1.8558 768.272
8	'Wake' -574.56 59.5677 883.147
9	'Wake' -551.348 59.5632 853.887
10	'Ore' 525.666 2.64442 738.293
11	'Wake' -447.318 51.5232 935.339
12	'Ore' 608.864 1.84281 752.689
13	'ore' 618.009 3.88238 767.258
14	'Take-Meat' -577.874 59.5637 904.535
15	'Take-Meat' -587.901 59.5628 900.776
16	'Hole' 556.572 1.82639 775.974
17	'Take-meat' -554.606 59.5711 871.073
18	'ore' 602.012 1.86861 659.416
19	'Hole' 459.352 23.1684 1017.5
20	'Flag' -482.403 2.82905 -114.485
21	'Flag' -468.212 1.68075 -134.925
22	'Flag' -434.003 15.2059 -165.997
23	'Take-staff' -540.418 15.2829 148.213
24	'use-the-bug-and-just-press-skill2-until-heart-is-full' -434.474 -0.876456 87.4199
25	'Get-a-weapon-for-eruptions' -490.49 11.4985 -79.8762
26	'Eruption' -456.658 4.42433 -260.106
27	'Eruption' -465.18 5.83773 -285.316
28	'Eruption' -441.419 0.152806 -326.316
29	'Hole' 503.411 23.0416 987.722
30	'Hole' 502.537 20.7134 942.812
31	'Hole' 538.379 2.71186 869.777
32	'Take-Meat' -552.464 59.5689 864.63
33	'Take-meat' -548.077 59.6008 869.521
34	'Take-Artifact' -538.396 29.4236 -517.055
35	'Put-in-Crate' -520.153 25.6813 -536.38
36	'Take-Axe&Put-in-Crate' -569.99 40.6715 -489.106
37	'Take-Axe' -539.945 23.496 -550.523
38	'Put-in-Crate' -520.934 25.5504 -536.365
39	'Take-Axe' -538.936 23.4956 -550.13
40	'Put-in-Crate' -520.595 25.6455 -536.11
41	'Take-Bone' -536.132 15.3899 -594.781
42	'Put-in-Crate' -520.593 25.5573 -536.658
43	'Axe' -539.664 23.497 -551.104
44	'Put-Crate' -520.806 25.6048 -536.231
45	'Axe' -502.614 26.9433 -640.953
46	'Crate' -492.567 26.3319 -641.654
47	'Axe' -465.293 27.1032 -637.011
48	'Crate' -493.285 26.3318 -641.392
49	'Bone' -514.549 22.4606 -648.945
50	'Crate' -528.306 14.4279 -609.088
51	'Hammer' -473.251 8.54744 -579.036
52	'Crate' -528.548 14.5234 -609.425
53	'Axe' -502.822 26.8272 -640.34
54	'Crate' -493.505 26.3007 -641.206
55	'Bone' -536.373 15.5504 -594.544
56	'Crate' -529.372 14.5097 -608.949
57	'hammer' -540.076 23.4995 -550.593
58	'Crate' -520.822 25.5252 -536.737
59	'keg' -540.539 29.3489 -515.103
60	'Crate' -521.136 25.6226 -535.675
61	'Axe' -538.935 23.4956 -551.887
62	'Crate' -521.66 25.7192 -536.575
63	'Axe&Crate' -569.765 40.6749 -489.565
64	'Hammer' -503.293 26.8706 -640.463
65	'Crate-' -494.694 26.4992 -642.089
66	'Corpse&Kill' -436.443 1.17787 -870.721
67	'Corpse&Kill' -492.856 3.77789 -872.183
68	'Corpse&Kill' -396.655 1.70307 -934.026
69	'Corpse&Kill' -453.518 2.45499 -970.321
70	'Corpse&Kill' -321.503 0.348642 -912.702
71	'Corpse&Kill' -361.072 -0.8685 -842.291
72	'Corpse&Kill' -238.684 0.546248 -994.36
73	'plant' 514.702 14.725 -300.058
74	'Plant' 455.75 28.247 -238.37
75	'Mix-a-potion' 368.848 6.23681 -263.882
76	'Take-an-potion' 370.63 6.23716 -260.571
77	'Test-potion' 389.924 2.20942 -293.537
78	'and-kill-themob' 389.924 2.20942 -293.537
79	'Take-treasure-and-click-the-dialogue' 456.129 -41.6451 -631.697
80	'Give-him-treasure' 596.174 0.740532 -700.031
81	'Treasure' 452.706 -50.0393 -611.215
82	'Give-him' 596.155 0.743049 -700.008
83	'Treasure-click-dialogue-option' 382.506 -38.9196 -587.574
84	'GIve-him' 596.179 0.740797 -700.013
85	'Treasure&Dialogue' 411.473 -63.8301 -539.805
86	'GIve-him' 596.191 0.74068 -699.994
87	'Treasure&Dialogue' 381.858 -73.4775 -565.782
88	'Give.him' 596.148 0.724724 -700.39
89	'Treasure&Dialogue' 337.848 -79.5798 -478.264
90	'GIve-him' 596.327 0.727282 -700.033
91	'Treasure&Dialogue' 357.938 -25.2128 -579.067
92	'Give-Him' 596.38 0.715298 -700.186
93	'Treasure&Dialogue' 369.071 -71.0117 -657.306
94	'Give-him-Heart-completed' 596.383 0.713638 -700.214
95	'Trap' -32.4818 43.5788 -13.5374
96	'Trap' -56.5526 42.8543 -4.66512
97	'Flag' -457.955 14.9548 -164.221
98	'Fla' -473.384 14.317 -227.335
99	'Flag' -451.08 15.8302 -234.561
100	'Hole' 598.168 1.90368 731.629
101	'Take-BUck' -578.689 59.5504 884.375
102	'Wake' -599.668 59.5626 900.477
103	'Wake' -573.079 59.5654 883.411
104	'Wake-Heart-' -550.706 59.5629 853.351
105	'Hole' 592.695 1.82055 788.164
106	'Hole' 589.597 1.81875 760.336
107	'Hole' 581.31 1.86861 663.203
108	'ore' 646.91 9.24038 707.078
109	'Get-a-weapon-for-eruptions' -490.49 11.4985 -79.8762
110	'Eruption' -495.636 4.00645 -239.904
111	'Eruption' -457.5 4.41605 -260.108
112	'Eruption' -466.632 5.91383 -285.023
113	'Eruption-Heart-completed' -441.076 0.207363 -327.193
114	'Take-Plant' 387.067 1.98201 -294.098
115	'Mix-Potion' 367.369 6.15912 -263.916
116	'Take-potion' 369.979 6.17945 -260.491
117	'Test-Potion' 382.899 6.27028 -246.372
118	'Kill-mob' 388.068 6.97607 -237.087
119	'Trap' -188.907 57.8931 -18.2339
120	'Torch' -200.135 58.3765 -26.2979
121	'Trap' -182.299 58.4536 -37.4152
122	'Flag' -44.9364 61.4742 333.57
123	'Flag' -157.121 62.4706 308.59
124	'Flag' -170.263 60.2903 350.665
125	'Effigy' 487.131 8.74775 345.527
126	'Flag' -120.137 55.09 381.174
127	'Flag' -130.679 52.5275 437.894
128	'Flag' -103.248 56.5652 193.222
129	'Effigy' 466.976 13.2151 362.022
130	'Flag' -174.397 60.736 223.941
131	'Flag' -148.784 71.3106 240.705
132	'Flag' -96.211 59.8485 214.32
133	'Effigy' 452.149 30.8987 405.813
134	'Torch' -74.6289 44.3818 4.74112
135	'Trap' -90.6463 45.552 6.75357
136	'Corpse' -437.409 0.958726 -872.096
137	'Corpse&Kill' -493.747 3.5986 -873.011
138	'Corpse&Kill' -503.729 1.29705 -948.381
139	'Corpse&Kill' -397.607 1.84894 -934.684
140	'Corpse&Kill' -363.383 -0.877352 -844.104
141	'Corpse&Kill-Heart-.completed' -321.887 0.287906 -913.352
142	'Take' 375.347 11.2646 -223.579
143	'Mix' 367.605 6.14037 -263.175
144	'Take-potion' 368.929 6.58342 -259.573
145	'Test-Heart-completed' 407.699 1.44735 -312.555
146	'Take-Artifact' -538.396 29.4236 -517.055
147	'Put-in-Crate' -520.153 25.6813 -536.38
148	'Take-Axe&Put-in-Crate' -569.99 40.6715 -489.106
149	'Take-Axe' -539.945 23.496 -550.523
150	'Put-in-Crate' -520.934 25.5504 -536.365
151	'Take-Axe' -538.936 23.4956 -550.13
152	'Put-in-Crate' -520.595 25.6455 -536.11
153	'Take-Bone' -536.132 15.3899 -594.781
154	'Put-in-Crate' -520.593 25.5573 -536.658
155	'Axe' -539.664 23.497 -551.104
156	'Put-Crate' -520.806 25.6048 -536.231
157	'Axe' -502.614 26.9433 -640.953
158	'Crate' -492.567 26.3319 -641.654
159	'Axe' -465.293 27.1032 -637.011
160	'Crate' -493.285 26.3318 -641.392
161	'Bone' -514.549 22.4606 -648.945
162	'Crate' -528.306 14.4279 -609.088
163	'Hammer' -473.251 8.54744 -579.036
164	'Crate' -528.548 14.5234 -609.425
165	'Axe' -502.822 26.8272 -640.34
166	'Crate' -493.505 26.3007 -641.206
167	'Bone' -536.373 15.5504 -594.544
168	'Crate' -529.372 14.5097 -608.949
169	'hammer' -540.076 23.4995 -550.593
170	'Crate' -520.822 25.5252 -536.737
171	'keg' -540.539 29.3489 -515.103
172	'Crate' -521.136 25.6226 -535.675
173	'Axe' -538.935 23.4956 -551.887
174	'Crate' -521.66 25.7192 -536.575
175	'Axe&Crate' -569.765 40.6749 -489.565
176	'Hammer' -503.293 26.8706 -640.463
177	'Crate-Heart-completed' -494.694 26.4992 -642.089
178	'Hole' 616.746 2.20662 667.937
179	'hole' 633.496 5.1098 704.376
180	'Trap' -54.8161 43.4448 25.0825
181	'Trap' -135.754 47.8747 -7.70192
182	'Torch' -144.546 49.275 -1.66643
183	'Food' 417.717 7.05474 263.154
184	'Food' 398.948 6.44519 275.041
185	'Food' 381.673 7.07313 297.87
186	'Cage' 394.673 6.20793 255.639
187	'Food' 357.807 6.71655 299.338
188	'Cage' 389.575 5.83063 249.128
189	'Food' 394.672 6.50862 260.449
190	'Food' 388.045 6.53327 243.582
191	'Metal-Bar' -93.5793 54.851 189.666
192	'Put-metal' -109.905 57.7353 192.987
193	'Raise-Flag' -104.465 56.7611 191.792
194	'Bar' -77.5608 54.1826 189.011
195	'Barrel' -111.201 57.9669 192.722
196	'Bar' -117.198 60.3228 182.559
197	'Barrel' -120.668 61.333 176.719
198	'Flagf' -96.8531 59.9056 214.666
199	'BBar' -77.1084 57.2615 212.382
200	'Barrel' -120.668 61.333 176.719
201	'Bar' -61.5955 60.3664 299.398
202	'Put-in-Barrel-Heart-completed' -121.888 61.4883 177.673
203	'Food' 428.752 10.487 229.595
204	'Food' 416.068 10.4698 225.34
205	'Food' 354.551 2.26222 214.126
206	'Kill-Dredge' 647.509 11.1273 711.862
207	'Hole' 659.137 25.9349 741.212
208	'Ore' 658.909 28.7197 776.5
209	'Kill-Dredge' 678.953 29.5417 750.796
210	'Ore' 718.486 34.3813 759.471
211	'Food' 337.174 1.17631 212.604
212	'Food' 317.983 1.6128 224.766
213	'Kill-Dredge' 707.378 32.8246 753.532
214	'Kill-Dredge' 720.671 39.6196 771.903
215	'Ore' 748.16 40.0243 796.567
216	'hole' 459.687 23.3885 1017.76
217	'Food' 304.28 0.908836 214.392
218	'Kill-Dredge' 497.321 22.4697 999.888
219	'Hole' 502.258 23.3537 988.719
220	'Hole-Heart-completed' 490.967 21.6097 1030.77
221	'Food' 421.229 11.9455 314.563
222	'Effigy-Heart-completed' 455.678 30.573 407.128
223	'Torch' -42.18 69 -135.25
224	'Torch' -108.789 62.1168 -74.8366
225	'Trap' -105.946 62.7539 -85.8072
226	'Torch-Heart-completed' -87.3709 69.3245 -118.89
227	'Next-ports-will-be-if-the-heart-is-not-full-yet' -613.538 40.0685 977.817
228	'Take-Artifact' -538.396 29.4236 -517.055
229	'Put-in-Crate' -520.153 25.6813 -536.38
230	'Take-Axe&Put-in-Crate' -569.99 40.6715 -489.106
231	'Take-Axe' -539.945 23.496 -550.523
232	'Put-in-Crate' -520.934 25.5504 -536.365
233	'Take-Axe' -538.936 23.4956 -550.13
234	'Put-in-Crate' -520.595 25.6455 -536.11
235	'Take-Bone' -536.132 15.3899 -594.781
236	'Put-in-Crate' -520.593 25.5573 -536.658
237	'Axe' -539.664 23.497 -551.104
238	'Put-Crate' -520.806 25.6048 -536.231
239	'Axe' -502.614 26.9433 -640.953
240	'Crate' -492.567 26.3319 -641.654
241	'Axe' -465.293 27.1032 -637.011
242	'Crate' -493.285 26.3318 -641.392
243	'Bone' -514.549 22.4606 -648.945
244	'Crate' -528.306 14.4279 -609.088
245	'Hammer' -473.251 8.54744 -579.036
246	'Crate' -528.548 14.5234 -609.425
247	'Axe' -502.822 26.8272 -640.34
248	'Crate' -493.505 26.3007 -641.206
249	'Bone' -536.373 15.5504 -594.544
250	'Crate' -529.372 14.5097 -608.949
251	'hammer' -540.076 23.4995 -550.593
252	'Crate' -520.822 25.5252 -536.737
253	'keg' -540.539 29.3489 -515.103
254	'Crate' -521.136 25.6226 -535.675
255	'Axe' -538.935 23.4956 -551.887
256	'Crate' -521.66 25.7192 -536.575
257	'Axe&Crate' -569.765 40.6749 -489.565
258	'Hammer' -503.293 26.8706 -640.463
259	'Crate-Heart-completed' -494.694 26.4992 -642.089
260	'Take-bucket' -613.538 40.0685 977.817
261	'Wake' -612.744 40.3198 985.123
262	'Wake' -626.308 41.0096 940.829
263	'Wake' -612.665 59.5646 871.062
264	'Wake' -601.985 59.5566 899.109
265	'Wake' -574.56 59.5677 883.147
266	'Wake' -551.348 59.5632 853.887
267	'Wake' -447.318 51.5232 935.339
