1	'WP1' -682.609 47.6885 1122.33
2	'WP2' 241.03 59.2385 1078.13
3	'WP3' -202.316 14.1523 773.257
4	'WP4' 163.844 72.8012 590.177
5	'WP5' 735.756 31.6506 674.654
6	'WP6' 431.31 8.7684 243.777
7	'WP7' 10.2259 55.7096 15.7892
8	'WP8' -526.281 11.2214 206.162
9	'WP9' -487.301 13.8634 -227.524
10	'WP10' -314.833 14.4051 -397.13
11	'WP11' -469.833 26.5019 -636.663
12	'WP12' -441.936 2.31501 -999.757
13	'WP13' -120.547 14.7047 -861.258
14	'WP14' 422.491 -45.2291 -955.019
15	'WP15' 660.735 4.41596 -639.24
16	'WP16' 659.671 15.045 -281.443
17	'WP17' 258.411 16.9208 -194.344
18	'WP18' 76.0859 2.19153 -537.122
19	'WP19' -468.426 30.5481 472.093
