1	'SS_Egg_1' -424.344 148.341 -879.395
2	'SS_Egg_2' -1049.54 185.386 -285.643
3	'SS_Egg_3' -1053.55 290.769 -14.0979
4	'SS_Egg_4' -1093.43 29.7557 307.259
5	'SS_Egg_5' -644.868 339.987 394.938
6	'SS_Egg_6' -1112.79 239.834 658.638
7	'SS_Egg_7' -671.095 4.2698 986.716
8	'SS_Egg_8' 4.13536 358.773 418.087
9	'SS_Egg_9' -38.4547 264.384 760.863
10	'SS_Egg_10' 386.278 256.603 530.332
11	'SS_Egg_11' 355.579 360.05 38.1309
12	'SS_Egg_12' 490.858 352.884 62.4004
13	'SS_Egg_13' 1019.56 25.1701 109.396
14	'SS_Egg_14' 870.834 361.632 -167.589
15	'SS_Egg_15' 1307.4 510.01 134.519
16	'SS_Egg_16' 1318.4 396.39 -31.9064
17	'SS_Egg_17' 868.381 285.396 -496.361
18	'SS_Egg_18' 939.38 254.655 -501.788
19	'SS_Egg_19' 719.462 360.337 -411.236
20	'SS_Egg_20' 434.324 321.707 -767.71
21	'SS_Egg_21' -653.496 313.062 -533.269
