1	'SS_Sick_1' -433.032 145.149 -881.313
2	'SS_Sick_2' -707.581 200.094 -744.152
3	'SS_Sick_3' -1007.09 192.412 -243.314
4	'SS_Sick_4' -463.581 300.256 -194.268
5	'SS_Sick_5' -1061.54 27.3529 274.717
6	'SS_Sick_6' -623.821 339.842 391.424
7	'SS_Sick_7' -568.621 216.178 866.092
8	'SS_Sick_8' -6.74339 377.194 434.805
9	'SS_Sick_9' 537.832 147.843 566.629
10	'SS_Sick_10' 485.388 326.823 86.2986
11	'SS_Sick_11' 1040.61 0.878332 42.6113
12	'SS_Sick_12' 1205.72 389.164 -31.0874
13	'SS_Sick_13' 1065.9 210.568 -478.406
14	'SS_Sick_14' 701.61 330.501 -400.16
