1	'SS_Mount_1' -731.458 182.455 -928.689
2	'SS_Mount_2' -966.658 199.014 -606.174
3	'SS_Mount_3' -914.98 240.197 -389.167
4	'SS_Mount_4' -633.799 238.636 -283.498
5	'SS_Mount_5' -567.084 223.456 -561.809
6	'SS_Mount_6' -315.888 239.632 -534.374
7	'SS_Mount_7' -296.039 294.313 -218.262
8	'SS_Mount_8' -959.991 262.292 -52.2853
9	'SS_Mount_9' -781.603 346.8 348.296
10	'SS_Mount_10' -1041.2 289.216 495.063
11	'SS_Mount_11' -713.212 126.444 878.538
12	'SS_Mount_12' -309.536 296.287 314.93
13	'SS_Mount_13' -176.394 217.125 560.98
14	'SS_Mount_14' -161.601 263.944 953.143
15	'SS_Mount_15' 475.766 182.974 603.518
16	'SS_Mount_16' 470.354 279.613 -7.18377
17	'SS_Mount_17' 312.772 294.094 -279.448
18	'SS_Mount_18' 637.998 203.587 -843.231
19	'SS_Mount_19' 1211.64 109.368 -629.634
20	'SS_Mount_20' 934.221 194.211 -446.476
21	'SS_Mount_21' 1236.74 470.237 -147.635
22	'SS_Mount_22' 1054.96 302.122 -146.637
23	'SS_Mount_23' 1283.73 511.881 127.952
24	'SS_Mount_24' 756.758 274.868 206.29
25	'SS_Mount_25' 664.749 285.908 65.4834
