1	'SS_Scale_1' -429.832 138.409 -889.558
2	'SS_Scale_2' -979.216 29.9386 -967.266
3	'SS_Scale_3' 917.496 8.57615 423.23
4	'SS_Scale_4' -36.0376 64.5692 976.17
5	'SS_Scale_5' 967.087 245.436 828.839
6	'SS_Scale_6' 522.954 359.419 -386.603
7	'SS_Scale_7' 944.498 95.9015 -989.582
8	'SS_Scale_8' 1191.92 463.678 -227.097
9	'SS_Scale_9' 1062.21 238.228 -330.437
10	'SS_Scale_10' -229.129 134.449 -220.853
11	'SS_Scale_11' -495.231 222.771 -77.548
12	'SS_Scale_12' -531.37 205.525 -65.5511
13	'SS_Scale_13' -1211.71 99.8501 -202.263
14	'SS_Scale_14' -529.056 342.275 338.846
15	'SS_Scale_15' -595.751 182.833 651.74
16	'SS_Scale_16' -1192.68 5.04307 523.87
17	'SS_Scale_17' 514.678 121.308 862.033
18	'SS_Scale_18' 347.668 0.689155 277.556
19	'SS_Scale_19' 430.79 -0.500738 -684.706
20	'SS_Scale_20' 60.958 -0.500692 -698.041
21	'SS_Scale_21' 106.404 206.202 387.221

