1	'Child1' -178.817 98.1839 -52.1033
2	'Child2' -320.166 74.8665 -161.666
3	'Child3' -230.626 81.7134 -225.993
4	'Child4' -388.521 79.0415 -194.734
5	'Child5' -439.146 74.7097 -192.226
6	'Child6' -305.242 76.8806 36.0016
7	'Child7' -433.043 78.9782 14.9586
8	'Child8' -254.089 73.3718 -351.87
9	'Child9' -97.041 98.5871 -301.72
10	'Child10' 20.5726 98.3775 -349.356
11	'Child11' 45.6637 170.683 -313.088
12	'Child12' 122.898 123.404 -583.477
13	'Child13' 209.768 66.6269 -568.164
14	'Child14' 338.656 67.8073 -487.12
15	'Child15' 182.592 98.3013 -345.654
16	'Child16' 326.389 89.7255 -324.386
17	'Child17' 460.435 71.9959 -348.386
18	'Child18' 421.002 68.5792 -84.475
19	'Child19' 541.263 68.8768 -160.311
20	'Child20' 630.923 68.8878 -57.4484
21	'Child21' 595.981 81.9243 93.1313
22	'Child22' 418.365 71.2482 2.8976
23	'Child23' 234.969 98.452 143.151
24	'Child24' -72.3731 98.3474 138.219
25	'Child25' -41.836 88.6344 295.732
26	'Child26' 4.32629 75.9169 414.988
27	'Child27' -142.502 65.1564 407.272
28	'Child28' -240.217 69.5862 228.023
29	'Child29' 181.521 171.159 -87.103
30	'Child30' -2.91175 173.345 -41.5867
