1	'Wayfarer_Foothills_-_Chase_the_Spirit_through_the_Rookery'	-623.1050371864011	127.37435488760586	57.66164392485922
2	'Caledon_Forest_-_Chase_the_Spirit_beyond_the_Tears'	-620.5767858578591	7.147925986268467	818.0532811654537
3	'Fireheart_Rise_-_Chase_the_Spirit_beyond_Seclusion'	1200.4934880489322	87.65670385104465	-42.293869551664535
4	'Plains_of_Ashford_-_Chase_the_Spirit_in_the_Abbey'	-71.04953551262093	22.592834108087672	16.436338810082965
5	'Iron_Marches_-_Chase_the_Spirit_from_Bria'	592.6103407433717	2.4264065865847595	-846.1217337223302
6	'Urban_Battlegrounds_Fractal_-_Chase_the_Spirit_from_Ascalon_Past'	99.54998763810461	26.643808517608385	1023.1117076444438
7	'Chase_the_Spirit_in_Jade'	993.3723039250343	723.3468126303052	1026.6776004504254
8	'Cliffside_Fractal_-_Chase_the_Spirit_from_the_Cliffside'	115.636056924806	876.3083712766653	11.885912032581434
9	'Solid_Ocean_Fractal_-_Chase_the_Spirit_in_Jade'	995.1435206627833	727.4108989400452	1020.8476128779006
10	'Lornars_Pass_-_Chase_the_Spirit_from_Grenth'	576.4200570980829	152.37836329857237	-84.16578071556089
11	'Gendarran_Fields_-_Chase_the_Spirit_the_Settlement'	-594.7661188430081	22.487465855524086	-145.2748726520941
12	'Mount_Maelstrom_-_Chase_the_Spirit_from_Gwaun'	-315.6407495881895	28.449813499681632	671.6250164268738
13	'Queensdale_-_Chase_the_Spirit_through_the_Ages'	550.3588971053267	2.303392632836635	-357.6240181050171
14	'Metrica_Province_-_Chase_the_Spirit_through_the_Reactor'	-396.07164548228656	29.332980283650873	1087.0058180086285
15	'Diessa_Plateau_-_Chase_the_Spirit_through_the_Abbey'	854.1885639512583	30.1116104688963	285.24441938582817
16	'Plains_of_Ashford_-_Chase_the_Spirit_from_the_Stones'	-1336.969730439443	48.61397805484327	-398.7688858049125
17	'Plains_of_Ashford_-_Chase_the_Spirit_from_the_Heart'	991.1162797932944	49.10857937912612	640.3504338244343
18	'Plains_of_Ashford_-_Chase_the_Spirit_through_Lament'	1498.458029402695	60.70252822425429	735.60359017705
19	'Diessa_Plateau_-_Chase_the_Spirit_from_the_Wall'	455.9331789304173	75.61392134731206	-692.1268556079224
20	'Diessa_Plateau_-_Chase_the_Spirit_from_the_Ruins'	-338.2940023732709	63.15224472321249	310.55670471861197
21	'Diessa_Plateau_-_Chase_the_Spirit_from_the_Aqueduct'	-304.3308054296836	10.091661556444201	57.45252991322656
22	'Blazeridge_Steppes_-_Chase_the_Spirit_from_Serenity'	-270.4684955555704	8.611277664647167	-37.797555945090586
23	'Snowden_Drifts_-_Chase_the_Spirit_from_the_Lodge'	1313.8905541202912	136.3075150151751	-625.7495583126647
24	'Lions_Arch_-_Chase_the_Spirit_from_the_Memorial'	-698.737554798404	7.530043744369365	166.40603729292843
25	'Auric_Basin_-_Chase_the_Spirit_through_the_Rest'	-394.364807210359	342.2145986640265	-953.4156217699958
26	'Tangled_Depths_-_Chase_the_Spirit_among_the_Ley_Lines'	414.4232628842894	154.03604014784764	-449.4348337650626
27	'Auric_Basin_-_Chase_the_Spirit_beyond_the_Masks'	-245.10696678473838	58.023240931146134	272.8084063677535
28	'Auric_Basin_-_Chase_the_Spirit_from_the_Trees'	134.30478940126414	308.08651597518895	-825.8201289122628
29	'Verdant_Brink_-_Chase_the_Spirit_from_the_Crevasse'	723.5685335811215	7.573944003832517	-58.548906162746675
30	'Silverwastes_-_Chase_the_Spirit_from_the_Labyrinth'	-315.8616327454064	460.2372044977815	-460.8989685881132
