1	'Wayfarer_Foothills_-_Guide_to_Raising_a_Raven'	13.565616292055202	119.77801345398323	-817.948861473668
2	'Wayfarer_Foothills_-_Raven_Egg'	-111.09893189050783	89.005974463035	-879.0370664204196
3	'Lornars_Pass_-_Blessed_by_Raven'	-373.74577963215046	143.48969283651425	1164.8645822090332
4	'Dredgehaunt_Cliffs_-_Consecrated_by_Raven'	722.5194912122831	115.02639357387616	97.95030905773916
5	'Queensdale_-_Chaos_Treatment'	320.75680766813736	-0.9269461579688897	-537.5169326929209
6	'Cursed_Shore_-_Artesian_Treatment'	480.1512344249032	-0.41077378241149265	657.0508103512881
7	'Tangled_Depths_-_Ley-Line_Treatment'	-589.135490920455	-7.221111524182293	-399.23676047881537
8	'Dragons_Stand_-_Forgotten_Treatment'	11.985040438801676	109.97579032339	956.0018857667764
9	'Southsun_Cove_-_Mineral_Treatment'	57.97624640245922	42.36342039096545	-147.5559180728691
10	'Lions_Arch_-_Incubation_Box/Warming_Stone'	-228.82890681018088	22.045321669436472	392.47209155648574
11	'Kessex_Hills_-_Spider_Silk_Insulation'	1528.1762769807483	56.19906164222262	-79.39837488389254
12	'Mount_Maelstrom_-_The_Hatching'	-393.4284042624894	16.552028698462408	-304.19372510739066
13	'Queensdale_-_Feed_Herring_to_Your_Raven_Chick'	-886.1074622438055	7.478058226387693	697.5080398996806
14	'Diessa_Plateau_-_Feed_Wurms_to_Your_Raven_Chick_-_Plains_Wurm'	-628.4587980227246	56.687559085108354	99.13654208323484
15	'Queensdale_-_Feed_Grubs_to_Your_Raven_Chick_-_Luminescent_Grub'	-1215.137589593703	23.982207220837406	-389.66035792128974
16	'Lions_Arch_-_Bird_House'	-228.82890681018088	22.045321669436472	392.47209155648574
17	'Harathi_Hinterlands_-_Nesting_Materials_(Harpy_Feathers)'	-623.8294704488487	36.79977827946428	784.0567683039076
18	'Auric_Basin_-_Flight_Lessons:_Riding_the_Ley_Lines'	-709.3273087512414	334.06088130092814	-529.7858476225504
19	'Verdant_Brink_-_Flight_Lessons:_High_Altitude'	480.7335710736197	1046.0890530265108	-146.7943744586394
20	'Tangled_Depths_-_Flight_Lessons:_Out_of_the_Tree'	-616.9303211773039	395.1930235872468	-72.60744846745413
21	'Dragons_Stand_-_Flight_Lessons:_Air_Combat'	-757.5855166113455	153.56433219372084	-297.9386132958369
22	'Black_Citadel_-_Feed_Fish_Steak_to_Your_Raven_Chick'	70.74937740248917	207.45707277063178	67.1769684386783
23	'Queensdale_-_Feed_Roe_to_Your_Raven_Chick'	889.5699797290333	6.272212136854491	818.0685382799752
24	'Auric_Basin_-_Feed_Mushroom_Caps_to_Your_Raven_Chick'	-528.7655843241362	412.42595932982135	576.2521222394928
25	'Caledon_Forest_-_Feed_Larva_to_Your_Raven_Chick'	-285.2332342254546	0.031278547414170806	-1163.3402133829538
26	'Hoelbrak_-_Prepare_Raven'	295.2320433136484	327.1873309825581	376.0286753523886
27	'Dredgehaunt_Cliffs_-_Primed_Raven'	-768.3548220747896	107.29755213489526	-768.9060263847807
28	'Snowden_Drifts_-_Ravens_Power'	-1072.5498802131322	110.33418734928853	581.9594426112641
29	'Wayfarer_Foothills_-_Bring_the_Ancient_Svanir_Relic_to_Rest'	-30.58915215259489	176.84397122133183	833.7778126475077
30	'Fireheart_Rise_-_Bring_the_Ancient_Grawl_Relic_to_Rest'	-1015.1469387009552	63.211097584626906	-613.9800981138085
31	'Lions_Arch_-_Volcanic_Fractal_-_Ancient_Grawl_Relic'	181.1251809994517	38.72670115195353	-291.5101196348599
32	'Lornars_Pass_-_Bring_the_Ancient_Dwarven_Texts_to_Rest'	-578.4823047950504	175.84000480964994	836.6593323245098
33	'Lions_Arch_-_Underground_Facility_Fractal_-_Ancient_Dwarven_Texts'	181.1251809994517	38.72670115195353	-291.5101196348599
34	'Urban_Battleground_Fractal_-_Bring_the_Red_Iris_Flower_to_Rest'	213.23639049853094	26.75971168796543	997.6647935331215
35	'Plains_of_Ashford_-_Bring_the_Red_Iris_Flower_to_Rest'	589.7906921485511	44.097601763663334	468.2259232090364
36	'Queensdale_-_Phantom_Residue'	322.0715752834462	-0.9269448465881189	-523.1671282577184
37	'Lornars_Pass_-_Bring_the_Phantom_Residue_to_Rest'	568.0772917028371	152.09399872413186	-75.84897501870716
38	'Lions_Arch_-_Cliffside_Fractal_-_Ancient_Cultists_Texts'	181.1251809994517	38.72670115195353	-291.5101196348599
39	'Auric_Basin_-_Bring_the_Ancient_Cultists_Texts_to_Rest'	-217.41245887396218	373.1027716283618	8.136553378047614
40	'Metrica_Province_-_Friend_of_the_Lake'	199.96543675678032	3.799606321103153	-808.002992630888
41	'Caledon_Forest_-_Friend_of_the_Pups'	154.43169870705754	4.63968804758128	-1097.3442829222774
42	'Caledon_Forest_-_Friend_of_the_Hounds'	209.52015958582666	1.2053102116647887	-1078.0952969572822
43	'Queensdale_-_Friend_of_Rabbits'	-518.5841406409136	39.725742494333716	499.4229691554618
44	'Queensdale_-_Friend_of_the_Moa_Ranch'	-1195.2223294546525	36.20845713957146	399.00192297209935
45	'Wayfarer_Foothills_-_Friend_of_Raven'	11.31601398096212	120.33819716891578	-815.5315852773283
46	'Snowden_Drifts_-_Friend_of_the_Owls'	1272.0726959390054	135.9488662041699	-477.5947679806106
47	'Wayfarer_Foothills_-_Friend_of_the_Drakes'	192.03406471557162	-0.7696339939589533	-1283.1741069412733
48	'Wayfarer_Foothills_-_Friend_of_Bear'	281.2667698023476	0.18142638495229235	-887.002134599093
49	'Queensdale_-_Friend_of_the_Moas'	445.73283990802884	46.86378925319437	261.6980535162291
50	'Plains_of_Ashford_-_Power_over_the_Siegemaster'	980.2604037613227	44.56397263649589	620.67919195794
51	'Plains_of_Ashford_-_Power_over_Barradin'	-681.3668466520681	0.5193823674410714	79.41318191353496
52	'Brisban_Wildlands_-_Power_over_the_Demagogue'	-1151.5542543129977	-0.6115242720090622	-373.21010652991816
53	'Tangled_Depths_-_Embody_Ley-Line_Energy'	-548.7311506327683	87.92509151593798	-503.9022748936208
54	'Wayfarer_Foothills_-_Tamed_Spirit'	-49.40803809023976	147.20408778119318	-766.7790625635574
55	'Hoelbrak_-_Bow_to_Raven'	335.5951130059172	317.48792773406205	434.2168079708799
56	'Snowden_Drifts_-_Combine_Raven_and_Spirit'	-1105.9435307294855	100.96172324794354	619.7771913474247
