1	'Mount_Maelstrom_-_Dierdres_Garden_(Cluster_of_Light)'	1285.5349688056654	128.75399230953127	610.2341713564723
2	'Mount_Maelstrom_-_Dierdres_Garden_(Cluster_of_Waves)'	1379.959160701158	54.30791132962757	413.25322747595055
3	'Mount_Maelstrom_-_Dierdres_Garden_(Cluster_of_Earth)'	1317.6604642800871	23.94411900093897	619.9533805059198
4	'Mount_Maelstrom_-_Dierdres_Garden_(Cluster_of_Sky)'	1322.9802196110015	141.49596679709336	845.0136400088576
5	'Mount_Maelstrom_-_Dierdres_Garden_(Sylvan_Chest)'	1298.80480836344	78.1277820098669	625.92446587354
6	'Lions_Arch_-_Protector_of_the_Swamplands_(Swamplands_Fractal)'	181.1251809994517	38.72670115195353	-291.5101196348599
7	'Brisban_Wildlands_-_Terebinth_Protector'	1096.1816917835629	95.92660096664207	66.75964821372467
8	'Iron_Marches_-_Natural_Protector'	-270.91948059768237	8.898244018533573	-1272.8662783135835
9	'Metrica_Province_-_Thaumanova_Containment'	-440.40981833914645	26.61768009031635	1081.1296318933323
10	'Sparkfly_Fen_-_Protector_of_the_Fen'	-693.4496681817147	0.36318618846492057	-1113.8246518577303
11	'Queensdale_-_Protector_of_the_Weald'	-73.69187622757933	9.492289015499237	-234.54035915360316
12	'Caledon_Forest_-_Garden_Protector'	-562.0986110220493	39.78672789931054	-1095.2191499547969
13	'Bloodtide_Coast_-_Oasis_Protector'	767.228733120985	1.2936846385020742	-976.2633338514231
14	'Caledon_Forest_-_Swamp_Protector'	-447.21830661332615	0.14055319465757943	1024.0791307620275
15	'Tangled_Depths_-_Protector_of_the_Great_Tree'	-235.01778669226712	277.78324744544744	-204.2885524802316
16	'Auric_Basin_-_Protector_of_the_Exalted'	688.8477525861667	291.5556791899413	442.2231008730063
17	'Verdant_Brink_-_Protector_of_Verdance'	-265.65033669223294	668.3355815670561	194.06524826699138
18	'Dragons_Stand_-_Protector_of_All'	-432.15072358155203	100.79293566769492	212.47353670761896
