1	'Cursed_Shore_-_Orrian_Celestial_Codex'	-130.53547449043933	111.85496939859875	-1152.4365028905097
2	'Lornars_Pass_-_Rising_Stars'	-604.5303998359977	175.84000480964994	814.0222294519383
3	'Divinitys_Reach_-_Ponder_the_World_(/ponder)'	83.43472062615908	188.78928236905665	-274.8892021604344
4	'Tangled_Depths_-_Mini_Holographic_Zinn_(Zinns_Print-o-Matic)'	448.4450384318982	118.93897391756668	-62.30094339444796
5	'Metrica_Province_-_Oolas_Study_on_Ancient_Magic'	725.9572829709568	54.68245693673865	-467.6263491225521
6	'Auric_Basin_-_Timeworn_Forgotten_Parchment'	-75.64237737703617	-0.48393055936075274	59.07146996366697
7	'Auric_Basin_-_Timeworn_Forgotten_Tablet'	-247.2208485143788	1.1297742025485487	332.81576680756797
8	'Dredgehaunt_Cliffs_-_Dwarven_Runestones_Vol._1_(dungeon_entrance)'	691.6598308350793	53.969023834633774	1179.5996593001344
9	'Dredgehaunt_Cliffs_-_Dwarven_Runestones_Vol._1_(once_boss_killed)'	-707.6389995114196	10.923884774060303	737.5428914896579
10	'Dredgehaunt_Cliffs_-_Dwarven_Runestones_Vol._2'	-394.1915439709501	134.68926923970807	-553.8196477868846
11	'Dry_Top_-_Omadds_Lost_Notes'	-623.2709132334321	34.41715488180549	-817.9522790673208
12	'Dredgehaunt_Cliffs_-_Leaning_Grade_Runestone_Rubbing'	-538.6407953051477	99.29377661822443	29.346239712336764
13	'Dredgehaunt_Cliffs_-_Ghost_Stones_Runestone_Rubbing'	-513.0200585009383	84.09251779762062	502.0601919147444
14	'Dredgehaunt_Cliffs_-_Heimdahls_Stand_Runestone_Rubbing'	-545.113990517018	123.01444396610653	-402.19688480983257
15	'Cursed_Shore_-_Azabe_Qabar_Gravestone_Rubbing'	362.67576659800017	5.366555888008462	-80.28533960804606
16	'Wayfarer_Foothills_-_Pouch_of_Jotun_Runestones'	-131.21759928744984	114.0801698801813	252.12586192231146
17	'Dry_Top_-_Primeval_Runescroll'	-650.4806900641867	104.39894093852182	-402.78025584067933
18	'Lions_Arch_-_Mists_Knowledge_Crystal'	181.6939642869616	39.154991434738605	-286.82371382418506
19	'Snowden_Drifts_-_Ancient_Royal_Runescroll'	1507.191278123966	33.918246506217535	188.46838940435626
20	'Lornars_Pass_-_Deliver_Notes_to_Ogden_Stonehealer'	-633.4364836107187	198.19064834880214	784.8444015839692
