1	'Iron_Marches_-_Ultrahot_Sphere'	2.706713695695929	25.018035893395894	-1262.4460352660988
2	'Auric_Basin_-_Sheet_of_Aurillium'	-15.935249986118453	87.73641291219909	-19.317713544496897
3	'Verdant_Brink_-_Wyverns_Liquid_Fire'	209.995534573021	818.4061588687854	-42.95002464733571
4	'Metrica_Province_-_Thaumanova_Flames_Siphon'	-360.61828089281346	22.894524168374005	851.8617043191776
5	'Metrica_Province_-_Elemental_Flames'	-452.6499382255166	26.617674367927506	1077.0778305040678
6	'Mount_Maelstrom_-_Destroyers_Heat'	-380.7565304546605	12.180120788829317	-326.6481698049099
7	'Fireheart_Rise_-_Flame_Effigy_Embers'	823.1868374859275	55.99775944877462	678.1177730542156
8	'Lions_Arch_-_Fire_Imbued_Heart_(Volcanic_Fractal)'	181.1251809994517	38.72670115195353	-291.5101196348599
9	'Gendarran_Fields_-_Aetherblade_Gearbox_Mechanism'	-340.774603258401	86.7182702359781	-602.8946448731833
10	'Lornars_Pass_-_Steam_Cogs'	495.1723575112262	175.7321034463094	226.18249656157346
11	'Tangled_Depths_-_Charr_Helicopter_Gearbox'	992.3082429667335	338.6117521518382	-331.9967954142947
12	'Lornars_Pass_(Inside_Durmand_Priory_Library)_-_Technomancy_Blueprint'	-573.2705489956772	175.84360609967237	784.9202599573705
13	'Fireheart_Rise_(Inside__Vexas_Lab)_-_Elder_Dragons_and_Star_Navigation_Theories_Vol._III'	-334.09111726848283	6.438342144366338	-980.0145700846127
14	'Straits_of_Devastation_-_Ancient_Orrian_Compass'	-1133.3056912972254	69.93235224727604	-323.0906684119308
15	'Auric_Basin_-_Damaged_Airship_Compass'	388.22635560020785	363.8840185202191	-460.9948442957667
16	'Dry_Top_-_Wondrous_Compass'	293.7920597349597	1.2029372085564538	-190.16597225160044
17	'Verdant_Brink_-_Pact_Airship_Strut'	-481.9344171932808	728.9365640944707	392.58261409408004
18	'Divinitys_Reach_-_Divinitys_Reachs_Garden_Rings'	82.03409216223496	170.58599734156033	-139.68866325539506
19	'Blazeridge_Steppes_-_Tail_of_the_Star_God_Fragment'	167.8688795401035	14.877878045544989	-276.6577458473169
20	'Tangled_Depths_-_Ley-Line_Bezoar'	182.74120564608805	2.0954426926255407	-456.98808190856977
21	'Lions_Arch_-_Grandmaster_Craftsman_Hobbs'	-230.70496368107973	22.044476663355955	393.1160638462122
