1	'Sparkfly_Fen_-_Zhaitans_Magic'	-593.3461905758578	0.3746657176689945	-1048.8328836464057
2	'Frostgorge_Sound_-_Jormags_Magic'	614.6225256477421	57.23526799244118	441.38728562526995
3	'Blazeridge_Steppes_-_Kralkatorriks_Magic'	-317.3419101007174	15.93865156464405	1037.1642424603078
4	'Dragons_Stand_-_Mordremoths_Magic'	-903.2238922392821	222.74537293991375	-498.751900230345
5	'Tangled_Depths_-_Ley-Line_Hub_Energy'	-552.7129083756329	87.05108436898487	-502.2205441883817
6	'Tangled_Depths_-_Ley-Line_Stream_Energy'	300.78077108268945	195.4056303851707	-453.7928454427595
7	'Auric_Basin_-_Exalted_Energy'	220.55657921002765	321.6772656900066	112.80228616030465
8	'Dragons_Stand_-_Ley-Line_Font_Energy'	-1072.2598871239172	179.76783722697445	-260.70878221065044
9	'Lions_Arch_-_Whisper_of_Jade_Wind_(Solid_Ocean_Fractal)'	181.1251809994517	38.72670115195353	-291.5101196348599
10	'Queensdale_-_Memory_of_the_Ages'	540.1435089678718	-26.76243554503734	-414.39192696116913
11	'Plains_of_Ashford_-_Echo_of_the_Foefire'	875.6835232868224	39.69787446084471	622.1775626608745
12	'Auric_Basin_-_Tomb_of_the_Primeval_Kings_Fragment'	-216.59763934444453	373.0952638542472	8.5361877465594
13	'Durmand_Priory_-_Cartographers_Workbench'	-564.2942555400558	175.84215642784287	790.5044249007236
14	'Lions_Arch_-_Counterweighting_Mechanism'	-230.70496368107973	22.044476663355955	393.1160638462122
15	'Mount_Maelstrom_-_Weighted_Golem_Cube'	1097.0510605394413	11.805829828019222	50.84786235087061
16	'Dredgehaunt_Cliffs_-_Dredge_Cogs'	-633.1516798715212	28.766047964852174	-1011.1689876530804
17	'Straits_of_Devastation_-_Magnification_Lens'	-647.4095106214575	13.68757157968255	-891.9674709774513
18	'Cursed_Shore_-_Magnification_Lens'	585.1961026942042	109.41285986183016	-353.7537458643458
19	'Auric_Basin_-_Hollow_Saurian_Bone'	382.73092550839004	307.217445342314	-504.6152093409848
20	'Durmand_Priory_-_Cartographers_Workbench'	-564.2942555400558	175.84215642784287	790.5044249007236
21	'Malchors_Leap_-_Ancient_Charting_Device'	-296.9636073121457	140.17444595588964	-37.977071154551396
22	'Cursed_Shore_-_Ancient_Planetarium_Slide'	561.4535442892817	109.41285986183016	-352.71174597098053
23	'Lions_Arch_-_Finely_Tuned_Watchwork_Mechanism'	-230.70496368107973	22.044476663355955	393.1160638462122
24	'Southsun_Cove_-_Flawless_Ancient_Karka_Husk'	110.1385510929968	50.127172216597565	41.94131959213478
25	'Kessex_Hills_-_Incomplete_Star_Charts'	1167.064305747753	92.56195079598413	-735.1701050392631
26	'Lornars_Pass_-_Ogdens_Notes'	-578.2187468653364	175.84000480964994	836.9519027525754
27	'Lions_Arch_-_Star_Charters_Bag'	-230.70496368107973	22.044476663355955	393.1160638462122
28	'Caledon_Forest_-_Krait_Oil'	486.36529791735296	-1.3518495018800818	-61.44706753741507
29	'Lions_Arch_-_Swamp-Cured_Leather_(Swampland_Fractal)'	181.1251809994517	38.72670115195353	-291.5101196348599
30	'Lornars_Pass_-_Soft_Fur'	-120.73079288128535	65.18383008697798	1200.9995322419227
31	'Straits_of_Devastation_-_Tuning_Instruments'	563.6160990695292	-112.91351213979381	14.345850935401968
32	'Lions_Arch_-_Watchwork_Pivots_(Aetherblade_Fractal)'	181.1251809994517	38.72670115195353	-291.5101196348599
33	'Straits_of_Devastation_-_Star_Chart:_Eye_of_Grenth'	223.81965776384487	95.65190341435694	-386.1950095000209
34	'Mount_Maelstrom_-_Star_Chart:_Gnarl_of_Melandru'	1331.4532682172758	110.05880311034814	646.4194698672829
35	'Auric_Basin_-_Star_Chart:_Hounds_of_Balthazar'	-401.92117239883015	344.7367529754418	-960.5291598729913
36	'Divinitys_Reach_-_Star_Chart:_Kormirs_Scales_of_Order'	-191.0316654457143	69.14966679583098	330.47163321826037
37	'Urban_Battleground_Fractal_-_Star_Chart:_Cauldron'	207.10402874325175	25.56044777615733	992.6268332896407
38	'Diessa_Plateau_-_Star_Chart:_Unnamed_Soldier'	453.55196936091716	75.48374844673133	-692.5614392579548
39	'Blazeridge_Steppes_-_Star_Chart:_Siege_Devourer'	-339.1043041156989	31.847336886569764	-764.2285002147573
40	'Verdant_Brink_-_Star_Chart:_Claw_of_the_Khan-Ur'	192.42294544821058	931.612954879709	84.52406353587251
41	'Frostgorge_Sound_-_Star_Chart:_Great_Spirit_Bear'	928.3353401276532	155.98067572115588	937.4957992220656
42	'Lornars_Pass_-_Star_Chart:_Great_Spirit_Raven'	-456.9547482697511	130.01484056967882	-926.3695789714387
43	'Dredgehaunt_Cliffs_-_Star_Chart:_Great_Spirit_Wolf'	-713.6085225157059	81.892739982044	-1027.9402792482306
44	'Frostgorge_Sound_-_Star_Chart:_Great_Spirit_Snow_Leopard'	-204.03504714288286	65.1660906816775	463.7997427436258
