1	'Beacon' -1054.13 100.496 66.7873
2	'Beacon' -1000.31 104.382 105.004
3	'Beacon' -1032.65 76.4534 182.394
4	'Beacon' -1046.72 55.7625 229.383
5	'Beacon' -1013.55 24.9686 328.235
6	'Kodan-Flags' -998.624 15.2611 350.661
7	'Kodan-Flags' -1010.5 5.39681 407.752
8	'Kodan-FLags' -1008.87 5.70574 456.539
9	'Kodan-Flags' -992.919 7.57675 472.551
10	'Kodan-Flags' -1017.21 5.64609 430.371
11	'Kill-Ice-Shark' -912.052 -63.6394 384.057
12	'Kill-Ice-Shark' -894.508 -48.175 417.743
13	'Kill-Ice-Shark' -911.335 -52.8235 342.816
14	'Kill-Ice-Shark-Heart.completed-ifnot.kill-more' -965.606 -50.4186 327.898
15	'talk&fight' 945.675 5.4663 -844.135
16	'Talk&Fight' 967.772 4.25446 -823.084
17	'Talk&Fight' 988.605 4.49369 -813.672
18	'Talk&Fight' 1000.66 5.27642 -793.261
19	'Talk&Fight' 1016.59 6.11649 -789.789
20	'Talk&Fight' 1030.54 7.72227 -791.273
21	'Talk&fight' 1035.3 6.32251 -770.427
22	'Talk&Fight' 1043.59 6.19974 -771.336
23	'Talk&Fight' 1056.99 5.96678 -762.641
24	'Talk&Fight' 975.576 0.880046 -725.473
25	'Talk&Fight' 968.295 0.895767 -723.211
26	'Tar-Bubble&Kill' 950.232 0.922339 -728.128
27	'Tar-Bubble&Kill' 958.27 1.3103 -716.413
28	'Tar-Bubble&Kill' 992.088 2.1141 -723.284
29	'Tar-Bubble&Kill-Heart-completed' 1001.02 3.55347 -735.021
30	'Power-Source' 550.201 4.62028 -899.711
31	'Power-Source' 545.792 10.9152 -924.409
32	'Power-Source' 499.913 5.02321 -915.656
33	'Power-Source' 494.979 1.43418 -885.622
34	'Power-Source' 465.902 4.88138 -936.413
35	'Power-Source' 412.77 3.78222 -943.135
36	'Power-Source' 408.758 4.80813 -936.633
37	'Power-Source' 397.143 1.63947 -877.31
38	'Power-Source' 338.889 3.12338 -892.323
39	'Leak' 304.995 6.23796 -863.559
40	'Leak' 306.356 3.38762 -851.711
41	'Leak' 244.928 29.7678 -854.976
42	'Leak' 242.917 15.9751 -777.009
43	'Leak"Click-on-it' 299.585 1.82118 -820.12
44	'For-the-rest-Kill3-Ember-Mobs-Heart-completed-after' 447.803 11.7949 -953.965
45	'Power-Source' -123.314 24.4224 -490.245
46	'Power-Source' -113.966 21.9294 -530.826
47	'Power-Source' -58.6435 21.0415 -525.566
48	'Power-Source' 12.0989 30.3529 -516.108
49	'Power-Source' 4.64212 20.578 -445.507
50	'Power-Source' 55.5437 27.3808 -461.565
51	'POwer-Source' 28.1878 20.6687 -408.033
52	'Power-Source' -39.409 26.7099 -370.965
53	'Power-Source' -84.2665 22.912 -414.377
54	'Power-Source' -59.398 20.1449 -446.044
55	'Kill-all-and-disable-flame-Heart-completed-if-not-kill-embers' -143.056 30.2312 -434.336
56	'Grub-Egg' -888.321 44.4463 -687.132
57	'Egg' -930.687 47.6266 -674.915
58	'Egg' -928.369 49.1588 -709.809
59	'Egg' -903.539 50.5013 -735.593
60	'Egg' -954.895 59.4023 -767.743
61	'Egg' -971.824 56.4767 -716.778
62	'Egg' -1088.3 73.0376 -681.322
63	'Egg' -1040.81 75.8086 -758.199
64	'Egg' -1064.28 75.5582 -810.604
65	'Egg' -1031.09 72.9615 -842.31
66	'Give-him-Eggs' -918.185 50.2638 -627.677
67	'Kill' -1074.67 75.3674 -828.511
68	'Kill' -1084.46 74.8007 -773.355
69	'Kill-until-Heart-is-full' -1152.53 76.095 -762.632
70	'Take-Truffle' -1030.53 73.6954 -909.992
71	'Take-Truffel' -1047.71 74.4166 -927.372
72	'Give-Truffel-to-eat' -866.422 61.7264 -854.607
73	'Take' -938.02 73.6849 -895.039
74	'GIve-him' -892.993 65.6374 -894.554
75	'Take' -976.426 73.574 -895.369
76	'Give' -866.033 61.726 -854.085
77	'Take' -1013.92 75.9652 -888.08
78	'GIve' -883.716 64.9382 -895.936
79	'Take' -984.129 74.922 -906.903
80	'GIve' -888.754 66.1904 -899.12
81	'Take' -975.793 81.4472 -928.047
82	'GIve' -892.564 65.6241 -894.747
83	'Take' -1009.61 76.709 -939.397
84	'GIve' -887.448 66.6615 -899.87
85	'Kill-all-Heart-completed' -1016.99 73.6312 -909.674
86	'Talk-and-get-grenades' -810.231 65.0326 813.937
87	'Test-Grenades-until-heart-is-full-no-more-coords-for-this-heart' -818.404 68.0499 837.934
88	'Signal' -358.739 12.6001 50.0959
89	'Boulder' -326.589 19.7945 67.0406
90	'BOulder' -315.863 26.4013 39.6456
91	'Cache' -289.992 27.2172 -50.2317
92	'Mine-Cache' -221.743 16.5567 -56.0876
93	'Cache' -174.303 19.3052 7.05731
94	'Cache' -211.327 33.8485 85.9899
95	'Signal' -210.199 33.2937 103.752
96	'Cache' -205.622 35.1429 174.61
97	'Cache' -217.996 30.172 218.169
98	'Signal' -179.308 16.6926 224.222
99	'Cache' -185.615 15.7313 282.842
100	'Signal' -217.818 13.1122 286.278
101	'Trap-Heart-completed' -245.81 11.2056 267.143
102	'Extra-Trap' -268.518 11.2054 241.296
103	'Tar' 1033.69 -1.3 -569.445
104	'Tar' 1020.07 -1.3 -540.539
105	'Tar' 1036.72 -1.3 -504.958
106	'Tar' 1093.57 -1.2985 -504.55
107	'Tar' 1080.27 -1.2985 -448.194
108	'Tar' 994.084 -1.2985 -446.635
109	'Tar' 958.981 -1.2985 -411.792
110	'Tar' 950.824 -1.2985 -467.501
111	'Tar' 929.731 -1.26975 -514.507
112	'Tar' 910.895 -1.26975 -492.616
113	'Tar' 896.746 -1.26975 -498.861
114	'Tar' 898.819 -1.26975 -469.418
115	'Tar-Heart-completed' 980.388 -1.29854 -539.236
116	'Berry-Bush&Take-berrys' -815.8 58.4295 -466.059
117	'Berrys&Take-berrys' -877.62 58.9947 -474.47
118	'Berry-Bush&Take-berrys' -847.202 59.4797 -419.353
119	'Bush&Take_Berrys' -788.438 60.1596 -368.12
120	'GIve-Him-Berrys' -855.118 55.581 -351.914
121	'Emblem' 714.518 42.5046 389.437
122	'Turret' 743.012 29.4176 474.404
123	'Emblem' 784.379 23.1037 499.407
124	'Turret' 799.012 25.189 492.498
125	'Turett' 765.752 24.3598 590.301
126	'Turret' 808.862 8.00594 582.037
127	'Emblem' 760.219 44.5626 618.68
128	'Turret' 768.156 45.2274 612.617
129	'Emblem' 832.81 55.3348 657.456
130	'Emblem-Heart-completed-ifnot-next-marker' 807.252 54.2728 680.467
131	'Kill-thjem-then-Heart-completed' 810.979 5.30756 570.301
132	'Source' 150.447 44.8494 781.224
133	'Source' 56.9452 30.3227 813.183
134	'Source' 11.6564 35.1008 872.77
135	'Source' 17.2978 36.817 734.952
136	'Source' 82.058 33.3351 580.78
137	'Source' 48.8134 28.7241 476.181
138	'Source' 154.736 25.351 513.28
139	'Source' 274.156 27.6488 512.694
140	'Source' 307.964 10.9498 430.349
141	'Source' 439.485 10.3907 378.761
142	'Source' 438.359 9.75134 365.615
143	'Source' 473.318 13.5093 442.145
144	'Source' 452.056 19.1055 536.762
145	'Source' 484.269 32.0623 576.212
146	'Source' 286.419 42.8589 731.344
147	'Source' 252.612 35.7197 705.107
148	'Source' 304.253 39.7284 799.441
149	'Kill-mobs-until-Heart-is-full' 46.8042 42.4144 657.085
150	'Berrys-again&pick&up' -817.834 58.445 -468.159
151	'Berrys-again' -877.64 58.9913 -474.103
