1	'PoI1' -890.152 68.3553 976.313
2	'PoI2' -1016.23 5.67972 441.129
3	'PoI3' -723.994 59.4748 -211.336
4	'PoI4' -938.592 33.0554 -454.262
5	'PoI5' -1059.11 82.4049 -630.994
6	'PoI6' -890.285 67.5318 -887.151
7	'PoI7' -645.154 56.4268 -526.116
8	'PoI8' -266.742 41.0348 375.861
9	'PoI9' -121.057 76.7445 335.866
10	'PoI10' -303.972 26.2595 48.7166
11	'PoI11' -150.927 30.2646 -427.348
12	'PoI12' 383.388 1.08898 -506.366
13	'PoI13' 722.396 10.4008 79.3923
14	'PoI14' 190.587 24.3708 165.429
15	'PoI15' 164.562 26.8361 -171.974
16	'PoI16' 812.489 54.371 674.304
