1	'WP1' -1063.11 101.448 47.4026
2	'WP2' -839.5 60.672 805.875
3	'WP3' -526.751 98.7002 996.62
4	'WP4' -199.128 78.5666 705.596
5	'WP5' -441.198 33.5761 47.961
6	'WP6' -258.274 26.4036 -359.383
7	'WP7' -808.879 54.485 -569.034
8	'WP8' -140.634 48.8654 -733.593
9	'WP9' 292.122 1.82118 -822.384
10	'WP10' 858.879 2.40645 -839.917
11	'WP11' 1128.61 8.88005 -691.808
12	'WP12' 545.919 7.85788 -523.931
13	'WP13' 996.726 21.7083 35.8959
14	'WP14' 1081.75 72.3785 816.344
15	'WP15' 538.864 23.2755 424.59
16	'WP16' 26.714 53.6802 276.563
17	'WP17' 257.238 33.6015 641.232
18	'WP18' 193.482 43.0075 894.097
