1 	'Supply' -163.635580709 187.406496063 -1366.35088583
2 	'Supply' -289.740403543 228.009350394 -1291.47391732
3 	'Supply' -262.306840551 283.617125984 -1050.15625
4 	'Supply' -91.6670767717 188.245570866 -1110.66067913
5 	'Supply' -184.949557087 220.091043307 -980.524114173
6 	'Supply' -242.885088583 220.516732283 -1164.61245079
7 	'Supply' -100.266732283 159.661663386 -955.050442913
8 	'Supply' -361.09128937 200.335875984 -1228.31938976
9 	'Supply' -420.642224409 191.029773622 -1264.82529528
10	'Supply' -512.816190945 188.844734252 -1133.59251969
11	'Supply' -586.653543307 181.774114173 -1091.90329724
12	'Supply' -562.689468504 187.364665354 -1190.28174213
13	'Supply' -633.761072835 186.611712598 -1190.96087598
14	'Supply' -410.105807087 187.034940945 -1356.92667323
15	'Supply' -52.0402312992 200.877214567 -1311.47883858
16	'Supply' -310.706200787 213.216043307 -1096.46284449
17	'Supply' -273.753690945 246.699064961 -959.467273622
18	'Supply' -448.574064961 160.901820866 -872.561515748
19	'Supply' -424.950787402 242.229330709 -777.085383858
20	'Supply' -653.467027559 261.459153543 -633.610974409
21	'Supply' -638.843503937 247.204724409 -786.785187008
22	'Supply' -591.056840551 169.307332677 -860.837844488
23	'Supply' -467.990895669 224.311023622 -1088.42519685
24	'Supply' -201.488681102 166.446850394 -694.195374016
25	'Supply' -377.374507874 138.031496063 -484.325787402
26	'Supply' -449.498031496 162.559055118 -452.575049213
27	'Supply' -415.047982283 177.066929134 -401.110974409
28	'Supply' -473.490403543 183.838582677 -350.898129921
29	'Supply' -531.649852362 112.953125 -329.104330709
30	'Supply' -375.836614173 102.21542815 -218.107775591
31	'Supply' -295.716043307 20.5714812992 -210.725885827
32	'Supply' -83.9179379921 21.4120324803 -344.431594488
33	'Supply' -52.6958661417 81.7768208661 -377.169045276
34	'Supply' 336.507135827 48.2599655512 -480.036909449
35	'Supply' 479.671505906 23.061761811 -445.308809055
36	'Supply' 451.782726378 71.9923720472 -582.989665354
37	'Supply' 346.354576772 165.169783465 -713.761072835
38	'Supply' 313.11515748 93.2821112205 -837.284694882
39	'Supply' 147.35113189 147.373277559 -1101.36195866
40	'Supply' 625.093503937 62.186761811 -1209.26058071
41	'Supply' 702.103838583 1.4405511811 -1239.2101378
42	'Supply' 229.22367126 187.565206693 -1470.15255906
43	'Supply' 448.75 27.9758858268 -1083.1496063
44	'Supply' 318.001968504 24.4491879921 -864.771161417
45	'Supply' 360.204232283 3.37321604331 -780.538877953
46	'Supply' 575.266978346 3.14496801181 -668.76230315
47	'Supply' 651.368110236 0.549345472441 -605.94242126
48	'Supply' 110.320250984 136.494832677 -913.064714567
49	'Supply' -139.953248031 186.942667323 -887.684547244
50	'Supply' -187.18011811 235.220226378 -833.866879921
51	'Supply' -317.287155512 187.899852362 -901.467765748
52	'Supply' -247.385580709 225.019685039 -761.060531496
53	'Supply' -548.852116142 196.849163386 -656.993110236
54	'Supply' -516.599409449 189.99753937 -785.052903543
55	'Supply' -483.89640748 173.492864173 -944.745324803
56	'Supply' -647.166584646 212.690698819 -1001.20201772
57	'Supply' -70.1034694882 199.014517717 -1427.48523622
58	'Supply' 506.747047244 86.5428149606 -556.801181102
59	'Supply' 430.418307087 48.7141978346 -460.393700787
60	'Supply' 413.59621063 4.36464074803 -367.246555118
61	'Supply' 510.399852362 3.27421259843 -362.848179134
62	'Supply' 513.251722441 1.52428641732 -295.804625984
63	'Supply' 572.349901575 6.78912401575 -163.097933071
64	'Supply' 674.451279528 2.1782234252 -149.402066929
65	'Supply' -142.96628937 32.6513287402 -312.650098425
66	'Supply' -193.58144685 33.468503937 -384.654281496
67	'Supply' -354.927411417 123.964074803 -430.120570866
68	'Supply' -482.33882874 125.32726378 -93.0198080709
69	'Supply' -571.198326772 122.953371063 -383.923474409
70	'Supply' -481.959891732 137.123523622 -494.457431102
71	'Supply' -629.606299213 209.403297244 -479.70226378
72	'Supply' 647.364665354 2.25579478346 -405.429379921
73	'Supply' 752.559055118 15.468257874 -316.576033465
74	'Supply' 434.291338583 18.1268454724 -707.188730315
75	'Supply' 512.080462598 13.9031742126 -818.612204724