1	'UnitedLegionsBaseCamp' -153.086 188.724 -1406
2	'PavillionoftheLegions' -113.795 209.267 -1466.06
3	'MistgateGraveyard' 441.474 139.151 -1459.17
4	'GriefshadowFalls' 692.018 -1.29554 -1422.47
5	'Griffon'sPillar' 698.624 59.5182 -1113.97
6	'PetrajCommons' 384.6 122.809 -1219.42
7	'GreattreeHamlet' 267.401 129.91 -1036.76
8	'RedsandStrand' 609.205 4.55571 -613.633
9	'SubmergedScrapyard' 733.031 -1.38374 -783.805
10	'PortCascadia' 484.525 14.3316 -817.868
11	'Dwayna'sLight' 632.531 53.6603 -349.436
12	'StoneRoot' 640.44 -0.422624 -144.01
13	'Wolf'sCrossingBridge' 118.51 24.7132 -298.081
14	'EvergreenPond' 138.1 -1.37976 -520.249
15	'IceshardTrail' -554.922 2.29871 66.3836
16	'OlafsonFarmstead' -667.177 181.325 -184.015
17	'LeadfootVilliage' -478.525 98.9008 -243.205
18	'VerdantFalls' -655.982 169.629 -735.226
19	'TroopQuarters' -284.347 149.074 -845.102
20	'Petraj'sRest' -53.1976 43.6621 -817.67
21	'VloxenShards' -390.085 196.628 -1155.33
22	'VloxenMine' -531.232 204.367 -1403.2
23	'PoI23' 43.9914 63.0582 209.859
24	'PoI24' 93.676 267.87 464.166
25	'PoI25' -545.501 10.6705 519.628
26	'PoI26' -555.154 99.21 862.066
27	'PoI27' -250.49 186.048 1035.23
28	'PoI28' -387.418 150.684 1223.55
29	'PoI29' -55.1464 186.547 911.936
30	'PoI30' 181.817 129.937 897.017
31	'PoI31' 330.222 262.194 1360.86
32	'PoI32' 212.211 145.744 1449.77
33	'PoI33' -20.0128 212.89 1304.83
34	'PoI34' 396.152 95.0913 793.512
35	'PoI35' 354.872 70.1353 459.367
36	'PoI36' 596.903 47.6078 381.99
37	'PoI37' 257.456 9.28335 208.695
