1 	'TWE' -82.578617126 80.4678887795 -799.303641732
2 	'TWE' 677.342519685 107.686515748 -1395.64468504
3 	'TWE' 695.548720472 56.9495570866 -1097.18626969
4 	'TWE' 680.642224409 28.8865649606 -112.995939961
5 	'TWE' 105.40132874 85.7265009843 -551.580954724
6 	'TWE' -272.765748031 52.1417322835 -210.209153543
7 	'TWE' -187.124753937 251.466535433 -800.577017717
8 	'TWE' -659.819143701 286.797490157 -1140.30634843
9 	'TWE' -240.975639764 323.075787402 -1034.23105315
10	'TWE' -41.6619094488 104.978838583 -407.881397638
11	'TWE' -576.040846457 156.348425197 -118.064591535
12	'TWE' -675.93996063 266.747047244 -747.395423228
13	'TWE' 346.635088583 140.522883858 -764.37253937
14	'TWE' 523.880413386 160.645915354 -586.948818898
15	'TWE' 309.095718504 74.360851378 -396.630167323
16	'TWE' -252.711614173 233.297244094 -1184.04527559
17	'TWE' 185.61515748 248.802903543 -1200.5671752
