1	'Bush' 1199.73 90.3793 666.006
2	'Bush2' 1220.49 91.8764 715.141
3	'Bush' 1148.16 73.6533 689.374
4	'Bush' 1051.34 48.8756 698.027
5	'Bush' 1037.49 70.1566 706.493
6	'Bush' 1054.91 65.6488 770.025
7	'Bush' 1111.75 66.9491 801.297
8	'Bush' 1016.17 84.9922 829.05
9	'Bush' 919.697 110.626 787.499
10	'Bush' 927.971 100.922 735.94
11	'Barrel' 816.867 96.2631 403.297
12	'Rocks' 752.224 90.2484 378.376
13	'Rocks' 744.631 84.0221 337.405
14	'Rocks' 731.696 77.8651 306.963
15	'Barrel' 740.221 73.3969 225.335
16	'Barrel' 735.52 70.2529 195.852
17	'Rocks' 674.053 66.1228 234.2
18	'Rocks' 665.865 72.1856 245.284
19	'Rocks' 693.756 63.3737 198.796
20	'Barrel' 627.066 59.3215 253.073
21	'Rocks' 709.157 78.876 160.236
22	'Rocks' 723.881 84.3445 157.467
23	'Rocks' 728.273 93.8325 142.069
24	'Rocks' 733.244 97.2491 138.298
25	'Bush-kill-bandit' -10.6643 -0.0952551 781.248
26	'Baneberrie' -97.7043 6.00278 676.188
27	'Berry' -118.271 8.11554 706.531
28	'Berry' -145.033 16.0395 706.077
29	'Berry' -107.314 24.25 626.32
30	'Berry' -64.0053 42.4211 567.544
31	'Berry' -42.618 43.075 565.764
32	'Berry' 24.7339 49.8417 579.728
33	'Bush' 44.5228 46.2364 618.005
34	'Berry' 73.4449 56.4751 606.594
35	'Berry' 115.677 68.8595 656.86
36	'Berry' 80.8063 40.536 848.576
37	'Berry' 16.1605 28.9505 871.173
38	'Berry' 69.2242 39.3059 876.715
39	'Berry' -21.2284 4.61669 855.401
40	'Berry' -62.4411 17.0389 933.474
41	'Berry' -119.195 18.064 948.058
42	'Berry' -175.402 15.2535 912.952
43	'Berry' -180.547 5.4568 816.853
44	'Give-him-the-collected-berrys' 67.1252 32.5562 764.471
45	'Lootchest' 353.211 105.565 776.622
46	'Chest' 316.32 134.45 827.404
47	'Chest' 331.353 135.648 848.208
48	'Chest' 355.819 123.107 825.315
49	'Supplies' 335.609 120.587 817.947
50	'Chest' 342.286 128.324 851.886
51	'Chest' 442.124 120.747 835.311
52	'Chest' 266.062 107.914 808.063
53	'Supplies' 286.423 118.007 831.199
54	'Supplies' 334.315 128.84 854.438
55	'Supplies' 371.528 130.974 857.671
56	'Supplies' 414.204 129.415 864.686
57	'Supplies' 267.048 121.898 889.074
58	'killbandits-forthe-restxp' 349.33 126.367 837.722
59	'Mound' 1086.75 69.0061 -17.9829
60	'Mound' 1067.36 69.192 7.92124
61	'Mound&kill' 1074.68 97.7265 48.2745
62	'Bloom&kill' 1091.76 99.1307 53.8368
63	'Bloom&kill' 1116.58 96.2622 50.7744
64	'Mound&Kill' 1130.51 100.104 28.713
65	'Bloom' 1086.14 86.5653 97.7781
66	'Bloom' 1094.4 79.3149 122.759
67	'Mound' 1113.84 81.6374 117.453
68	'Mound' 1063.96 78.0281 135.553
69	'Kill-TUrret' 842.694 74.6809 -72.9111
70	'Kill-grub-in-thearea' 845.289 74.3663 -51.3742
71	'kill-2-grubs-in-the-area' 803.882 77.8014 -62.4152
72	'Kill-grub' 816.153 53.4677 -116.855
73	'Torch' 838.72 59.7932 -114.078
74	'Kill-grub' 849.837 55.2427 -142.811
75	'Torch' 812.253 47.0505 -148.928
76	'kill-1grub-in-the-area' 806.701 45.3124 -140.427
77	'Torch' 788.948 44.027 -134.141
78	'Torch' 782.323 28.3125 -194.14
79	'Torch&kill' 791.007 13.8489 -258.798
80	'Kill-2-grubs&turret' 787.509 13.1119 -285.806
81	'Give-him-the-Food' 861.675 58.028 -187.222
82	'Bulb' 1155.17 60.155 -472.856
83	'Bambles' 1174.71 68.0569 -498.051
84	'killall-what-you-see' 1168.86 62.2951 -469.618
85	'Brambles&kill' 1230.09 88.786 -463.162
86	'Bulb' 1203.43 100.393 -533.074
87	'Brambles' 1288.36 123.828 -509.396
88	'Brambles' 1296.16 124.778 -588.465
89	'Bulb' 1265.2 121.296 -636.1
90	'Bulb' 1187.82 96.9239 -608.912
91	'Tail&kill' 1145.79 93.224 -667.768
92	'Brambles' 1250.02 120.183 -615.797
93	'Receiver' 278.352 12.7923 -426.767
94	'Receiver' 252.436 14.858 -411.443
95	'Power-Generator' 254.552 9.1878 -388.139
96	'Receiver' 270.01 2.00435 -377.865
97	'Receiver' 197.73 37.7591 -387.588
98	'Generator' 185.43 41.3834 -378.651
99	'Receiver' 196.821 41.6123 -356.922
100	'Receiver' 134.614 60.9838 -418.871
101	'kill-all-in-the-area' 137.446 60.9707 -431.075
102	'kill-allinarea' 192.177 38.8816 -394.28
103	'kill2' 244.33 14.8876 -404.798
104	'Generator' 254.122 9.33255 -387.493
105	'Kill' 255.94 8.39649 -387.32
106	'Scrap' 543.462 30.5412 -303.522
107	'Junk' 551.187 24.3543 -263.63
108	'Junk' 606.776 20.314 -205.817
109	'Junk' 634.635 16.6837 -245.036
110	'Junk&kill' 666.517 -0.225251 -294.709
111	'Junk' 698.389 -0.311044 -328.956
112	'Box' 656.103 16.292 -330.155
113	'Box' 619.179 5.13661 -256.432
114	'Box' 654.171 26.3869 -243.64
115	'Junk' 676.882 33.6954 -266.034
116	'Junk' 674.473 35.5596 -284.664
117	'Box' 679.611 35.7327 -301.606
118	'Give-him-the-items-Heart-completed' 523.913 34.6544 -327.817
119	'crystal-run1' -233.685 19.3741 -205.178
120	'crystal-run1' -192.49 19.3091 -226.957
121	'crystal-run1' -158.756 24.9909 -234.934
122	'crystal-run1' -222.181 12.8859 -259.258
123	'crystal-run1' -259.894 0.616702 -231.924
124	'crystal-run1' -272.198 -0.195136 -245.008
125	'crystal-run1' -296.685 -0.256718 -245.051
126	'crystal-run1' -248.115 17.309 -288.718
127	'Crystal-run1' -269.141 16.6538 -286.508
128	'crystal-run1' -285.777 17.7404 -281.833
129	'crystal-run1' -290.139 14.5481 -265.501
130	'crystal-run2' -234.294 19.5255 -204.792
131	'crystal-run2' -192.507 19.3122 -226.797
132	'crystal-run2' -157.486 25.6146 -234.555
133	'Crystal-run2' -259.12 0.722574 -231.384
134	'Crystal-run2' -271.127 0.349291 -246.343
135	'Crystal-run2' -297.346 0.323515 -245.155
136	'Crystal-run2' -318.905 15.0771 -229.53
137	'Crystal-run2' -286.675 22.191 -156.796
138	'Crystal-run2' -267.241 22.1857 -134.75
139	'Crystal-run2' -250.933 23.2197 -118.984
140	'Crystal-run2' -292.735 21.8905 -133.468
141	'Crystal-run2' -314.55 21.6925 -122.794
142	'Crystal-run2' -264.846 23.2333 -92.6415
143	'Crystal-run2' -288.55 21.7161 -114.823
144	'Crystal-run2' -213.466 38.4516 -141.068
145	'Crystal-run3' -234.074 19.6176 -204.356
146	'Crystal-run3' -191.261 19.7305 -227.702
147	'Crystal-run3' -157.927 25.0971 -234.306
148	'Crystal-run3' -223.016 13.5467 -259.817
149	'Crystal-run3' -248.596 16.7644 -287.897
150	'Crystal-run3' -269.886 17.0299 -286.183
151	'Crystal-run3-6left' -290.084 14.4746 -265.497
152	'Crystal-run3-5left' -284.163 17.0157 -281.567
153	'Crystal-run3-4left' -259.443 0.66791 -231.658
154	'Crystal-run3-3left' -297.524 0.449551 -245.455
155	'Crystal-run3-2left' -318.653 14.5768 -228.781
156	'Crystal-run3-1left' -287.703 22.4234 -157.552
157	'Crystal-run3-GiveNPC-Crystals-next' -266.375 22.2219 -135.393
158	'Give-NPC-the-Crystals-Heart-completed' -266.511 17.6427 -198.839
159	'Destroy-mine' -977.493 24.9514 -87.3497
160	'Destroy-Mine' -962.87 23.767 -56.2803
161	'Destroy-Mine' -930.246 24.9368 -32.5893
162	'Destroy-Mine' -930.604 26.8286 -69.9497
163	'Destroy-Mine' -902.616 28.2303 -118.665
164	'Destroy-Mine' -939.301 27.3357 -112.126
165	'Destroy-Mine' -1032.31 16.0694 -59.9682
166	'Destroy-Mine' -1024.88 11.4684 6.79909
167	'Destroy-Mine' -1082.8 0.705789 26.0959
168	'Destroy-Mine' -941.271 21.911 70.1807
169	'Kill3Nightmaremobs' -923.523 30.29 88.5812
170	'Kill-mine+Kill-everything-you-see+Heart-completed-then' -935.696 30.6246 107.052
171	'Kill-5bandits' -877.913 81.5643 558.145
172	'Relics&Kill' -846.164 42.886 638.806
173	'Relics&Kill' -866.162 38.1424 626.852
174	'Relics&Kill' -923.554 24.8081 621.599
175	'Relics&Kill' -918.606 20.3284 598.902
176	'Relics&kill' -967.744 9.84616 563.81
177	'Relics&kill-Heart-completed' -939.094 10.4588 506.916
178	'Give-him-what-you-collected-when-not-completed-yet' -890.978 76.4913 649.515
179	'Talkto-here-and-get-clothings' -666.171 81.3387 630.027
180	'Battle-Orders' -692.369 93.2025 628.399
181	'Battle-Orders' -761.351 96.47 672.762
182	'Battle-Orders' -704.132 103.352 693.064
183	'Battle-orders' -694.446 102.283 674.768
184	'Battle-Orders' -690.908 102.716 676.455
185	'Battle-Orders' -664.921 86.6716 644.389
186	'Battle-Orders' -724.7 100.806 657.456
187	'Battle-Orders' -735.956 103.934 679.641
188	'Battle-Orders' -723.546 102.481 683.047
189	'Battle-orders' -717.178 112.735 678.11
190	'Battle-orders' -721.776 113.038 669.657
191	'Battle-orders' -738.153 110.265 661.076
192	'Battle-Orders' -709.851 112.52 658.934
193	'Talk-to-bandit' -688.166 101.972 671.844
194	'fight-with-him' -678.365 99.8554 683.898
195	'Poison-the-water-with-skill4' -739.061 98.4469 648.824
196	'Leave-thecamp' -674.149 82.0386 629.665
197	'Documents' -339.13 43.6074 279.574
198	'Documents' -432.661 60.429 279.128
199	'Slave' -476.334 62.7539 232.777
200	'Documents' -503.23 63.6419 229.076
201	'Documents' -542.93 68.7984 248.535
202	'Documents' -611.654 82.0515 292.384
203	'Documents' -525.056 63.6211 203.724
204	'Slave' -278.24 54.243 344.443
205	'Killall-bandits-in-front-of-you' -475.931 61.592 249.89
206	'Give-him-collected-items' -334.714 30.2288 249.347
207	'Observer' 563.337 4.37527 -637.149
208	'Observer' 593.564 3.01665 -658.905
209	'Wallow' 601.001 1.10769 -655.868
210	'Observer' 621.807 5.17028 -682.162
211	'Observer' 657.202 1.36237 -653.039
212	'Wallow' 656.745 0.925411 -649.039
213	'Observer' 641.924 -10.49 -618.492
214	'Wallow' 634.071 -18.0316 -607.655
215	'Wallow' 601.491 -13.5941 -615.295
216	'Observer' 596.274 -12.8623 -608.85
217	'Ooze-collect' 613.416 3.90642 -567.613
218	'Kill-all-ooze' 627.815 2.58496 -554.638
219	'Observer' 597.741 14.2167 -513.425
220	'Observer' 584.445 14.5282 -533.73
221	'Puddle' 579.751 16.2318 -525.069
222	'Puddle' 595.438 12.4813 -526.387
223	'Puddle' 599.403 9.39454 -541.994
224	'Kill-all-mobs-which-where-released-by-puddles' 594.359 12.324 -529.246
225	'UsePanel' -493.823 18.461 -515.069
226	'UsePanel' -527.289 2.47352 -533.031
227	'UsePanel' -564.436 0.46272 -555.315
228	'Stinkhorn' -586.552 0.230327 -569.6
229	'Stinkhorn' -584.371 -0.0604504 -540.974
230	'Stinkhorn' -521.647 0.426408 -545.378
231	'Stinkhorn' -510.083 0.505777 -593.645
232	'Stinkhorn' -527.979 0.10514 -617.297
233	'Stinkhorn' -506.147 2.91577 -649.684
234	'Use-Panel' -468.333 3.69096 -714.909
235	'Stinkhorn' -436.675 0.525308 -734.639
236	'Use-Panel' -435.675 1.13209 -752.208
237	'Use-Panel' -433.759 0.366738 -795.142
238	'Stinkhorn' -456.582 0.48818 -812.743
239	'Stinkhorn' -450.888 0.701286 -823.186
240	'Stinkhorn' -534.732 0.460866 -835.915
241	'Stinkhorn' -544.726 0.124211 -750.676
242	'Stinkhorn' -573.296 1.12403 -755.385
243	'Stinkhorn' -572.539 0.7305 -818.486
244	'Stinkhorn' -366.264 0.797527 -790.362
245	'Kill-the-3-Hylek´s-here' -342.025 12.189 -786.744
246	'Kill-hylek' -416.441 -0.150578 -798.543
247	'Kill-hylek' -432.571 0.0847996 -813.783
248	'Kill-Basilisk' -547.086 0.970045 -726.127
249	'Stinkhorn' -548.303 2.23752 -717.403
250	'Stinkhorn' -448.854 10.5004 -683.172
251	'Stinkhorn' -435.945 0.261006 -733.274
252	'Kill-Hylek-Heart-completed' -426.589 -0.114995 -751.982
