1	'Heart1' 1189.25 86.6028 680.58
2	'Heart2' 795.391 94.3153 387.898
3	'Heart3' 67.6963 32.8435 765.371
4	'Heart4' 515.308 106.371 771.29
5	'Heart5' 1205.71 43.3467 -382.308
6	'Heart6' 1084.62 69.5234 -4.22718
7	'Heart7' 860.342 58.1998 -187.472
8	'Heart8' 547.667 10.3889 -671.133
9	'Heart9' 366.07 32.51 -495.731
10	'Heart10' 524.945 34.477 -328.68
11	'Heart11' -142.409 27.0183 -237.1
12	'Heart12' -448.76 24.6029 -519.618
13	'Heart13' -980.441 25.6665 -160.04
14	'Heart14' -334.652 30.2789 250.023
15	'Heart15' -882.93 76.431 641.785
16	'Heart16' -666.766 81.8829 630.925
