1	'PoI1' 1188.2 84.277 699.166
2	'PoI2' 883.698 131.32 910.863
3	'PoI3' 908.269 111.68 159.991
4	'PoI4' 1102.62 96.6075 60.2282
5	'PoI5' 1214.19 102.519 -534.839
6	'PoI6' 586.164 47.0952 -801.818
7	'PoI7' 144.741 60.9814 -441.839
8	'PoI8' -1182.34 49.001 -847.493
9	'PoI9' -792.359 33.9171 -348.994
10	'PoI10' -1097.51 21.5994 101.359
11	'PoI11' -795.086 93.2963 308.003
12	'PoI12' -944.986 105.112 796.911
13	'PoI13' -713.582 102.87 665.909
14	'PoI14' -497.372 62.537 240.523
15	'PoI15' -288.923 68.1479 457.755
16	'PoI16' -20.7831 89.1266 295.939
17	'PoI17' 256.449 126.062 370.025
18	'PoI18' 164.18 -1.3 44.277
19	'PoI19' 345.04 126.276 837.02
20	'PoI20' -181.728 23.9259 78.9533
