1	'WP1' -1167.8 122.807 266.282
2	'WP2' -763.793 76.356 339.644
3	'WP3' -509.046 83.545 535.298
4	'WP4' -903.113 38.9066 -293.613
5	'WP5' -882.66 38.6663 -664.287
6	'WP6' -454.347 52.759 -223.11
7	'WP7' -273.242 51.1985 -579.723
8	'WP8' -210.698 43.4061 7.23016
9	'WP9' 279.117 29.1499 -656.678
10	'WP10' 276.19 46.2945 -134.91
11	'WP11' 618.708 42.6925 -294.868
12	'WP12' 1018.73 9.81042 -771.369
13	'WP13' 1156.42 47.9379 -212.656
14	'WP14' 1033.77 51.0304 176.237
15	'WP15' 632.858 29.5016 175.992
16	'WP16' 474.144 1.42086 396.255
17	'WP17' 934.028 42.7703 540.823
18	'WP18' 488.219 46.4106 705.094
19	'WP19' 61.215 33.3347 406.411
