1	'1' -902.164 1.29425 -117.301
2	'2' 867.704 151.138 249.314
3	'3' 1329.48 24.1472 -452.372
4	'1' -839.56 3.15117 -196.222
5	'2' -1076.82 12.9586 -118.629
6	'3' -1075.94 10.0768 -340.966
7	'4' -1265.54 18.5509 -326.92
8	'5' -1241.29 -1.29065 -122.416
9	'6' -1159.81 16.0343 -37.2407
10	'7' -826.322 22.7737 -657.545
11	'8' -1708.01 -28.4317 -122.514
12	'9' -1649.89 4.10189 318.891
13	'10' -1194.84 51.5638 216.238
14	'11' -1312.08 6.7076 624.364
15	'12' -996.974 3.74719 455.442
16	'13' -682.096 2.03071 734.905
17	'14' -620.413 11.213 -125.674
18	'15' -438.52 10.2667 -416.155
19	'16' -247.204 15.5366 289.394
20	'17' 36.5928 129.909 793.455
21	'18' 311.973 71.0452 687.718
22	'19' 224.245 53.9473 270.324
23	'20' 224.943 99.1604 -129.685
24	'21' 447.912 16.6567 -318.137
25	'22' 443.647 -4.09856 -450.956
26	'23' 847.985 140.823 435.32
27	'24' 858.172 152.291 165.849
28	'25' 899.921 15.997 -673.119
29	'26' 1328.01 17.4509 -335.946
30	'27' 1702.17 96.1279 -273.419
31	'28' 1311.2 126.413 122.319
32	'29' 1777.73 134.405 -79.984
33	'30' 1529.54 232.802 550.967
34	'1' 1244.35 257.51 514.41
35	'2' 1418.55 105.654 -237.521
36	'3' 662.143 111.931 320.239
37	'4' 159.222 75.0792 311.851
38	'5' 267.066 164.55 559.102
39	'6' -632.454 48.1967 533.411
40	'7' -1103.95 68.2613 339.371
41	'8' -913.171 60.4786 -265.447
42	'9' -1370.71 19.3914 -236.585
43	'10' 88.552 69.0364 -167.834
44	'TP-to_Desert_Highlands' 675.41 124.05 880.34
45	'1' 719.725 182.527 -763.697
46	'2' 110.749 140.126 -610.62
47	'3' 212.841 242.403 -454.242
48	'4' 539.736 190.62 -411.503
49	'5' 410.541 290.752 39.6059
50	'6' 330.177 169.439 -192.873
51	'7' 1332.41 267.348 -74.1437
52	'8' 1518.46 90.3719 -540.219
53	'9' 1129.04 356.871 238.651
54	'10' 559.362 270.676 518.927
55	'11' 766.007 375.923 847.467
56	'12' 603.139 171.059 144.119
57	'13' -81.356 299.185 448.537
58	'14' 79.6578 325.307 441.757
59	'15' 51.876 402.273 675.531
60	'16' -246.49 347.41 700.859
61	'17' -692.937 368.979 113.474
62	'18' -229.552 336.676 -323.056
63	'19' -557.623 84.0996 -337.816
64	'20' -898.649 163.41 -328.223
65	'21' -957.125 459.252 518.278
66	'22' -1110.79 392.557 790.039
67	'23' -1553.51 420.291 495.898
68	'24' -1529.63 475.29 191.752
69	'25' -1167.32 621.745 -8.53696
70	'26' -1249.29 412.572 -279.764
71	'27' -1491.75 368.021 -227.121
72	'28' -1507.68 238.021 -426.481
73	'29' -1545.48 64.3443 -641.7
74	'30' 1772.33 201.05 699.19
75	'31' 734.056 198.775 760.633
76	'1' 645.401 200 -844.011
77	'2' 586.623 256.193 428.338
78	'3' -158.327 310.915 518.295
79	'4' -1593.06 420.753 519.089
80	'5' -347.385 18.4002 -643.87
81	'1' 258.163 224.289 -762.835
82	'2' 254.389 245.308 -419.989
83	'3' 1176.61 345.386 293.357
84	'4' 742.597 324.194 770.243
85	'5' -305.534 383.74 513.879
86	'6' -1560.88 427.236 171.776
87	'7' -1397.56 367.183 -409.482
88	'8' -1160.06 683.417 -356.811
89	'9' -763.799 75.8241 -555.033
90	'10' -645.852 78.0782 -675.88
91	'11' 1420.19 286.061 -345.221
92	'TP_to_Crystal_Oasis' 671.67 199.37 -896.95
93	'TP_to_Elon_Riverlands' 1285.71 26.03 -714.13
94	'1' 782.258 107.762 710.253
95	'2' 248.711 41.4083 120.625
96	'3' -703.668 5.86648 -15.5894
97	'1' 724.337 114.499 1075.68
98	'2' 872.698 119.208 909.924
99	'3' 348.944 117.844 917.47
100	'4' 466.823 95.5228 605.487
101	'5' 630.55 52.7319 413.195
102	'6' -188.845 134.288 899.023
103	'7' -189.723 3.24208 1165.93
104	'8' -464.696 115.301 1174.87
105	'9' -953.257 133.646 1220.3
106	'10' -1190.15 102.116 1224.09
107	'11' -215.543 89.9775 464.139
108	'12' -152.846 33.2536 -2.52997
109	'13' -437.513 6.06582 207.01
110	'14' -866.595 119.449 -287.263
111	'15' -559.841 3.29038 -653.836
112	'16' -1257.86 18.4968 -766.713
113	'17' -1120.02 12.3601 -1002.47
114	'18' 48.9016 -0.0499493 -1212.37
115	'19v2' 423.845 5.8481 -1101.1
116	'20' 448.774 32.5961 -865.413
117	'21' -276.426 56.2662 -338.893
118	'22' 241.097 6.86843 -307.358
119	'23' 106.135 90.8648 432.572
120	'24' 880.399 50.3071 -556.739
121	'25' 1050.67 -0.812033 -989.384
122	'26' 1268.07 1.38261 -750.012
123	'27' 1061.26 6.3863 -130.305
124	'28' 1160.37 75.5378 279.284
125	'29' -1185.18 73.8328 290.726
126	'30' -980.054 22.2928 301.272
127	'1' 530.757 202.926 762.267
128	'2' 408.931 138.075 -138.372
129	'3' 810.658 77.3136 -458.669
130	'4' -336.744 168.219 932.282
131	'5' -1068.31 163.923 989.104
132	'6' -1141.9 103.925 471.946
133	'7' 51.9541 132.943 320.314
134	'8' -612.159 56.3148 -623.618
135	'9' -1007.63 85.7982 -945.694
136	'10' 412.311 20.322 -881.701
137	'TP_to_Desolation' 47.23 -0.3 -1234.64
138	'1' 36.5638 0.438885 1760.51
139	'tp_into_the_air_at_1_to_get_to_2' 36.4 627.29 1760.38
140	'tp_into_the_air_and_falling_down_WP2' -633.61 628.87 173.09
141	'3' -681.662 293.583 -1487.16
142	'4' 640.521 317.886 -1167.49
143	'5' 1043.49 322.883 -291.272
144	'6' 307.858 339.686 378.451
145	'chantryofshadows' -481.999 315.637 322.636
146	'torment'swatch' -557.773 350.131 57.3765
147	'sandstrewnshrine' -757.021 351.118 443.516
148	'acridsink' -1194.94 161.138 471.375
149	'imperialsulfurworks' -821.883 121.459 852.702
150	'bonecagepaddock' -497.974 81.7041 1162.08
151	'scourgethreshold' -82.2106 339.977 835.928
152	'chukehtoverlook' 130.685 353.937 648.043
153	'clanmarshalpergola' 326.834 196.357 1184.94
154	'sandfallsanctum' 462.145 205.974 1063.79
155	'Sandfallsanctum-air_port' 429.39 629.07 1078.99
156	'air_port_bonestrandgarrison' -293.89 184.99 1404.01
157	'air_port_village_of_purity' 234.01 255.11 1531.57
158	'blindfaith' 880.707 31.4429 1890.38
159	'matriarchview' 856.296 167.709 1262.77
160	'springerladder' 1201.93 300.957 1048.16
161	'shadowarcade' 967.404 354.13 711.706
162	'emberheights' 565.76 391.996 644.066
163	'toweringlinks' 430.529 383.539 220.206
164	'toxicpools' 1107.45 350.72 230.799
165	'waywardwatch' 847.026 342.2 -446.511
166	'forgedfirebase' 527.653 339.372 -591.492
167	'zayangate' 248.716 365.456 -267.693
168	'conquestoverlook' -235.506 379.454 -413.087
169	'revealervantage' -227.404 366.754 -131.631
170	'easternmaw' -622.064 278.936 -556.098
171	'northernmaw' -737.489 274.023 -448.463
172	'westernmaw' -817.609 277.896 -460.382
173	'themouthoftorment' -740.343 224.058 -568.753
174	'bleachedpillars' -1067.13 389.766 -1060.49
175	'thevermitheater' -1001.73 279.342 -1456.14
176	'djiinnenclave' -427.31 467.829 -1398.26
177	'junundulookout' 19.4875 394.501 -1392
178	'lonetreehill' 211.666 425.451 -1106.7
179	'hengeofjoko' 24.2238 390.041 -807.334
180	'forthuduh' 760.609 370.534 -725.172
181	'forbiddenvault' 987.807 309.284 -839.77
182	'uhiwibones' 1325.83 360.665 -651.003
183	'vabbiancorridor' 1184.04 338.458 -877.711
184	'thebonepalace' 383.682 341.182 -1676.8
185	'the_bone_palace_air_port' 382.65 570 -1559.33
186	'bitumreserve_air_port' 367.71 570 -1791.5
187	'jununduhatchery' 947.135 340.893 -1860.72
188	'lupicusboneyard' 1130.53 289.11 -1549.5
189	'tarstoneweeps' 1239.68 320.05 -1232.09
190	'1' 307.733 320.354 738.132
191	'2' 242.517 237.181 1265.55
192	'3' 877.452 137.898 1483.84
193	'4' -651.196 412.139 54.1902
194	'5' -1136.47 96.8766 1188.08
195	'6' -450.487 450.208 -1234.34
196	'7' -793.205 309.194 -584.587
197	'8' 309.327 415.655 -1186.29
198	'9' 1024.15 363.571 -211.437
199	'10' -107.416 33.3986 1755.06
200	'TP_to_Vaabi' 1315.05 335.09 -1442.35
201	'' -1692.21 87.2376 946.566
202	'' 279.811 96.26 -566.008
203	'' 995.485 175.067 64.0126
204	'' -387.747 132.597 406.267
205	'' -1318.32 173.38 534.179
206	'' -702.513 143.428 -528.263
207	'' 101.182 30.6846 -386.391
208	'' -201.616 3.19196 -888.024
209	'' 1512 67.3277 -733.248
210	'' 1154.82 16.6418 757.891
211	'' 596.587 356.91 -18.3181
212	'' -1151.55 130.788 -880.008
213	'' 516.959 185.861 1108.02
214	'' -1612.09 392.843 -953.687
215	'' -1571.17 90.0729 -300.732
216	'' -302.099 -1.42576 618.344
217	'' -1636.53 0.208742 215.679
218	'' -1535.79 199.86 392.813
219	'' -786.233 80.5778 611.056
220	'' -989.422 143.327 1209.68
221	'' 345.817 113.763 -791.944
222	'' 505.776 40.1794 -778.65
223	'' 140.38 5.6514 616.988
224	'' -627.566 114.401 -958.188
225	'' 78.8528 59.2011 -660.811
226	'' -569.691 -7.99429 613.605
227	'' -938.938 131.747 346.208
228	'' 86.5096 162.765 8.5926
229	'' -1047.33 222.231 -717.6
230	'' 443.22 40.1936 -925.945
231	'' 743.051 112.758 -1061.55
232	'' -1170.93 207.912 -227.127
233	'' -457.002 159.034 -177.517
234	'' 501.595 40.2971 -862.883
235	'' -386.799 74.8598 810.066
236	'' 436.759 114.182 -658.461
237	'' -574.896 108.872 384.816
238	'' 1560.78 87.9816 -222.455
239	'' 70.9131 224.436 -660.153
240	'' -1031.29 373.294 -676.038
241	'' 1633.27 239.862 215.437
242	'' -937.683 162.367 627.539
243	'' -1572.27 148.135 361.865
244	'' 1256.18 102.794 855.111
245	'' -1252.8 297.674 -360.841
246	'' 1657.6 152.853 -158.328
247	'' 348.364 224.274 231.179
248	'' 1556.73 195.324 -720.018
