1	'RataSum-WP1' 146.945 474.698 147.28
2	'RataSum-WP2' 148.88 417.586 197.734
3	'RataSum-WP3' 89.335 474.691 303.282
4	'RataSum-WP4' 65.1066 447.685 206.962
5	'RataSum-WP5' 67.2867 417.58 103.689
6	'RataSum-WP6' -55.8819 474.691 182.971
7	'RataSum-WP7' -42.9779 417.586 232.052
8	'RataSum-WP8' -415.441 44.2279 -657.716
9	'RataSum-WP9' 34.8506 132.649 -440.559
10	'RataSum-PoI1' 32.315 474.462 82.0982
11	'RataSum-PoI2' -48.7535 474.133 276.601
12	'RataSum-PoI3' 166.015 474.579 248.311
13	'RataSum-PoI4' 168.734 445.477 248.499
14	'RataSum-PoI5' 176.188 447.301 297.244
15	'RataSum-PoI6' 210.779 447.301 204.497
16	'RataSum-PoI7' -45.7258 445.43 282.079
17	'RataSum-PoI8' -91.8353 430.115 315.948
18	'RataSum-PoI9' 45.6289 600.559 208.417
19	'RataSum-PoI10' 29.5023 445.433 78.4395
20	'RataSum-PoI11' 70.8452 447.301 39.7957
21	'RataSum-PoI12' -20.7614 447.301 60.7938
22	'RataSum-PoI13' 19.5494 415.425 14.8658
23	'RataSum-PoI14' -750.796 402.78 760.206
24	'RataSum-PoI15' -359.153 122.451 35.7692
25	'RataSum-PoI16' -438.362 3.76675 -705.598
26	'RataSum-PoI17' -252.341 3.81513 -613.689
27	'RataSum-PoI18' -23.7903 135.844 -558.407
28	'RataSum-PoI19' 192.674 417.727 247.518
29	'RataSum-Vista1' 137.133 495.604 225.219
30	'RataSum-Vista2' 178.147 427.754 246.949
31	'RataSum-Vista3' 53.3271 410.939 187.982
32	'RataSum-Vista4' 47.9773 453.633 83.9899
33	'RataSum-Vista5' -359.583 21.0281 -816.679
34	'Transition-PortalRataSumToMetrica' 172 473 116
35	'MetricaProvince-WP1' -89.528 35.8474 1108.41
36	'MetricaProvince-WP2' 646.542 42.9508 834.347
37	'MetricaProvince-WP3' 41.8094 7.13246 646.749
38	'MetricaProvince-WP4' -286.565 15.2738 550.618
39	'MetricaProvince-WP5' 241.091 40.5951 322.353
40	'MetricaProvince-WP6' 710.289 33.0308 55.7493
41	'MetricaProvince-WP7' 584.342 19.585 -610
42	'MetricaProvince-WP8' 181.507 21.6965 -1077.09
43	'MetricaProvince-WP9' 57.1357 25.303 -648.234
44	'MetricaProvince-WP10' 260.709 3.78207 -177.912
45	'MetricaProvince-WP11' -199.261 12.7736 149.785
46	'MetricaProvince-WP12' -151.172 34.5436 -159.59
47	'MetricaProvince-WP13' -428.759 10.6093 -411.908
48	'MetricaProvince-WP14' -246.171 23.3226 -762.573
49	'MetricaProvince-WP15' -591.256 58.1793 -901.866
50	'MetricaProvince-WP16' -648.684 53.9657 437.752
51	'MetricaProvince-PoI1' -94.3739 25.3216 925.056
52	'MetricaProvince-PoI2' -166.859 14.126 850.877
53	'MetricaProvince-PoI3' -620.614 17.5943 667.713
54	'MetricaProvince-PoI4' 104.916 19.0996 778.512
55	'MetricaProvince-PoI5' 268.529 30.9402 731.085
56	'MetricaProvince-PoI6' 312.195 45.2697 570.562
57	'MetricaProvince-PoI7' 692.043 80.6356 1157.69
58	'MetricaProvince-PoI8' 813.982 29.7278 -242.131
59	'MetricaProvince-PoI9' 358.489 38.6132 -309.529
60	'MetricaProvince-PoI10' 761.064 53.5156 -704.605
61	'MetricaProvince-PoI11' 140.443 2.20306 151.058
62	'MetricaProvince-PoI12' -67.4742 34.2337 -159.461
63	'MetricaProvince-PoI13' 4.32571 2.22776 -16.6979
64	'MetricaProvince-PoI14' 130.596 -0.316153 -757.225
65	'MetricaProvince-PoI15' 297.156 -37.5686 -953.91
66	'MetricaProvince-PoI16' 514.188 56.9678 -883.663
67	'MetricaProvince-PoI17' 301.518 15.4288 -1125.21
68	'MetricaProvince-PoI18' 83.6161 43.6317 -1114.61
69	'MetricaProvince-PoI19' -37.5293 54.125 -1146.84
70	'MetricaProvince-PoI20' -77.8328 48.31 -928.708
71	'MetricaProvince-PoI21' -225.898 37.6593 -1045.56
72	'MetricaProvince-PoI22' -283.167 26.7278 -859.693
73	'MetricaProvince-PoI23' -555.658 53.435 -817.274
74	'MetricaProvince-Vista1' -163.02 52.4315 814.672
75	'MetricaProvince-Vista2' 428.686 24.1084 1056.95
76	'MetricaProvince-Vista3' 121.673 82.3934 312.484
77	'MetricaProvince-Vista4' -118.585 57.5 -193.363
78	'MetricaProvince-Vista5' 370.008 43.0425 -36.0894
79	'MetricaProvince-Vista6' 583.697 53.638 -683.916
80	'MetricaProvince-Vista7' -113.471 79.1696 -963.724
81	'MetricaProvince-Vista8' -250.463 71.1517 -1013.02
82	'MetricaProvince-Vista9' -509.081 88.8126 -1081.39
83	'Transition-PortalMetricaToCaledon' 705 41 867
84	'CaledonForest-WP1' 359.793 10.7097 1276.21
85	'CaledonForest-WP2' -566.459 8.75369 1410.06
86	'CaledonForest-WP3' -492.511 0.570764 1196.61
87	'CaledonForest-WP4' -92.8004 20.8134 1054.11
88	'CaledonForest-WP5' 253.1 12.7442 1021.56
89	'CaledonForest-WP6' -261.456 68.8916 550.278
90	'CaledonForest-WP7' -529.103 49.8376 424.84
91	'CaledonForest-WP8' 439.48 21.6986 297.897
92	'CaledonForest-WP9' -104.126 4.26909 20.1882
93	'CaledonForest-WP10' 563.571 27.8715 -311.447
94	'CaledonForest-WP11' 39.8498 38.7705 -380.489
95	'CaledonForest-WP12' -354.896 5.21249 -674.733
96	'CaledonForest-WP13' 541.325 15.1802 -795.245
97	'CaledonForest-WP14' -421.766 4.95124 863.76
98	'CaledonForest-WP15' 8.22254 22.3244 -812.325
99	'CaledonForest-WP16' 380.928 34.5103 -1065.8
100	'CaledonForest-WP17' -213.067 6.01162 -1242.88
101	'CaledonForest-WP18' -290.944 54.3217 -881.021
102	'CaledonForest-PoI1' 612.099 -34.014 1219.22
103	'CaledonForest-PoI2' 524.304 2.36192 1044.96
104	'CaledonForest-PoI3' -391.226 9.64554 1187.65
105	'CaledonForest-PoI4' 545.857 -125.7 742.043
106	'CaledonForest-PoI5' 274.232 11.1024 625.047
107	'CaledonForest-PoI6' 91.0963 78.1402 624.741
108	'CaledonForest-PoI7' 469.128 -48.5517 -3.58227
109	'CaledonForest-PoI8' 573.771 6.37682 -178.211
110	'CaledonForest-PoI9' -521.576 0.327838 642.374
111	'CaledonForest-PoI10' -477.61 43.2572 162.86
112	'CaledonForest-PoI11' -488.195 21.7663 -30.7501
113	'CaledonForest-PoI12' -245.355 11.4686 -181.378
114	'CaledonForest-PoI13' -305.935 37.4239 -402.287
115	'CaledonForest-PoI14' -604.198 18.0223 -641.492
116	'CaledonForest-PoI15' -40.6283 4.51103 -637.6
117	'CaledonForest-PoI16' -296.558 -0.795955 -1181.79
118	'CaledonForest-PoI17' -85.4982 5.00559 -1279
119	'CaledonForest-PoI18' 199.368 0.649053 -1100.17
120	'CaledonForest-PoI19' 346.707 45.5072 -1130.75
121	'CaledonForest-talk-to-NPC-get-disguise-then-next-port' 591.67 1.87 -578.64
122	'CaledonForest-PoI20' 688.173 -0.0334099 -483.623
123	'Exit-the-poi20-here' 621.26 0.01 -588.33
124	'CaledonForest-Vista1' 406.842 60.2094 1190.25
125	'CaledonForest-Vista2' -210.851 86.2967 553.791
126	'CaledonForest-Vista3' 209.242 38.5542 546.072
127	'CaledonForest-Vista4' -213.861 59.7827 283.558
128	'CaledonForest-Vista5' -326.643 44.4126 -363.359
129	'CaledonForest-Vista6' -521.592 20.1481 -852.634
130	'CaledonForest-Vista7' 323.211 28.7634 -1233.68
131	'CaledonForest-Vista8' 303.291 31.2834 -66.388
132	'Transition-PortalCaledonToGrove' -235 29 -1395
133	'Grove-WP1' -64.0408 86.543 330.125
134	'Grove-WP2' 19.3353 84.9034 7.25832
135	'Grove-WP3' 26.8513 57.7264 43.8871
136	'Grove-WP4' 58.1513 1.68935 41.4306
137	'Grove-PoI1' -44.8723 96.3852 186.192
138	'Grove-PoI2' 21.7873 27.1543 186.477
139	'Grove-PoI3' -131.377 36.5841 203.601
140	'Grove-PoI4' 42.7788 83.4729 39.0058
141	'Grove-PoI5' 33.7734 127.256 73.2305
142	'Grove-PoI6' 39.7421 125.047 19.8548
143	'Grove-PoI7' 140.228 91.1784 23.2505
144	'Grove-PoI8' 135.245 89.2417 69.7352
145	'Grove-PoI9' 180.98 12.2073 54.5545
146	'Grove-PoI10' 2.04188 29.8679 -45.1485
147	'Grove-PoI11' -81.0051 0.517299 -44.8844
148	'Grove-PoI12' 40.7007 11.8383 -82.7425
149	'Grove-PoI13' 158.112 33.506 -105.871
150	'Grove-PoI14' 70.4962 51.3058 -90.4225
151	'Grove-PoI15' -73.7803 54.189 -29.3829
152	'Grove-PoI16' -107.468 58.2034 46.1423
153	'Grove-PoI17' -120.904 60.5213 103.817
154	'Grove-PoI18' -113.439 11.8231 24.0941
155	'Grove-PoI19' 116.786 1.57148 103.206
156	'Grove-Vista1' -1.55576 120.439 324.942
157	'Grove-Vista2' 178.365 101.512 120.461
158	'Grove-Vista3' 116.42 109.934 25.9101
159	'Grove-Vista4' 99.2 34.7679 -26.913
160	'Grove-Vista5' 15.2143 31.8455 4.44937
161	'Grove-Vista6' -64.1547 31.033 180.555
162	'Transition-PortalGroveToCaledon' -103 94 367
163	'Transition-PortalCaledonToBrisban' -595 13 1395
164	'BrisbanWildlands-WP1' 1190.43 69.1367 797.94
165	'BrisbanWildlands-WP2' -97.0957 5.41131 896.997
166	'BrisbanWildlands-WP3' -115.876 65.8185 299.417
167	'BrisbanWildlands-WP4' 716.323 67.644 204.076
168	'BrisbanWildlands-WP5' 743.211 73.232 -38.177
169	'BrisbanWildlands-WP6' 1135.25 39.2622 -315.393
170	'BrisbanWildlands-WP7' 405.065 42.3536 -152.676
171	'BrisbanWildlands-WP8' 310.221 65.093 -782.021
172	'BrisbanWildlands-WP9' -228.071 16.6586 -215.188
173	'BrisbanWildlands-WP10' -339.781 34.8989 -592.449
174	'BrisbanWildlands-WP11' -995.607 27.7859 -189.642
175	'BrisbanWildlands-WP12' -858.655 81.6869 682.208
176	'BrisbanWildlands-WP13' -1037.33 84.0289 560.646
177	'BrisbanWildlands-PoI1' 1188.2 84.277 699.166
178	'BrisbanWildlands-PoI2' 883.698 131.32 910.863
179	'BrisbanWildlands-PoI3' 908.269 111.68 159.991
180	'BrisbanWildlands-PoI4' 1102.62 96.6075 60.2282
181	'BrisbanWildlands-PoI5' 1214.19 102.519 -534.839
182	'BrisbanWildlands-PoI6' 586.164 47.0952 -801.818
183	'BrisbanWildlands-PoI7' 144.741 60.9814 -441.839
184	'BrisbanWildlands-PoI8' -1182.34 49.001 -847.493
185	'BrisbanWildlands-PoI9' -792.359 33.9171 -348.994
186	'BrisbanWildlands-PoI10' -1097.51 21.5994 101.359
187	'BrisbanWildlands-PoI11' -795.086 93.2963 308.003
188	'BrisbanWildlands-PoI12' -944.986 105.112 796.911
189	'Port-before-talking' -658.84 94.6 420.66
190	'talk-to-NPC-before-PoI13' -667.41 81.79 630.66
191	'BrisbanWildlands-PoI13' -713.582 102.87 665.909
192	'BrisbanWildlands-PoI14' -497.372 62.537 240.523
193	'BrisbanWildlands-PoI15' -288.923 68.1479 457.755
194	'BrisbanWildlands-PoI16' -20.7831 89.1266 295.939
195	'BrisbanWildlands-PoI17' 256.449 126.062 370.025
196	'BrisbanWildlands-PoI18' 164.18 -1.3 44.277
197	'BrisbanWildlands-PoI19' 345.04 126.276 837.02
198	'BrisbanWildlands-PoI20' -181.728 23.9259 78.9533
199	'BrisbanWildlands-Vista1' 613.903 55.3522 -340.213
200	'BrisbanWildlands-Vista2' 1171.75 81.9787 -84.4425
201	'BrisbanWildlands-Vista3' 570.167 52.4295 -730.733
202	'BrisbanWildlands-Vista4' 35.7863 83.9911 -529.902
203	'BrisbanWildlands-Vista5' -527.766 57.7605 -890.623
204	'BrisbanWildlands-Vista6' 189.242 45.2913 83.6374
205	'BrisbanWildlands-Vista7' -254.072 56.9601 941.951
206	'Transition-PortalBrisbanToDryTop' -1133 59 -930
207	'DryTop-WP1' 500.349 29.4659 -624.72
208	'DryTop-WP2' 267.308 16.4424 -346.381
209	'DryTop-WP3' 74.0322 41.0602 -353.351
210	'DryTop-WP4' -552.749 95.9827 -324.061
211	'DryTop-WP5' -689.213 95.1861 -374.281
212	'DryTop-PoI1' -623.612 34.7994 -818.767
213	'DryTop-PoI2' -360.538 13.4172 -800.455
214	'DryTop-PoI3' -259.996 87.9336 -665.812
215	'DryTop-PoI4' -410.874 148.301 -544.993
216	'DryTop-PoI5' -223.24 105.777 -375.429
217	'DryTop-PoI6' -704.549 94.9399 -416.437
218	'DryTop-PoI7' -600.747 2.58537 -556.026
219	'DryTop-PoI8' -603.504 76.7868 -245.327
220	'DryTop-PoI9' -418.587 6.44608 -112.098
221	'DryTop-PoI10' 41.5705 5.58333 -47.8503
222	'DryTop-PoI11' 130.79 50.3167 -271.642
223	'DryTop-PoI12' 41.5898 65.4248 -461.393
224	'DryTop-PoI13' 370.077 16.6902 -266.409
225	'DryTop-PoI14' 382.739 16.7117 -370.288
226	'DryTop-PoI15' 644.342 19.3867 -414.796
227	'DryTop-PoI16' 482.453 107.895 -527.776
228	'DryTop-PoI17' 391.166 50.208 -554.572
229	'DryTop-PoI18' 383.84 46.4077 -679.772
230	'DryTop-PoI19' 218.56 24.8013 -678.995
231	'DryTop-PoI20' 110.203 66.4063 -578.151
232	'DryTop-PoI21' 164.551 36.981 -442.542
233	'DryTop-PoI22' 464.108 27.3906 -119.323
234	'DryTop-Vista1' 344.14 98.9718 -575.491
235	'DryTop-Vista2' 12.5924 80.2048 -569.581
236	'DryTop-Vista3' -20.6356 62.385 -33.8842
237	'DryTop-Vista4' -267.775 136.651 -236.209
238	'DryTop-Vista5' -573.034 84.5176 -676.226
239	'DryTop-Vista6' -193.886 9.53917 -818.861
240	'Transition-PortalDryTopToBrisban' 522 37 -656
241	'Transition-PortalBrisbanToSW' -1185 56 200.985
242	'Silverwastes-WP1' 614.324 507.187 -282.383
243	'Silverwastes-WP2' 26.9513 518.319 -533.956
244	'Silverwastes-WP3' 453.663 348.137 189.765
245	'Silverwastes-PoI1' 640.135 508.031 -258.675
246	'Silverwastes-PoI2' 521.344 508.142 -479.527
247	'Silverwastes-PoI3' 89.7052 507.867 -350.48
248	'Silverwastes-PoI4' -58.4681 526.793 -511.543
249	'Silverwastes-PoI5' -331.235 511.836 -336.803
250	'Silverwastes-PoI6' -295.952 475.527 -418.687
251	'Silverwastes-PoI7' 231.551 508.309 -418.635
252	'Silverwastes-PoI8' 47.8848 509.5 -118.669
253	'Silverwastes-PoI9' 39.5902 512.308 88.6724
254	'Silverwastes-PoI10' 235.726 506.745 131.081
255	'Silverwastes-PoI11' 357.398 457.787 60.0386
256	'Silverwastes-PoI12' 696.911 453.619 158.699
257	'Silverwastes-PoI13' 333.745 344.539 191.489
258	'Silverwastes-PoI14' 341.025 453.414 336.079
259	'Silverwastes-PoI15' -24.692 495.177 258.02
260	'Silverwastes-PoI16' -203.297 62.3042 60.893
261	'Silverwastes-PoI17' -565.711 532.72 -35.8574
262	'Silverwastes-PoI18' -231.001 507.1 204.474
263	'Transition-PortalVerdantBrink' -530.685 523.664 -389.15
264	'WP1' 1151.05 514.637 62.5355
265	'WP2' 816.012 458.746 456.452
266	'WP3' 166.211 528.421 -30.9962
267	'WP4' 459.312 535.14 -480.695
268	'WP5' -645.651 631.993 -342.815
269	'WP6' -332.067 667.633 180.961
270	'WP7' -946.993 464.801 -489.507
271	'PoI1' 1131.49 428.039 362.555
272	'PoI2' 864.616 394.392 270.776
273	'PoI3' 778.987 466.392 447.223
274	'PoI4' 579.973 408.039 522.809
275	'PoI5' 554.981 450.573 301.789
276	'PoI6' 478.64 796.741 263.042
277	'PoI7' 215.81 706.703 360.249
278	'PoI8' 862.918 344.003 18.2802
279	'PoI9' 1099.69 470.082 -321.85
280	'PoI10' 767.217 392.802 -491.618
281	'PoI11' 516.656 1047.98 -155.356
282	'PoI12' 213.815 818.225 -43.3266
283	'PoI13' 241.14 624.007 -421.51
284	'PoI14' 102.589 420.672 -316.381
285	'PoI15' -88.2969 494.68 -483.497
286	'PoI16' 127.277 463.877 -8.33726
287	'PoI17' -127.796 919.448 38.2401
288	'PoI18' -250.375 584.339 389.559
289	'PoI19' -356.829 667.723 170.713
290	'PoI20' -600.325 710.192 365.661
291	'PoI21' -897.609 381.853 430.369
292	'PoI22' -843.509 519.351 -0.211667
293	'PoI23' -939.062 468.901 -304.822
294	'PoI24' -594.275 733.362 -374.869
295	'PoI25' -366.317 479.294 -221.835
296	'PoI26' -596.591 882.06 -191.121
297	'Vista1' 1063.81 506.327 -241.265
298	'Vista2' 800.168 467.228 435.819
299	'Vista3' 644.223 559.215 -454.915
300	'Vista4' -104.423 514.539 35.265
301	'Vista5' -617.385 863.105 146.807
302	'Vista6' -721.94 761.532 273.728
303	'Transition-PortalAuricBasin' -982.879 466.829 -521.245
304	'WP1' -473.702 584.729 824.634
305	'WP2' 73.8436 408.611 582.315
306	'WP3' -450.165 332.867 298.5
307	'WP4' 10.7349 89.4157 -34.4964
308	'WP5' 557.744 359.274 87.9288
309	'WP6' -57.2444 329.939 -503.139
310	'WP7' 420.03 289.99 -828.764
311	'PoI1' -607.625 574.898 707.485
312	'PoI2' 61.579 516.306 850.303
313	'PoI3' 537.588 386.655 847.686
314	'PoI4' 159.53 412.268 621.647
315	'Poi5' -383.369 339.32 471.823
316	'PoI6' 679.01 287.943 420.279
317	'PoI7' 695.569 385.047 70.7326
318	'Poi8' 1.42077 352.233 292.387
319	'PoI9' 271.223 6.53475 174.433
320	'PoI10' 442.687 303.49 3.00775
321	'PoI11' -0.320023 83.9878 4.97749
322	'PoI12' -192.244 382.152 -7.09335
323	'PoI13' -292.69 308.565 116.913
324	'PoI14' -244.483 41.4736 283.791
325	'PoI15' 516.683 298.274 -249.262
326	'PoI16' 268.9 12.3843 -262.499
327	'PoI18' 82.6104 280.097 -926.855
328	'PoI17' 236.026 290.776 -760.849
329	'PoI19' -158.12 296.031 -708.601
330	'PoI20' -395.53 203.746 -283.206
331	'PoI21' 0.524348 317.039 -341.07
332	'PoI22' 378.919 307.238 -523.116
333	'Vista1' -363.876 412.928 531.914
334	'Vista2' 359.835 525.042 896.215
335	'Vista3' -470.566 323.804 -306.192
336	'Vista4' 497.985 341.155 -353.048
337	'Vista5' 414.033 292.358 19.7785
338	'Vista6' 157.088 33.4217 -228.379
339	'Transition-PortalTangledDepths' 642.815 266.484 -941.245
340	'WP1' -874.523 297.282 253.737
341	'WP2' -1005.12 7.48913 -686.252
342	'WP3' 190.69 3.39192 -428.096
343	'WP4' -237.896 277.017 -220.617
344	'WP5' 35.5073 154.599 464.707
345	'WP6' 543.603 1.05582 175.639
346	'WP7' 736.244 287.323 -413.709
347	'PoI1' -872.988 296.676 232.98
348	'PoI2' -798.711 245.218 -71.4886
349	'PoI3' -608.269 396.553 -71.0479
350	'PoI4' -603.888 98.9287 150.566
351	'PoI5' -594.422 -12.4757 -382.971
352	'PoI6' -515.713 0.268127 -573.662
353	'PoI7' -881.303 3.84027 -642.611
354	'PoI8' -41.8482 67.9247 -109.017
355	'PoI9' -96.4914 356.813 -411.267
356	'PoI10' 709.823 288.085 -403.815
357	'PoI11' 1007.29 364.893 -681.271
358	'PoI12' 909.851 -1.3093 -229.186
359	'PoI13' 954.978 39.095 -143.334
360	'PoI14' 492.669 86.9154 -121.759
361	'PoI15' 411.35 18.3413 -49.0294
362	'PoI16' 505.227 3.01808 158.782
363	'PoI17' 533.329 202.577 501.187
364	'PoI18' -34.2736 316.429 488.214
365	'PoI19' -36.1993 47.6268 551.211
366	'PoI20' -505.168 22.4001 294.765
367	'Vista1' -635.691 410.472 97.5859
368	'Vista2' -94.964 220.327 141.737
369	'Vista3' 534.207 169.827 191.099
370	'Vista4' 861.323 407.894 -606.81
371	'Vista5' -582.726 236.364 -284.569
372	'Vista6' 955.796 343.427 -224.877
373	'Transition-PortalDragonsStand' -988.812 4.9449 -714.565
374	'WP1' 798.747 87.7491 954.263
375	'WP2' 919.99 65.9353 734.475
376	'WP3' 1051.72 82.2599 270.816
377	'WP4' 802.535 54.0979 9.58489
378	'WP5' 47.1774 121.58 -428.74
379	'WP6' -110.861 137.534 -158.149
380	'WP7' 401.053 130.229 109.197
381	'WP8' 464.538 78.5572 397.976
382	'WP9' 109.583 56.8563 711.084
383	'WP10' -38.6346 113.52 537.157
384	'WP11' -620.213 115.549 103.372
385	'PoI1' -907.312 225.877 -523.71
386	'PoI2' -1049.58 174.092 -254.368
387	'PoI3' 667.427 94.3547 -163.264
388	'PoI4' 727.887 57.6983 -85.3431
389	'PoI5' 830.409 51.8863 -23.8433
390	'PoI6' 945.51 37.7744 -193.479
391	'PoI7' 368.542 120.063 -442.295
392	'PoI8' 113.042 119.207 -223.437
393	'PoI9' -435.83 100.262 204.974
394	'PoI10' -416.11 21.5147 510.959
395	'PoI11' -62.0702 100.85 481.186
396	'PoI12' 383.506 254.714 254.764
397	'PoI13' 361.778 130.677 122.898
398	'PoI14' 371.879 60.7143 56.3912
399	'PoI15' 1022.71 85.4378 228.599
400	'PoI16' 1110.95 9.87489 370.078
401	'PoI17' 998.024 35.6621 630.463
402	'PoI18' 792.533 73.3326 911.125
403	'PoI19' 734.475 63.7411 803.758
404	'PoI20' 606.777 110.705 923.149
405	'PoI21' 158.406 60.9007 740.374
406	'PoI22' 521.981 76.6362 406.73
407	'PoI23' 601.069 -0.163212 521.533
408	'PoI24' 842.612 87.5154 505.514
409	'Vista2' -164.835 110.663 276.094
410	'Vista2' -265.459 47.452 580.54
411	'Vista3' 358.571 159.567 432.181
412	'Vista4' 210.299 152.231 48.636
413	'Vista5' 613.33 113.598 -252.474
414	'Vista6' 905.009 61.1311 115.492
415	'Vista7' -1004.64 107.49 -475.224
416	'Transition-PortalTangledDepths' 723.95 98.5082 1019.36
417	'Transition-PortalAuricBasin' -989.766 317.718 198.32
418	'Transition-PortalVerdantBrink' -558.241 614.382 988.242
419	'Transition-PortalSilverwastes' 1183.59 512.974 80.9571
420	'Transition-PortalSWtoBrisban' 760 511 -232
421	'Transition-PortalBrisbanToKessex' 1250 83 905
422	'KessexHills-WP1' -1098.69 115.842 605.567
423	'KessexHills-WP2' -1395.19 91.4579 345.406
424	'KessexHills-WP3' -1050.27 29.051 -143.383
425	'KessexHills-WP4' -989.241 1.1724 -631.608
426	'KessexHills-WP5' -466.906 4.19988 -506.768
427	'KessexHills-WP6' -244.701 1.63902 51.4625
428	'KessexHills-WP7' -428.182 78.6571 623.989
429	'KessexHills-WP8' 73.2817 47.401 470.869
430	'KessexHills-WP9' 299.946 96.0303 641.917
431	'KessexHills-WP10' 512.206 62.7099 80.1974
432	'KessexHills-WP11' 437.156 83.0467 -422.844
433	'KessexHills-WP12' 1026.19 100.209 -346.935
434	'KessexHills-WP13' 1379.42 45.6666 -68.6693
435	'KessexHills-WP14' 1205.36 29.9352 516.453
436	'KessexHills-WP15' 752.55 47.1799 618.105
437	'KessexHills-WP16' 951.274 55.6314 246.203
438	'KessexHills-PoI1' -1228.34 67.2073 343.774
439	'KessexHills-PoI2' -910.601 75.2138 200.191
440	'KessexHills-PoI3' -751.099 5.77056 -343.313
441	'KessexHills-PoI4' -523.816 -74.0893 -223.821
442	'KessexHills-PoI5' -570.716 -134.831 -80.8457
443	'KessexHills-PoI6' -415.211 -0.00598496 130.879
444	'KessexHills-PoI7' -223.924 48.1481 365.098
445	'KessexHills-PoI8' -8.61272 54.9926 649.973
446	'KessexHills-PoI9' 416.092 61.252 445.585
447	'KessexHills-PoI10' 137.544 57.959 187.94
448	'KessexHills-PoI11' 164.584 5.71852 -172.388
449	'KessexHills-PoI12' -152.989 0.138879 -67.8441
450	'KessexHills-PoI13' 899.766 53.7728 699.619
451	'KessexHills-PoI14' 1159.72 54.7616 417.589
452	'KessexHills-PoI15' 1025.08 56.097 585.973
453	'KessexHills-PoI16' 1185.91 69.3289 82.1928
454	'KessexHills-PoI17' 1455.33 40.7826 -398.251
455	'KessexHills-PoI18' 1281.03 106.321 -602.47
456	'KessexHills-PoI19' 972.31 36.9013 -603.892
457	'KessexHills-PoI20' 166.313 -29.6505 -409.502
458	'KessexHills-Vista1' -564.489 -144.021 -73.3256
459	'KessexHills-Vista2' -851.359 32.8804 -673.234
460	'KessexHills-Vista3' -1160.58 119.682 655.507
461	'KessexHills-Vista4' 58.7349 66.5011 131.234
462	'KessexHills-Vista5' 596.395 74.8556 305.33
463	'KessexHills-Vista6' 620.458 129.949 -61.127
464	'KessexHills-Vista7' 1005.44 58.4288 -249.82
465	'KessexHills-Vista8' 1370.89 60.5543 -552.785
466	'KessexHills-Vista9' 1151.65 103.47 353.17
467	'Transition-PortalKessexToQueensdale' 630 72 720
468	'Queensdale-WP1' -515.731 42.8152 541.647
469	'Queensdale-WP2' -793.985 27.3808 443.78
470	'Queensdale-WP3' -1164.57 18.1878 601.821
471	'Queensdale-WP4' -241.001 35.1679 381.666
472	'Queensdale-WP5' -203.04 3.74212 88.7285
473	'Queensdale-WP6' 550.858 44.8659 173.746
474	'Queensdale-WP7' 223.878 1.16072 521.537
475	'Queensdale-WP8' 1165.02 26.1938 668.529
476	'Queensdale-WP9' 956.064 36.9748 123.227
477	'Queensdale-WP10' 643.964 2.4362 -332.162
478	'Queensdale-WP11' 407.282 8.49944 -769.053
479	'Queensdale-WP12' 99.6059 35.7281 -370.835
480	'Queensdale-WP13' -132.361 42.5025 -571.051
481	'Queensdale-WP14' -623.817 15.3454 -154.954
482	'Queensdale-WP15' -700.615 43.063 -495.343
483	'Queensdale-WP16' -1064.74 25.7613 -287.915
484	'Queensdale-PoI1' -591.461 26.1989 452.497
485	'Queensdale-PoI2' -923.42 26.9393 492.12
486	'Queensdale-PoI3' -1189.98 18.1522 678.865
487	'Queensdale-PoI4' -1177.94 33.2901 436.395
488	'Queensdale-PoI5' -764.729 85.8046 160.913
489	'Queensdale-PoI6' -263.231 12.1844 -51.1039
490	'Queensdale-PoI7' -530.162 10.0973 -188.383
491	'Queensdale-PoI8' -125.248 4.57678 -289.324
492	'Queensdale-PoI9' -901.172 7.25981 -307.023
493	'Queensdale-PoI10' -978.809 3.2441 -625.214
494	'Queensdale-PoI11' 896.248 42.7657 332.864
495	'Queensdale-PoI12' 670.146 46.485 569.143
496	'Queensdale-PoI13' 465.408 47.5975 267.003
497	'Queensdale-PoI14' 824.921 53.7266 35.9766
498	'Queensdale-PoI15' 575.065 44.7524 39.3519
499	'Queensdale-PoI16' 930.827 113.615 -231.008
500	'Queensdale-PoI17' 1243.51 96.0258 -167.624
501	'Queensdale-PoI18' 1096.45 72.8461 -642.937
502	'Queensdale-PoI19' 862.296 71.1632 -754.859
503	'Queensdale-PoI20' 552.905 3.26641 -348.356
504	'Queensdale-PoI21' 372.17 3.1816 -405.28338
505	'Queensdale-Vista1' -204.296 54.4848 345.278
506	'Queensdale-Vista2' -641.837 84.2153 242.312
507	'Queensdale-Vista3' -1150.02 60.4673 -372.245
508	'Queensdale-Vista4' -991.512 13.7724 -636.386
509	'Queensdale-Vista5' 361.543 37.581 -365.343
510	'Queensdale-Vista6' -922.19 29.3109 76.6777
511	'Queensdale-Vista7' -993.31 40.7599 887.714
512	'Queensdale-Vista8' 1183.47 28.3131 586.236
513	'Queensdale-Vista9' 470.153 63.5629 183.515
514	'Transition-PortalQueensdaleToDivinitysReach' -468 92 740
515	'DivinitysReach-WP1' 69.1991 123.352 -613.887
516	'DivinitysReach-WP2' 107.974 170.793 -325.897
517	'DivinitysReach-WP3' 9.99841 97.9804 -336.095
518	'DivinitysReach-WP4' 99.1199 168.412 -44.4078
519	'DivinitysReach-WP5' -395.745 123.498 -326.189
520	'DivinitysReach-WP6' -207.111 88.6791 -70.23
521	'DivinitysReach-WP7' -386.375 122.002 214.882
522	'DivinitysReach-WP8' -63.8438 98.2687 202.406
523	'DivinitysReach-WP9' 104.593 124.548 477.842
524	'DivinitysReach-WP10' 271.785 98.1724 155.717
525	'DivinitysReach-WP11' 567.281 123.007 188.281
526	'DivinitysReach-WP12' 379.844 97.9789 -77.3438
527	'DivinitysReach-WP13' 550.281 123.81 -366.624
528	'DivinitysReach-PoI1' 419.686 69.7543 -370.252
529	'DivinitysReach-PoI2' 335.639 71.8794 -511.429
530	'DivinitysReach-PoI3' -35.7802 65.4993 -483.543
531	'DivinitysReach-PoI4' -8.8351 86.6278 -380.398
532	'DivinitysReach-PoI5' -323.733 73.3749 -403.759
533	'DivinitysReach-PoI6' 14.7254 90.0832 277.25
534	'DivinitysReach-PoI7' 83.3473 97.9902 191.066
535	'DivinitysReach-PoI8' 187.982 102.382 296.411
536	'DivinitysReach-PoI9' 338.268 88.2736 418.547
537	'DivinitysReach-PoI10' 361.893 76.4241 284.317
538	'DivinitysReach-PoI11' 284.267 93.783 203.966
539	'DivinitysReach-PoI12' 339.213 80.0621 171.587
540	'DivinitysReach-PoI13' 543.441 69.5409 -44.8483
541	'DivinitysReach-PoI14' 465.458 69.1618 -150.778
542	'DivinitysReach-PoI15' 285.755 99.7954 -189.757
543	'DivinitysReach-PoI16' 81.7814 170.894 -276.89
544	'DivinitysReach-PoI17' 81.3818 170.577 -140.501
545	'DivinitysReach-PoI18' 147.627 165.981 17.6536
546	'DivinitysReach-PoI19' 83.6714 169.059 59.118
547	'DivinitysReach-PoI20' 21.0562 164.901 25.2506
548	'DivinitysReach-PoI21' -115.179 98.1731 -183.619
549	'DivinitysReach-Vista1' -265.554 85.6091 -356.038
550	'DivinitysReach-Vista2' -350.031 92.2924 -203.279
551	'DivinitysReach-Vista3' 176.785 196.582 -137.606
552	'DivinitysReach-Vista4' 176.601 89.6769 457.244
553	'DivinitysReach-Vista5' 433.328 93.797 228.362
554	'DivinitysReach-Vista6' -80.2526 132.582 181.236
555	'Transition-PortalDivinityto-FIelds-of-Ruin' 604.61 85.13 -163.1
556	'FieldsOfRuin-WP1' -894.883 74.3008 -814.319
557	'FieldsOfRuin-WP2' -638.938 74.9055 -456.325
558	'FieldsOfRuin-WP3' -458.594 85.9662 -756.094
559	'FieldsOfRuin-WP4' -24.8183 21.7188 -871.653
560	'FieldsOfRuin-WP5' -145.584 38.7965 -414.953
561	'FieldsOfRuin-WP6' -887.659 12.9055 -172.517
562	'FieldsOfRuin-WP7' -923.667 18.4754 373.292
563	'FieldsOfRuin-WP8' -677.106 18.1972 885.422
564	'FieldsOfRuin-WP9' -287.559 25.4484 886.051
565	'FieldsOfRuin-WP10' -256.879 12.6532 588.637
566	'FieldsOfRuin-WP11' -308.902 20.2069 152.069
567	'FieldsOfRuin-WP13' 508.754 43.4641 -568.443
568	'FieldsOfRuin-WP14' 827.152 38.9758 -240.342
569	'FieldsOfRuin-WP15' 101.24 20.5113 -189.905
570	'FieldsOfRuin-WP16' 95.947 29.74 335.925
571	'FieldsOfRuin-WP17' 667.886 11.3616 601.116
572	'FieldsOfRuin-WP18' 445.952 4.06245 913.913
573	'FieldsOfRuin-PoI1' 228.64 10.9004 1020.32
574	'FieldsOfRuin-PoI2' 451.709 -11.0574 639.682
575	'FieldsOfRuin-PoI3' 336.919 8.57682 403.042
576	'FieldsOfRuin-PoI4' 72.1953 51.9457 415.046
577	'FieldsOfRuin-PoI5' 109.432 5.26373 177.16
578	'FieldsOfRuin-PoI6' 871.475 58.8104 -580.116
579	'FieldsOfRuin-PoI7' 792.098 100.862 -759.588
580	'FieldsOfRuin-PoI8' 201.315 53.1735 -865.122
581	'FieldsOfRuin-PoI9' 383.67 66.4946 -281.653
582	'FieldsOfRuin-Poi10' 17.9884 20.8814 -260.679
583	'FieldsOfRuin-PoI11' -125.431 56.3897 -511.515
584	'FieldsOfRuin-PoI12' -404.785 41.3877 721.293
585	'FieldsOfRuin-PoI13' -825.993 67.309 970.953
586	'FieldsOfRuin-PoI14' -538.651 18.5006 272.631
587	'FieldsOfRuin-PoI15' -568.724 76.3469 -415.375
588	'FieldsOfRuin-PoI16' -485.067 85.1729 -674.98
589	'FieldsOfRuin-PoI17' -300.26 55.6863 -1073.42
590	'FieldsOfRuin-PoI18' -408.772 61.9795 -933.783
591	'FieldsOfRuin-PoI19' -473.689 88.3555 -1031.22
592	'FieldsOfRuin-PoI20' -720.692 58.0859 -766.59
593	'FieldsOfRuin-Vista1' -699.649 160.152 -995.655
594	'FieldsOfRuin-Vista2' -634.176 57.8257 -214.818
595	'FieldsOfRuin-Vista3' 783.72 53.9551 -389.299
596	'FieldsOfRuin-Vista4' 485.156 72.894 288.075
597	'FieldsOfRuin-Vista5' -415.778 67.3567 750.341
598	'FieldsOfRuin-Vista6' 251.278 60.2599 -241.725
599	'Transition-PortalFieldsToBlazeridge' 545 3 1025
600	'BlazeridgeSteppes-WP1' 490.768 35.1116 -1424.68
601	'BlazeridgeSteppes-WP2' 276.601 17.8116 -1128.48
602	'BlazeridgeSteppes-WP3' -352.938 27.0054 -1213.77
603	'BlazeridgeSteppes-WP4' -77.4281 22.9729 -909.344
604	'BlazeridgeSteppes-WP5' 312.787 94.2082 -723.796
605	'BlazeridgeSteppes-WP6' -349.578 6.95454 -761.849
606	'BlazeridgeSteppes-WP7' -619.121 40.1365 -555.85
607	'BlazeridgeSteppes-WP8' 417.712 88.6726 -135.501
608	'BlazeridgeSteppes-WP9' -135.659 33.2511 -119.702
609	'BlazeridgeSteppes-WP10' -448.5 48.8453 -51.625
610	'BlazeridgeSteppes-WP11' 406.306 31.3196 311.541
611	'BlazeridgeSteppes-WP12' 541.331 45.9381 617.219
612	'BlazeridgeSteppes-WP13' -52.6593 28.1661 567.4
613	'BlazeridgeSteppes-WP14' -565.119 43.7615 504.032
614	'BlazeridgeSteppes-WP15' -288.318 17.5982 992.893
615	'BlazeridgeSteppes-WP16' 378.731 25.5596 1107.87
616	'BlazeridgeSteppes-WP17' -150.016 22.2417 1189.25
617	'BlazeridgeSteppes-WP18' -636.037 24.2015 1223.37
618	'BlazeridgeSteppes-PoI1' -525.998 33.3515 1208.26
619	'BlazeridgeSteppes-PoI2' 457.132 47.2895 1301.48
620	'BlazeridgeSteppes-PoI3' 156.211 16.2398 -317.365
621	'BlazeridgeSteppes-PoI4' 474.201 91.5199 -442.694
622	'BlazeridgeSteppes-PoI5' 194.354 59.3324 -727.447
623	'BlazeridgeSteppes-PoI6' 568.987 79.2989 -896.758
624	'BlazeridgeSteppes-PoI7' 549.206 44.287 -1272.91
625	'BlazeridgeSteppes-PoI8' 103.534 4.83007 -1351.36
626	'BlazeridgeSteppes-PoI9' -192.464 35.858 -1107.32
627	'BlazeridgeSteppes-PoI10' -312.758 12.7655 -40.0277
628	'Vista1-Blazeridge' -87.6 107.49 1074.01
629	'BlazeridgeSteppes-Vista2' -465.86 42.0914 805.898
630	'BlazeridgeSteppes-Vista3' 79.7938 46.4115 -212.192
631	'BlazeridgeSteppes-Vista4' 618.908 68.8149 -926.478
632	'BlazeridgeSteppes-Vista5' 534.711 61.2138 -1251.46
633	'Transition-PortalBladeridgeToIronMarches' -670 24 1194.2
634	'IronMarches-WP1' -661.146 23.3541 522.562
635	'IronMarches-WP2' -189.056 26.7164 1216.1
636	'IronMarches-WP3' -133.318 2.99752 715.769
637	'IronMarches-WP4' 532.568 13.0314 1099.57
638	'IronMarches-WP5' 179.711 27.7699 680.292
639	'IronMarches-WP6' -214.546 23.9292 364.142
640	'IronMarches-WP7' -542.287 41.2985 -189.805
641	'IronMarches-WP8' -256.815 4.18602 -474.667
642	'IronMarches-WP9' 225.906 5.9327 -132.942
643	'IronMarches-WP10' 666.334 12.9591 -677.128
644	'IronMarches-WP11' 142.147 7.86848 -663.515
645	'IronMarches-WP12' -484.979 54.3232 -1117.73
646	'IronMarches-WP13' 9.42568 31.9657 -1439.48
647	'IronMarches-WP14' 447 6.16338 -1270.24
648	'IronMarches-PoI1' 588.265 13.791 -1320.08
649	'IronMarches-PoI2' -145.073 2.2364 -1339.53
650	'IronMarches-PoI3' -3.37384 25.5678 -1255.84
651	'IronMarches-PoI4' 626.5 5.58901 -855.071
652	'IronMarches-PoI5' 389.625 15.7895 -620.691
653	'IronMarches-PoI6' -98.2606 40.3394 -599.498
654	'IronMarches-PoI7' 416.401 -102.725 199.09
655	'IronMarches-PoI8' 442.99 17.0284 639.032
656	'IronMarches-PoI9' -376.554 15.5944 837.488
657	'IronMarches-PoI10' -353.825 -2.18599 1478.51
658	'IronMarches-PoI11' -562.751 56.094 1394.57
659	'IronMarches-PoI12' -215.167 27.1581 1085.56
660	'IronMarches-PoI13' 62.7474 6.23781 1390.01
661	'IronMarches-PoI14' 702.507 -0.277381 1435.46
662	'IronMarches-Vista1' -242.315 52.4216 -1350.11
663	'IronMarches-Vista2' -631.005 100.632 -1398.12
664	'IronMarches-Vista3' 422.229 38.7295 -245.641
665	'IronMarches-Vista4' 247.782 76.3192 458.753
666	'IronMarches-Vista5' -229 27.9129 438.811
667	'IronMarches-Vista6' -514.69 57.0115 1320.99
668	'IronMarches-Vista7' -330.713 26.1082 1375.41
669	'IronMarches-Vista8' 581.741 62.1981 1105.53
670	'Transition-PortalIronMarchesToFireheart' -693 35 573
671	'Fireheart_Rise-WP1' -1063.11 101.448 47.4026
672	'Fireheart_Rise-WP2' -839.5 60.672 805.875
673	'Fireheart_Rise-WP3' -526.751 98.7002 996.62
674	'Fireheart_Rise-WP4' -200.65 157.87 704.22
675	'Fireheart_Rise-WP5' -441.198 33.5761 47.961
676	'Fireheart_Rise-WP6' -258.274 26.4036 -359.383
677	'Fireheart_Rise-WP7' -808.879 54.485 -569.034
678	'Fireheart_Rise-WP8' -140.634 48.8654 -733.593
679	'Fireheart_Rise-WP9' 292.122 1.82118 -822.384
680	'Fireheart_Rise-WP10' 858.879 2.40645 -839.917
681	'Fireheart_Rise-WP11' 1128.61 8.88005 -691.808
682	'Fireheart_Rise-WP12' 545.919 7.85788 -523.931
683	'Fireheart_Rise-WP13' 996.726 21.7083 35.8959
684	'Fireheart_Rise-WP14' 1081.75 72.3785 816.344
685	'Fireheart_Rise-WP15' 538.864 23.2755 424.59
686	'Fireheart_Rise-WP16' 26.714 53.6802 276.563
687	'Fireheart_Rise-WP17' 257.238 33.6015 641.232
688	'Fireheart_Rise-WP18' 193.482 43.0075 894.097
689	'Fireheart_Rise-PoI1' -890.152 68.3553 976.313
690	'Fireheart_Rise-PoI2' -1016.23 5.67972 441.129
691	'Fireheart_Rise-PoI3' -723.994 59.4748 -211.336
692	'Fireheart_Rise-PoI4' -938.592 33.0554 -454.262
693	'Fireheart_Rise-PoI5' -1059.11 82.4049 -630.994
694	'Fireheart_Rise-PoI6' -890.285 67.5318 -887.151
695	'Fireheart_Rise-PoI7' -645.154 56.4268 -526.116
696	'Fireheart_Rise-PoI8' -266.742 41.0348 375.861
697	'Fireheart_Rise-PoI9' -121.057 76.7445 335.866
698	'Fireheart_Rise-PoI10' -303.972 26.2595 48.7166
699	'Fireheart_Rise-PoI11' -150.927 30.2646 -427.348
700	'Fireheart_Rise-PoI12' 383.388 1.08898 -506.366
701	'Fireheart_Rise-PoI13' 722.396 10.4008 79.3923
702	'Fireheart_Rise-PoI14' 190.587 24.3708 165.429
703	'Fireheart_Rise-PoI15' 164.562 26.8361 -171.974
704	'Fireheart_Rise-PoI16' 812.489 54.371 674.304
705	'Fireheart_Rise-Vista1' 964.856 41.7116 -832.404
706	'Fireheart_Rise-Vista2' 294.975 45.9956 -712.952
707	'Fireheart_Rise-Vista3' -307.989 71.4346 -666.238
708	'Fireheart_Rise-Vista4' -265.102 105.173 398.967
709	'Fireheart_Rise-Vista5' -768.07 52.1336 395.113
710	'Fireheart_Rise-Vista6' 149.717 63.1637 -103.336
711	'Fireheart_Rise-Vista7' 475.64 28.139 -0.378263
712	'Fireheart_Rise-Vista8' 593.573 70.9557 638.694
713	'Transition-PortalFireheartToFrostgorge' -1110 111 88
714	'Frostgorge_Sound-WP1' 594.29 56.1412 -1032.91
715	'Frostgorge_Sound-WP2' 267.276 125.633 -722.697
716	'Frostgorge_Sound-WP3' 722.913 29.3179 -383.546
717	'Frostgorge_Sound-WP4' 943.186 35.6921 170.714
718	'Frostgorge_Sound-WP5' 912.735 156.834 949.001
719	'Frostgorge_Sound-WP6' 144.345 46.3602 436.874
720	'Frostgorge_Sound-WP7' 140.604 6.84951 693.559
721	'Frostgorge_Sound-WP8' 394.068 5.93637 842.89
722	'Frostgorge_Sound-WP9' -371.461 1.57855 609.43
723	'Frostgorge_Sound-WP10' -779.374 1.14904 461
724	'Frostgorge_Sound-WP11' -555.156 -126.145 -106.147
725	'Frostgorge_Sound-WP12' -720.924 8.07913 -416.269
726	'Frostgorge_Sound-WP13' -271.483 57.2811 -657.755
727	'Frostgorge_Sound-WP14' -869.787 55.7875 -1090.17
728	'Frostgorge_Sound-WP15' 159.661 90.5979 -328.236
729	'Frostgorge_Sound-WP16' -1099.53 17.6209 1087.14
730	'Frostgorge_Sound-PoI1' -700.465 45.085 -1006.01
731	'Frostgorge_Sound-PoI2' -1008.5 47.4557 -920.017
732	'Frostgorge_Sound-PoI3' -752.45 -142.568 -769.229
733	'Frostgorge_Sound-PoI4' -293.934 65.417 -1015.96
734	'Frostgorge_Sound-PoI5' -3.91583 101.594 -849.244
735	'Frostgorge_Sound-PoI6' 42.7418 78.1442 -974.675
736	'Frostgorge_Sound-PoI7' 382.979 147.868 -792.89
737	'Frostgorge_Sound-PoI8' 199.039 129.774 -496.647
738	'Frostgorge_Sound-PoI9' 206.412 75.7706 -204.444
739	'Frostgorge_Sound-PoI10' 771.105 11.0106 -847.758
740	'Frostgorge_Sound-PoI11' 925.951 15.292 -805.908
741	'Frostgorge_Sound-PoI12' 552.783 43.0846 -245.879
742	'Frostgorge_Sound-PoI13' 991.204 59.2951 255.078
743	'Frostgorge_Sound-PoI14' 376.601 2.19839 241.628
744	'Frostgorge_Sound-PoI15' 389.007 -162.435 818.493
745	'Frostgorge_Sound-PoI16' -492.599 65.0816 544.319
746	'Frostgorge_Sound-PoI17' -935.014 -92.9313 474.229
747	'Frostgorge_Sound-PoI18' -803.302 -264.905 326.576
748	'Frostgorge_Sound-PoI19' -720.302 -168.902 148.984
749	'Frostgorge_Sound-PoI20' -50.4967 -66.8766 191.593
750	'Frostgorge_Sound-Vista1' -854.323 -139.419 333.38
751	'Frostgorge_Sound-Vista2' -460.316 41.3612 405.29
752	'Frostgorge_Sound-Vista3' -1064.45 45.2229 -453.845
753	'Frostgorge_Sound-Vista4' -553.799 82.1748 -677.031
754	'Frostgorge_Sound-Vista5' -971.577 110.419 -854.255
755	'Frostgorge_Sound-Vista6' 802.683 70.6205 -436.681
756	'Frostgorge_Sound-Vista7' 677.372 37.7824 -150.667
757	'Frostgorge_Sound-Vista8' 806.357 69.8501 314.54
758	'Transition-PortalFrostgorgeToWayfarer' 594 66 -1080
759	'WayfarerFoothills-WP1' -282.934 116.84 -759.457
760	'WayfarerFoothills-WP2' -48.2907 29.943 -1338.63
761	'WayfarerFoothills-WP3' 339.64 3.11667 -1126.22
762	'WayfarerFoothills-WP4' 18.6828 48.941 -948.626
763	'WayfarerFoothills-WP5' -365.402 186.615 -419.586
764	'WayfarerFoothills-WP6' 55.6412 36.182 -249.604
765	'WayfarerFoothills-WP7' 404.452 28.9908 -462.618
766	'WayfarerFoothills-WP8' 17.6948 97.9887 151.016
767	'WayfarerFoothills-WP9' -396.653 114.152 164.934
768	'WayfarerFoothills-WP10' 372.085 86.9863 265.336
769	'WayfarerFoothills-WP11' 284.698 103.798 640.372
770	'WayfarerFoothills-WP12' -231.232 133.957 710.252
771	'WayfarerFoothills-WP13' 172.233 103.188 928.794
772	'WayfarerFoothills-WP14' -156.774 146.19 1007.62
773	'WayfarerFoothills-WP15' -402.374 140.573 1271.85
774	'WayfarerFoothills-WP16' 325.868 242.789 1520.55
775	'WayfarerFoothills-WP17' 452.45 150.335 1200.94
776	'WayfarerFoothills-PoI1' -92.7399 63.8866 -1631.38
777	'WayfarerFoothills-PoI2' 45.6471 15.9461 -1367
778	'WayfarerFoothills-PoI3' 122.921 24.3026 -1514.96
779	'WayfarerFoothills-PoI4' 568.652 -0.837402 -1017.74
780	'WayfarerFoothills-PoI5' 232.171 1.5717 -861.133
781	'WayfarerFoothills-PoI6' -255.785 133.436 -1171.48
782	'WayfarerFoothills-PoI7' -47.3284 147.924 -760.357
783	'WayfarerFoothills-PoI8' -209.771 227.194 -551.39
784	'WayfarerFoothills-PoI9' -537.494 153.245 -227.068
785	'WayfarerFoothills-PoI10' -53.8811 51.146 -121.388
786	'WayfarerFoothills-PoI11' 220.194 29.1291 -135.494
787	'WayfarerFoothills-PoI12' 533.892 147.178 -139.136
788	'WayfarerFoothills-PoI13' 535.276 73.5147 427.701
789	'WayfarerFoothills-PoI14' -185.076 119.079 602.19
790	'WayfarerFoothills-PoI15' 529.745 88.8366 712.409
791	'WayfarerFoothills-PoI16' 327.146 91.6017 954.964
792	'WayfarerFoothills-PoI17' 28.5513 231.724 1464.93
793	'WayfarerFoothills-PoI18' 511.261 241.363 1409.04
794	'WayfarerFoothills-PoI19' 517.633 187.125 1506.51
795	'WayfarerFoothills-PoI20' 602.275 57.5064 -1309.26
796	'WayfarerFoothills-Vista1' 284.99 59.042 -813.169
797	'WayfarerFoothills-Vista2' -71.1515 159.008 -820.294
798	'WayfarerFoothills-Vista3' -279.56 225.541 -528.726
799	'WayfarerFoothills-Vista4' -309.457 182.34 -190.537
800	'WayfarerFoothills-Vista5' 474.469 127.39 -191.292
801	'WayfarerFoothills-Vista6' 235.133 174.054 91.6217
802	'WayfarerFoothills-Vista7' -353.818 170.831 147.726
803	'WayfarerFoothills-Vista8' -49.5569 176.358 717.464
804	'WayfarerFoothills-Vista9' 46.7842 256.892 1315.48
805	'WayfarerFoothills-Vista10' -575.585 40.5479 -1545.41
806	'Transition-PortalWayfarerToDiessa' 528 155 1198
807	'DiessaPlateau-WP1' -1167.8 122.807 266.282
808	'DiessaPlateau-WP2' -763.793 76.356 339.644
809	'DiessaPlateau-WP3' -509.046 83.545 535.298
810	'DiessaPlateau-WP4' -903.113 38.9066 -293.613
811	'DiessaPlateau-WP5' -882.66 38.6663 -664.287
812	'DiessaPlateau-WP6' -454.347 52.759 -223.11
813	'DiessaPlateau-WP7' -273.242 51.1985 -579.723
814	'DiessaPlateau-WP8' -210.698 43.4061 7.23016
815	'DiessaPlateau-WP9' 279.117 29.1499 -656.678
816	'DiessaPlateau-WP10' 276.19 46.2945 -134.91
817	'DiessaPlateau-WP11' 618.708 42.6925 -294.868
818	'DiessaPlateau-WP12' 1018.73 9.81042 -771.369
819	'DiessaPlateau-WP13' 1156.42 47.9379 -212.656
820	'DiessaPlateau-WP14' 1033.77 51.0304 176.237
821	'DiessaPlateau-WP15' 632.858 29.5016 175.992
822	'DiessaPlateau-WP16' 474.144 1.42086 396.255
823	'DiessaPlateau-WP17' 934.028 42.7703 540.823
824	'DiessaPlateau-WP18' 488.219 46.4106 705.094
825	'DiessaPlateau-WP19' 61.215 33.3347 406.411
826	'DiessaPlateau-PoI1' -1042.69 102.385 328.524
827	'DiessaPlateau-PoI2' -652.905 58.672 6.35179
828	'DiessaPlateau-PoI3' -1212.34 114.948 -224.046
829	'DiessaPlateau-PoI4' -1292.1 41.9006 -595.406
830	'DiessaPlateau-PoI5' -721.925 36.4088 -525.532
831	'DiessaPlateau-PoI6' -470.86 60.3714 -732.286
832	'DiessaPlateau-PoI7' -237.556 71.9224 -94.3958
833	'DiessaPlateau-PoI8' -182.843 -1.29912 94.9875
834	'DiessaPlateau-PoI9' -317.357 63.436 281.996
835	'DiessaPlateau-PoI10' 225.127 4.05613 315.82
836	'DiessaPlateau-PoI11' 154.792 4.32527 156.127
837	'DiessaPlateau-PoI12' 866.63 30.1882 269.258
838	'DiessaPlateau-PoI13' 895.924 27.2552 -411.424
839	'DiessaPlateau-PoI14' 1198.38 -4.14576 -554.423
840	'DiessaPlateau-PoI15' 346.634 30.0539 -756.245
841	'DiessaPlateau-PoI16' 199.126 33.135 -445.428
842	'DiessaPlateau-PoI17' -660.274 82.4333 -749.904
843	'DiessaPlateau-Vista1' 392.743 78.385 705.121
844	'DiessaPlateau-Vista2' 1150.75 74.8931 684.542
845	'DiessaPlateau-Vista3' -168.191 139.773 664.374
846	'DiessaPlateau-Vista4' -213.095 152.553 -94.8465
847	'DiessaPlateau-Vista5' -1184.87 49.4345 -790.276
848	'DiessaPlateau-Vista6' -307.302 74.2579 -682.257
849	'DiessaPlateau-Vista7' 471.826 65.7485 -687.605
850	'DiessaPlateau-Vista8' 737.554 64.3651 -298.179
851	'DiessaPlateau-Vista9' -927.818 97.6721 253.78
852	'DiessaPlateau-Vista10' 1153.09 70.471 -417.668
853	'Transition-PortalDiessaToAshford' 1130 17 -820
854	'PlainsOfAshford-WP1' -1336.56 69.4125 601.8
855	'PlainsOfAshford-WP2' -1324.16 63.5707 289.661
856	'PlainsOfAshford-WP3' -1066.75 56.5312 -41.6764
857	'PlainsOfAshford-WP4' -794.192 49.991 280.085
858	'PlainsOfAshford-WP5' -557.594 64.9753 34.6424
859	'PlainsOfAshford-WP6' -1065.77 33.2791 -427.405
860	'PlainsOfAshford-WP7' -1012.93 63.4607 -627.838
861	'PlainsOfAshford-WP8' -402.844 10.3541 -386.625
862	'PlainsOfAshford-WP9' -62.1149 54.1031 -323.239
863	'PlainsOfAshford-WP10' -5.77339 62.0734 192.933
864	'PlainsOfAshford-WP11' -256.926 71.3903 568.742
865	'PlainsOfAshford-WP12' 396.849 42.7798 407.433
866	'PlainsOfAshford-WP13' 943.394 3.46526 -556.399
867	'PlainsOfAshford-WP14' 717.032 3.21094 -274.733
868	'PlainsOfAshford-WP15' 764.155 15.6401 215.974
869	'PlainsOfAshford-WP16' 812.468 45.4248 617.775
870	'PlainsOfAshford-WP17' 1206.91 42.5946 117.705
871	'PlainsOfAshford-WP18' 1342.65 41.5486 -218.317
872	'PlainsOfAshford-PoI1' -1277.88 51.5153 6.88944
873	'PlainsOfAshford-PoI2' -1028.42 58.6607 335.03
874	'PlainsOfAshford-PoI3' -571.315 64.1475 431.421
875	'PlainsOfAshford-PoI4' -697.496 0.504615 74.6917
876	'PlainsOfAshford-PoI5' -675.783 66.2413 -152.884
877	'PlainsOfAshford-PoI6' -417.036 66.4924 -84.3236
878	'PlainsOfAshford-PoI7' -1086.31 55.687 -269.808
879	'PlainsOfAshford-PoI8' -610.103 66.1507 -496.244
880	'PlainsOfAshford-PoI9' -40.3311 43.389 467.041
881	'PlainsOfAshford-PoI10' 89.7864 3.66456 404.102
882	'PlainsOfAshford-PoI11' 280.217 72.0008 410.699
883	'PlainsOfAshford-PoI12' 493.242 36.4513 195.68
884	'PlainsOfAshford-PoI13' 610.839 44.414 521.853
885	'PlainsOfAshford-PoI14' 714.299 34.0243 -671.551
886	'PlainsOfAshford-PoI15' 1369.35 55.6405 321.213
887	'PlainsOfAshford-PoI16' 991.438 49.1538 640.714
888	'PlainsOfAshford-PoI17' -1450.31 88.4724 695.745
889	'PlainsOfAshford-Vista1' -793.016 32.4508 536.321
890	'PlainsOfAshford-Vista2' -1015.99 92.8802 -218.888
891	'PlainsOfAshford-Vista3' -332.195 45.4045 -628.954
892	'PlainsOfAshford-Vista4' 140.982 76.9189 537.401
893	'PlainsOfAshford-Vista5' 720.094 71.3083 577.48
894	'PlainsOfAshford-Vista6' 1420.42 61.0104 671.299
895	'PlainsOfAshford-Vista7' 1222.88 49.2111 59.339
896	'PlainsOfAshford-Vista8' 745.762 60.141 -473.274
897	'PlainsOfAshford-Vista9' 439.926 59.4836 107.481
898	'PlainsOfAshford-Vista10' -382.024 84.2516 114.265
899	'Transition-PortalAshfordToCitadel' -1400 82 136
900	'BlackCitadel-WP1' 484.083 163.041 264.494
901	'BlackCitadel-WP2' 209.476 206.583 317.243
902	'BlackCitadel-WP3' 218.307 173.759 540.843
903	'BlackCitadel-WP4' -43.5504 172.366 621.926
904	'BlackCitadel-WP5' 37.5069 208.415 455.744
905	'BlackCitadel-WP6' -362.13 26.7413 347.049
906	'BlackCitadel-WP7' -192.668 210.567 376.156
907	'BlackCitadel-WP8' -36.6346 31.8242 329.904
908	'BlackCitadel-WP9' 0.739634 263.397 250.113
909	'BlackCitadel-WP10' 100.536 207.412 58.4006
910	'BlackCitadel-WP11' 24.22 123.45 -97.6882
911	'BlackCitadel-WP12' -156.156 14.321 -174.406
912	'BlackCitadel-PoI1' -77.8189 191.396 510.036
913	'BlackCitadel-PoI2' 267.509 164.109 608.056
914	'BlackCitadel-PoI3' 357.665 159.464 564.831
915	'BlackCitadel-PoI4' 495.547 186.579 561.024
916	'BlackCitadel-PoI5' 521.696 198.994 418.243
917	'BlackCitadel-PoI6' 448.202 162.336 393.505
918	'BlackCitadel-PoI7' 235.864 163.554 397.098
919	'BlackCitadel-PoI8' 543.866 160.517 272.417
920	'BlackCitadel-PoI9' 225.421 191.525 196.138
921	'BlackCitadel-PoI10' -403.458 11.5428 -291.235
922	'BlackCitadel-PoI11' -16.3328 203.979 111.466
923	'BlackCitadel-PoI12' 3.80882 302.028 274.784
924	'BlackCitadel-PoI13' 44.8807 196.487 265.493
925	'BlackCitadel-PoI14' 2.94415 303.031 226.95
926	'BlackCitadel-PoI15' -17.3416 267.848 215.836
927	'BlackCitadel-PoI16' -41.0207 283.467 351.632
928	'BlackCitadel-PoI17' 137.113 177.511 534.445
929	'BlackCitadel-Vista1' -170.553 85.8941 -357.717
930	'BlackCitadel-Vista2' -51.7733 125.094 -65.7448
931	'BlackCitadel-Vista3' 317.674 217.698 -29.2303
932	'BlackCitadel-Vista4' -352.473 53.9408 119.957
933	'BlackCitadel-Vista5' 61.9819 197.062 552.096
934	'Transition-PortalCitadelToLionsArch' -203 216 400
935	'LionsArch-WP1' -435.8 36.2466 464.698
936	'LionsArch-WP2' -66.316 25.822 432.736
937	'LionsArch-WP3' 118.096 35.7177 199.498
938	'LionsArch-WP4' 448.315 36.0451 395.046
939	'LionsArch-WP5' 581.148 25.3664 262.23
940	'LionsArch-WP6' 757.835 38.3916 38.9652
941	'LionsArch-WP7' 603.781 31.2989 -151.863
942	'LionsArch-WP8' 350.43 37.8869 -414.68
943	'LionsArch-WP9' 229.266 37.2517 -158.732
944	'LionsArch-WP10' -116.267 12.5451 -273.876
945	'LionsArch-WP11' -691.491 51.5007 -150.578
946	'LionsArch-WP12' -366.384 12.7518 69.6959
947	'LionsArch-WP13' -562.095 18.1049 248.611
948	'LionsArch-PoI1' -750.652 26.2586 503.663
949	'LionsArch-PoI2' -699.05 7.65252 167.649
950	'LionsArch-PoI3' -649.905 0.770974 -43.1831
951	'LionsArch-PoI4' -717.657 46.4757 -146.758
952	'LionsArch-PoI5' -520.689 -59.0001 -114.508
953	'LionsArch-PoI6' -463.606 0.759009 276.898
954	'LionsArch-PoI7' -411.946 9.50926 353.091
955	'LionsArch-PoI8' -369.706 9.33153 339.07
956	'LionsArch-PoI9' -357.974 59.0409 243.554
957	'LionsArch-PoI10' -387.935 0.483911 -0.592636
958	'LionsArch-PoI11' -288.272 22.0175 -20.6169
959	'LionsArch-PoI12' -333.437 -141.814 -201.909
960	'LionsArch-PoI13' -329.462 45.6207 -440.594
961	'LionsArch-PoI14' 270.256 38.219 -354.887
962	'LionsArch-PoI15' 0.421859 -62.4771 -129.532
963	'LionsArch-PoI16' 185.914 30.9004 -252.783
964	'LionsArch-PoI17' 167.777 44.1363 -43.9245
965	'LionsArch-PoI18' 614.465 64.0453 -267.197
966	'LionsArch-PoI19' 519.021 45.0727 -4.84735
967	'LionsArch-PoI20' 618.602 38.6315 209.801
968	'LionsArch-PoI21' 182.442 49.38 265.043
969	'LionsArch-PoI22' 109.532 29.2438 398.082
970	'LionsArch-PoI23' -42.2107 29.5291 214.353
971	'LionsArch-PoI24' -122.76 28.5088 376.151
972	'LionsArch-PoI25' -206.432 27.8985 332.362
973	'LionsArch-PoI26' -210.899 27.3935 236.377
974	'LionsArch-Vista1' -718.694 14.4105 386.805
975	'LionsArch-Vista2' -498.982 50.5153 240.227
976	'LionsArch-Vista3' -384.461 65.7381 265.71
977	'LionsArch_Vista4' -119.69 38.77 207.6
978	'LionsArch-Vista5' 209.06 20.5723 73.6083
979	'LionsArch-Vista6' 337.288 16.7793 127.804
980	'LionsArch-Vista7' 536.76 40.5714 233.797
981	'LionsArch-Vista8' 699.386 130.606 -374.333
982	'LionsArch-Vista9' 415.919 76.5325 -335.17
983	'LionsArch-Vista10' -157.53 -97.16 -139.413
984	'LionsArch-Vista11' -387.859 196.901 -454.57
985	'TransitionLionstoSouthsun' 199.12 49.33 332.47
986	'SouthsunCove-WP1' 765.888 38.1621 -425.866
987	'SouthsunCove-WP2' 596.43 36.0153 116.334
988	'SouthsunCove-WP3' 801.815 0.973127 459.188
989	'SouthsunCove-WP4' -16.3756 0.846693 432.43
990	'SouthsunCove-WP5' 28.4585 28.3706 -406.764
991	'SouthsunCove-WP6' -663.406 39.0144 -505.826
992	'SouthsunCove-PoI1' -449.5 39.153 -354.999
993	'SouthsunCove-PoI2' -304.532 117.222 235.993
994	'SouthsunCove-PoI3' -141.449 -0.181253 161.331
995	'SouthsunCove-PoI4' 233.476 67.8451 14.4872
996	'SouthsunCove-PoI5' 539.846 62.4531 -7.59816
997	'SouthsunCove-PoI6' 374.861 -40.2604 -476.341
998	'Transition-PortalSouthsuntoLionsArch' 805 42 -368
999	'Transition-PortalLionsArchToHoelbrak' 222 50 305
1000	'Hoelbrak-WP1' 87.8438 372.451 -297.5
1001	'Hoelbrak-WP2' 347.819 405.189 -319.577
1002	'Hoelbrak-WP3' 598.312 383.296 -247.549
1003	'Hoelbrak-WP4' 494.57 309.11 -75.9324
1004	'Hoelbrak-WP5' 209.651 412.307 -159.708
1005	'Hoelbrak-WP6' 225.609 371.523 -54.7264
1006	'Hoelbrak-WP7' -46.3428 382.224 -51.3057
1007	'Hoelbrak-WP8' 300.121 286.617 68.7605
1008	'Hoelbrak-WP9' 664.868 314.875 37.355
1009	'Hoelbrak-WP10' 535.304 268.564 228.757
1010	'Hoelbrak-WP11' 671.054 271.306 436.456
1011	'Hoelbrak-WP12' 313.457 327.326 314.377
1012	'Hoelbrak-WP13' 59.7953 307.458 147.097
1013	'Hoelbrak-WP14' -245.409 356.192 188.991
1014	'Hoelbrak-PoI1' -275.742 356.636 297.284
1015	'Hoelbrak-PoI2' -356.138 343.327 139.873
1016	'Hoelbrak-PoI3' -82.6194 297.327 194.034
1017	'Hoelbrak-PoI4' -41.6963 409.949 -147.319
1018	'Hoelbrak-PoI5' 160.539 355.215 -157.246
1019	'Hoelbrak-PoI6' 38.0552 361.51 -385.92
1020	'Hoelbrak-PoI7' 28.6596 484.943 -408.367
1021	'Hoelbrak-PoI8' 87.4914 420.733 -419.152
1022	'Hoelbrak-PoI9' 268.798 412.837 -274.759
1023	'Hoelbrak-PoI10' 460.829 366.19 -208.614
1024	'gointo_intance_first' 574.61 395.13 -379.54
1025	'Hoelbrak-PoI11' 479.193 413.881 -421.482
1026	'Hoelbrak-PoI12' 688.428 377.715 -471.587
1027	'Hoelbrak-PoI13' 787.264 367.256 -313.498
1028	'Hoelbrak-PoI14' 548.996 301.246 -149.951
1029	'Hoelbrak-PoI15' 627.882 311.257 43.1201
1030	'Hoelbrak-PoI16' 731.039 347.25 -69.2058
1031	'Hoelbrak-PoI17' 789.68 301.573 170.969
1032	'Hoelbrak-PoI18' 650.424 258.24 261.416
1033	'Hoelbrak-PoI19' 752.687 253.726 560.546
1034	'Hoelbrak-PoI20' 415.895 308.627 602.632
1035	'Hoelbrak-PoI21' 249.609 318.517 423.826
1036	'Hoelbrak-PoI22' 332.826 316.802 435.402
1037	'Hoelbrak-PoI23' -54.0197 318.884 528.833
1038	'Hoelbrak-PoI24' 288.118 286.701 81.4346
1039	'Hoelbrak-Vista1' -499.627 362.053 49.2213
1040	'Hoelbrak-Vista2' 103.175 362.712 295.058
1041	'Hoelbrak-Vista3' 362.523 394.096 -229.709
1042	'Hoelbrak-Vista4' 586.004 411.582 -292.218
1043	'Hoelbrak-Vista5' 528.788 325.409 148.948
1044	'Transition-PortalHoelbrakToDredgehaunt' 358 411 -386
1045	'DredgehauntCliffs-WP1' 148.371 121.561 1030.85
1046	'DredgehauntCliffs-WP2' 712.601 100.119 742.707
1047	'DredgehauntCliffs-WP3' 417.44 78.6309 672.064
1048	'DredgehauntCliffs-WP4' -78.01 81.0461 844.266
1049	'DredgehauntCliffs-WP5' -349.972 71.9605 910.891
1050	'DredgehauntCliffs-WP6' -514.426 47.9789 650.715
1051	'DredgehauntCliffs-WP7' -225.419 91.6068 446.22
1052	'DredgehauntCliffs-WP8' 581.582 94.0689 309.318
1053	'DredgehauntCliffs-WP9' -693.603 70.872 246.791
1054	'DredgehauntCliffs-WP10' 149.311 108.693 227.649
1055	'DredgehauntCliffs-WP11' 330.23 116 -179.503
1056	'DredgehauntCliffs-WP12' 57.5358 144.831 -349.165
1057	'DredgehauntCliffs-WP13' -503.622 109.041 -348.761
1058	'DredgehauntCliffs-WP14' -629.681 -0.206839 -788.773
1059	'DredgehauntCliffs-WP15' -364.846 30.1533 -820.104
1060	'DredgehauntCliffs-WP16' 38.3562 65.8006 -949.984
1061	'DredgehauntCliffs-WP17' 474.245 70.6488 -758.019
1062	'DredgehauntCliffs-WP18' 627.922 101.18 -512.716
1063	'DredgehauntCliffs-PoI1' 31.1614 145.471 1043.34
1064	'DredgehauntCliffs-PoI2' 87.4852 120.351 1227.44
1065	'DredgehauntCliffs-PoI3' 249.493 116.664 1064.07
1066	'DredgehauntCliffs-PoI4' 337.437 112.496 913.832
1067	'DredgehauntCliffs-PoI5' -428.673 82.0992 933.896
1068	'DredgehauntCliffs-PoI6' -637.029 1.9287 946.497
1069	'DredgehauntCliffs-PoI7' -736.19 80.0377 1032.37
1070	'DredgehauntCliffs-PoI8' -512.911 84.0386 500.369
1071	'DredgehauntCliffs-PoI9' -111.991 95.8972 670.911
1072	'DredgehauntCliffs-PoI10' 96.3819 140.393 553.334
1073	'DredgehauntCliffs-PoI11' 724.689 35.2162 499.786
1074	'DredgehauntCliffs-PoI12' 722.959 115.086 98.8035
1075	'DredgehauntCliffs-PoI13' -450.835 75.3589 383.823
1076	'DredgehauntCliffs-PoI14' -636.947 64.3455 289.677
1077	'DredgehauntCliffs-PoI15' -748.219 108.237 37.4248
1078	'DredgehauntCliffs-PoI16' -539.974 99.2224 30.288
1079	'DredgehauntCliffs-PoI17' -712.19 114.558 -472.859
1080	'DredgehauntCliffs-PoI18' -80.3517 124.791 -96.9256
1081	'DredgehauntCliffs-PoI19' 1.48392 164.268 -198.55
1082	'DredgehauntCliffs-PoI20' -380.76 135.223 -558.562
1083	'DredgehauntCliffs-PoI21' -679.467 45.4774 -1036.09
1084	'DredgehauntCliffs-PoI22' 1.35874 74.5497 -727.599
1085	'DredgehauntCliffs-PoI23' 174.355 85.7916 -540.826
1086	'DredgehauntCliffs-PoI24' 241.957 120.621 -898.69
1087	'DredgehauntCliffs-Vista1' 53.2865 169.979 1034.35
1088	'DredgehauntCliffs-Vista2' -533.76 92.8481 949.738
1089	'DredgehauntCliffs-Vista3' -706.371 83.0844 384.894
1090	'DredgehauntCliffs-Vista4' -177.364 165.662 477.288
1091	'DredgehauntCliffs-Vista5' -63.0714 181.646 -44.1354
1092	'DredgehauntCliffs-Vista6' 494.318 112.182 -945.633
1093	'DredgehauntCliffs-Vista7' 256.719 116.882 -841.335
1094	'DredgehauntCliffs-Vista8' -674.855 76.6482 -1056.68
1095	'Transition-PortalDredgehauntToTimberline' 42 58 -1000
1096	'TimberlineFalls-WP1' -682.609 47.6885 1122.33
1097	'TimberlineFalls-WP2' 241.03 59.2385 1078.13
1098	'TimberlineFalls-WP3' -202.316 14.1523 773.257
1099	'TimberlineFalls-WP4' 163.844 72.8012 590.177
1100	'TimberlineFalls-WP5' 735.756 31.6506 674.654
1101	'TimberlineFalls-WP6' 431.31 8.7684 243.777
1102	'TimberlineFalls-WP7' 10.2259 55.7096 15.7892
1103	'TimberlineFalls-WP8' -526.281 11.2214 206.162
1104	'TimberlineFalls-WP9' -487.301 13.8634 -227.524
1105	'TimberlineFalls-WP10' -314.833 14.4051 -397.13
1106	'TimberlineFalls-WP11' -469.833 26.5019 -636.663
1107	'TimberlineFalls-WP12' -441.936 2.31501 -999.757
1108	'TimberlineFalls-WP13' -120.547 14.7047 -861.258
1109	'TimberlineFalls-WP14' 422.491 -45.2291 -955.019
1110	'TimberlineFalls-WP15' 660.735 4.41596 -639.24
1111	'TimberlineFalls-WP16' 659.671 15.045 -281.443
1112	'TimberlineFalls-WP17' 258.411 16.9208 -194.344
1113	'TimberlineFalls-WP18' 76.0859 2.19153 -537.122
1114	'TimberlineFalls-WP19' -468.426 30.5481 472.093
1115	'TimberlineFalls-PoI1' -344.263 9.60774 -1007.49
1116	'TimberlineFalls-PoI2' 167.385 -10.908 -1077.96
1117	'TimberlineFalls-PoI3' 381.198 -1.37979 -993.069
1118	'TimberlineFalls-PoI4' 348.41 -9.03081 -622.213
1119	'TimberlineFalls-PoI5' 512.448 21.7525 -82.7852
1120	'TimberlineFalls-PoI6' 668.057 -3.18245 183.548
1121	'TimberlineFalls-PoI7' 716.903 102.309 226.807
1122	'TimberlineFalls-PoI8' 560.232 1.81876 775.042
1123	'TimberlineFalls-PoI9' -692.369 35.8825 176.109
1124	'TimberlineFalls-PoI10' -112.389 57.5849 349.411
1125	'TimberlineFalls-PoI11' -589.786 4.31448 539.755
1126	'TimberlineFalls-PoI12' -551.819 59.5639 896.574
1127	'TimberlineFalls-PoI13' 49.2569 94.7136 876.284
1128	'TimberlineFalls-Vista1' -486.062 57.5785 847.679
1129	'TimberlineFalls-Vista2' -81.5085 112.438 1054.23
1130	'TimberlineFalls-Vista3' -525.047 61.4901 149.457
1131	'TimberlineFalls-Vista4' -381.751 73.861 -31.9884
1132	'TimberlineFalls-Vista5' 397.418 91.2589 -622.493
1133	'TimberlineFalls-Vista6' 503.13 46.8343 -49.2315
1134	'Transition-PortalTimberlineToLornars' -685 56 1176
1135	'LornarsPass-WP1' -526.501 62.459 1537.04
1136	'LornarsPass-WP2' -203.53 80.3441 1522.58
1137	'LornarsPass-WP3' -88.9503 106.198 1235.76
1138	'LornarsPass-WP4' 357.902 186.717 1678.69
1139	'LornarsPass-WP5' 238.179 167.113 889.878
1140	'LornarsPass-WP6' -516.128 207.836 610.056
1141	'LornarsPass-WP7' -216.583 115.526 490.33
1142	'LornarsPass-WP8' 546.304 202.381 391.038
1143	'LornarsPass-WP9' -39.2191 128.46 183.069
1144	'LornarsPass-WP10' -524.612 62.0071 -187.954
1145	'LornarsPass-WP11' -144.968 78.265 -486.438
1146	'LornarsPass-WP12' 201.307 102.06 -293.751
1147	'LornarsPass-WP13' 519.54 140.55 -659.515
1148	'LornarsPass-WP14' -407.387 42.8091 -825.046
1149	'LornarsPass-WP15' -91.3125 75.7069 -1127.42
1150	'LornarsPass-WP16' 388.322 107.64 -1448.36
1151	'LornarsPass-Wp17' -494.551 51.375 -1465.24
1152	'LornarsPass-PoI1' -473.614 132.983 1325.37
1153	'LornarsPass-Poi2' -374.839 143.702 1165.5
1154	'LornarsPass-PoI3' -222.234 67.8976 1173.61
1155	'LornarsPass-PoI4' -63.0097 145.16 1727.3
1156	'LornarsPass-PoI5' 524.528 189.36 1722.35
1157	'LornarsPass-PoI6' 146.669 154.114 1686.85
1158	'LornarsPass-PoI7' -37.1326 131.935 1478.37
1159	'LornarsPass-PoI8' 513.749 245.709 1288.72
1160	'LornarsPass-PoI9' -11.7176 109.589 1010.77
1161	'LornarsPass-PoI10' -164.424 111.796 947.029
1162	'LornarsPass-PoI11' -186.774 68.2552 786.486
1163	'LornarsPass-PoI12' 441.448 215.556 962.538
1164	'LornarsPass-PoI13' 537.166 163.259 869.351
1165	'LornarsPass-PoI14' 563.71 194.143 594.822
1166	'LornarsPass-PoI15' -280.569 118.619 566.669
1167	'LornarsPass-PoI16' -390.844 115.194 568.289
1168	'LornarsPass-PoI17' -625.338 106.64 655.961
1169	'LornarsPass-PoI18' -385.005 69.5339 196.403
1170	'LornarsPass-PoI19' -1.72231 130.834 258.033
1171	'LornarsPass-PoI20' 118.743 167.983 153.608
1172	'LornarsPass-PoI21' 475.63 164.188 143.446
1173	'LornarsPass-PoI22' 234.893 102.652 48.2416
1174	'LornarsPass-PoI23' 588.121 152.241 -74.2187
1175	'LornarsPass-PoI24' -574.125 108.547 0.0816996
1176	'LornarsPass-PoI25' -569.076 71.904 -277.325
1177	'LornarsPass-PoI26' -221.608 101.11 -223.124
1178	'LornarsPass-PoI27' -422.341 50.6841 -549.951
1179	'LornarsPass-PoI28' -90.181 87.6403 -585.344
1180	'LornarsPass-PoI29' 75.2165 62.125 -539.429
1181	'LornarsPass-PoI30' 421.716 165.975 -402.779
1182	'LornarsPass-PoI31' 342.763 153.219 -566.544
1183	'LornarsPass-PoI32' 519.965 143.562 -724.627
1184	'Poi33-falling-down' -263.28 163.15 -837.08
1185	'LornarsPass-PoI34' -153.71 -29.6634 -808.8
1186	'LornarsPass-PoI35' -90.1894 69.0587 -1188.9
1187	'LornarsPass-PoI36' -302.607 -38.3761 -1156.81
1188	'LornarsPass-PoI37' -503.179 16.1572 -1208.13
1189	'LornarsPass-PoI38' -272.531 59.918 -1475.11
1190	'LornarsPass-PoI39' -124.322 73.9594 -1535.72
1191	'LornarsPass-PoI40' 124.358 108.805 -1648.85
1192	'LornarsPass-PoI41' -202.06 115.849 -1736.24
1193	'LornarsPass-PoI42' 587.311 173.693 -1183.82
1194	'LornarsPass-PoI43' -613.901 198.174 814.182
1195	'LornarsPass-Vista1' 483.518 144.143 -1577.86
1196	'LornarsPass-Vista2' -532.197 64.5989 -1529.41
1197	'LornarsPass-Vista3' -191.803 38.6896 -782.514
1198	'LornarsPass-Vista4' 1.59882 168.507 -802.611
1199	'LornarsPass-Vista5' 502.138 197.89 -355.097
1200	'LornarsPass-Vista6' 189.052 195.881 5.304
1201	'LornarsPass-Vista7' -430.381 195.919 501.005
1202	'LornarsPass-Vista8' 308.352 272.682 1265.45
1203	'LornarsPass-Vista9' -350.633 184.397 1313.96
1204	'LornarsPass-Vista10' -88.8959 140.527 1613.74
1205	'Transition-PortalLornarsToSnowden' 410 199 1758
1206	'SnowdenDrift-WP1' 1398.66 72.0124 469.483
1207	'SnowdenDrift-WP2' 800.356 75.9129 640.374
1208	'SnowdenDrift-WP3' 895.802 68.9095 77.5441
1209	'SnowdenDrift-WP4' 1121.84 111.391 -319.423
1210	'SnowdenDrift-WP5' 1324.94 136.643 -477.089
1211	'SnowdenDrift-WP6' 415.112 38.087 -523.867
1212	'SnowdenDrift-WP7' 275.27 98.5732 174.919
1213	'SnowdenDrift-WP8' 393.397 79.327 394.021
1214	'SnowdenDrift-WP9' 421.637 75.1751 637.736
1215	'SnowdenDrift-WP10' -79.2726 5.25611 -429.696
1216	'SnowdenDrift-WP11' -498.974 36.4775 -520.243
1217	'SnowdenDrift-WP12' -398.071 57.3925 -81.1144
1218	'SnowdenDrift-WP13' -547.132 4.14633 475.383
1219	'SnowdenDrift-WP14' -917.685 52.4689 -47.9963
1220	'SnowdenDrift-WP15' -1200.05 72.213 -477.461
1221	'SnowdenDrift-WP16' -1414.26 50.525 -311.468
1222	'SnowdenDrift-WP17' -1345.97 107.726 128.998
1223	'SnowdenDrift-WP18' -1416.26 163.787 292.407
1224	'SnowdenDrift-WP19' -1355.54 158.676 395.133
1225	'SnowdenDrift-PoI1' 794.301 72.2644 296.152
1226	'SnowdenDrift-PoI2' 1350.84 91.8478 -44.3969
1227	'SnowdenDrift-PoI3' 1302.32 126.39 -541.025
1228	'SnowdenDrift-PoI4' 844.772 72.4419 -389.559
1229	'SnowdenDrift-PoI5' 351.051 25.7913 -492.591
1230	'SnowdenDrift-PoI6' 144.525 -22.9625 -534.557
1231	'SnowdenDrift-PoI7' -83.5446 14.785 -355.732
1232	'SnowdenDrift-PoI8testing' -216.725 21.3331 -103.162
1233	'SnowdenDrift-PoI9' -580.252 42.2033 666.98
1234	'SnowdenDrift-PoI10' -402.837 -36.025 492.489
1235	'SnowdenDrift-PoI11' -714.38 72.3261 -532.172
1236	'SnowdenDrift-Vista1' 1219.57 75.7577 648.252
1237	'SnowdenDrift-Vista2' 1405.27 42.7046 87.2196
1238	'SnowdenDrift-Vista3' 1251.29 144.406 -171.083
1239	'SnowdenDrift-Vista4' 1262.31 168.917 -520.633
1240	'SnowdenDrift-Vista5' -1244.91 78.7852 -322.383
1241	'SnowdenDrift-Vista6' -821.358 124.483 254.25
1242	'Transition-PortalSnowdenToGendarran' -1450 45 -350
1243	'GendarranFields-WP1' -1419.21 10.0311 423.46
1244	'GendarranFields-WP2' -825.352 62.1831 700.771
1245	'GendarranFields-WP3' -1141.13 10.9366 -23.5681
1246	'GendarranFields-WP4' -938.292 40.0639 102.824
1247	'GendarranFields-WP5' -672.922 15.9364 146.318
1248	'GendarranFields-WP6' -1354.88 10.9013 -540.531
1249	'GendarranFields-WP7' -1171.78 15.4478 -382.525
1250	'GendarranFields-WP8' -698.316 8.37188 -315.931
1251	'GendarranFields-WP9' -420.448 6.46525 2.62294
1252	'GendarranFields-WP10' -23.1914 2.15587 259.118
1253	'GendarranFields-WP11' -125.263 -44.8684 -141.278
1254	'GendarranFields-WP12' -171.795 5.74873 -520.475
1255	'GendarranFields-WP13' 221.648 9.9172 621.509
1256	'GendarranFields-WP14' 282.204 3.13464 313.553
1257	'GendarranFields-WP15' 309.112 2.70938 -570.042
1258	'GendarranFields-WP16' 464.695 14.9597 -195.817
1259	'GendarranFields-WP17' 821.491 22.5509 -97.1907
1260	'GendarranFields-WP18' 938.181 97.159 562.747
1261	'GendarranFields-WP19' 1415.11 84.4467 379.367
1262	'GendarranFields-WP20' 1081.31 57.7232 306.754
1263	'GendarranFields-WP21' 1342.58 81.4501 -181.451
1264	'GendarranFields-WP22' 1294.22 90.9919 -610.817
1265	'GendarranFields-PoI1' -1427.51 41.1727 125.173
1266	'GendarranFields-PoI2' -1470.93 31.8549 -512.199
1267	'GendarranFields-PoI3' -640.058 57.0919 601.796
1268	'GendarranFields-PoI4' -183.723 -0.683837 473.286
1269	'GendarranFields-PoI5' 7.03792 -39.3663 51.9312
1270	'GendarranFields-PoI6' -287.614 -30.709 -307.041
1271	'GendarranFields-PoI7' -533.507 0.634775 -428.061
1272	'GendarranFields-PoI8' -139.328 83.8335 -741.046
1273	'GendarranFields-PoI9' 351.016 2.46819 221.256
1274	'GendarranFields-PoI10' 233.108 0.311542 129.938
1275	'GendarranFields-PoI11' 870.739 81.9009 613.106
1276	'GendarranFields-PoI12' 548.141 0.110372 394.585
1277	'GendarranFields-PoI13' 844.199 32.6555 -148.068
1278	'GendarranFields-PoI14' 852.701 22.9312 -387.27
1279	'GendarranFields-PoI15' 1522.53 100.99 -403.472
1280	'GendarranFields-PoI16' 1313.54 69.6494 68.4544
1281	'GendarranFields-PoI17' 1183.76 34.6219 473.184
1282	'GendarranFields-VIsta1' -920.9 54.8751 -13.8687
1283	'GendarranFields-Vista2' -449.718 63.2611 88.8276
1284	'GendarranFields-Vista3' 143.163 26.8985 101.598
1285	'GendarranFields-Vista4' 283.51 21.3634 -211.829
1286	'GendarranFields-Vista5' 816.227 55.1252 -166.457
1287	'GendarranFields-Vista6' 1078.38 77.5849 -454.368
1288	'GendarranFields-Vista7' 595.253 56.3083 476.203
1289	'GendarranFields-Vista8' -256.418 29.3422 677.352
1290	'Transition-PortalGendarranToHarathi' 174.279 25.7955 714.486
1291	'HarathiHighlands-WP1' -427.637 97.9857 -727.453
1292	'HarathiHighlands-WP2' -87.5763 0.618954 -924.871
1293	'HarathiHighlands-WP3' 558.95 35.2523 -938.384
1294	'HarathiHighlands-WP4' 978.187 56.5514 -519.567
1295	'HarathiHighlands-WP5' 599.739 53.0085 -26.3344
1296	'HarathiHighlands-WP6' 798.633 136.649 817.948
1297	'HarathiHighlands-WP7' 215.747 78.5544 638.123
1298	'HarathiHighlands-WP8' -138.548 78.5969 843.519
1299	'HarathiHighlands-WP9' -271.149 41.0971 476.091
1300	'HarathiHighlands-WP10' 27.646 54.8491 345.972
1301	'HarathiHighlands-WP11' 88.8986 4.43685 -143.443
1302	'HarathiHighlands-WP12' -634.604 47.9167 -77.1957
1303	'HarathiHighlands-WP13' -928.393 95.2891 -281.007
1304	'HarathiHighlands-WP14' -880.597 21.3611 500.891
1305	'HarathiHighlands-WP15' -933.945 47.0323 842.447
1306	'HarathiHighlands-PoI1' -1043.88 151.224 -845.385
1307	'HarathiHighlands-PoI2' -1085.11 152.598 -190.757
1308	'HarathiHighlands-PoI3' -624.06 23.2651 198.762
1309	'HarathiHighlands-PoI4' -356.07 22.1781 222.889
1310	'HarathiHighlands-PoI5' -134.252 42.7724 -63.067
1311	'HarathiHighlands-PoI6' -128.769 33.1645 -408.417
1312	'HarathiHighlands-PoI7' 213.084 112.286 -436.602
1313	'HarathiHighlands-PoI8' 380.795 67.6026 -345.194
1314	'HarathiHighlands-PoI9' 389.729 33.6635 -703.437
1315	'HarathiHighlands-PoI10' 875.25 -62.8312 -887.983
1316	'HarathiHighlands-PoI11' 588.636 53.2259 315.668
1317	'HarathiHighlands-PoI12' 435.978 77.8952 494.254
1318	'HarathiHighlands-PoI13' 1125.79 216.222 696.558
1319	'HarathiHighlands-PoI14' 709.29 105.305 689.983
1320	'HarathiHighlands-PoI15' 346.713 79.9037 830.649
1321	'HarathiHighlands-Vista1' -826.363 41.7582 439.416
1322	'HarathiHighlands-Vista2' -654.253 67.7438 -89.6491
1323	'HarathiHighlands-Vista3' -593.302 143.105 -926.015
1324	'HarathiHighlands-Vista4' 327.247 110.553 -252.669
1325	'HarathiHighlands-Vista5' 879.223 93.7723 -420.211
1326	'HarathiHighlands-Vista6' 332.457 121.451 561.751
1327	'HarathiHighlands-Vista7' 133.22 64.0382 430.696
1328	'HarathiHighlands-Vista8' 820.839 90.3799 -32.9835
1329	'Transition-PortalHarathiToGendarran' 580 43 -988
1330	'Transition-PortalGendarranToLionsArch' 293 5.7 -676
1331	'Transition-PortalLionsArchToBloodtide' 331.268 40.0758 -495.457
1332	'BloodtideCoast-WP1' 272.954 18.4806 1186.61
1333	'BloodtideCoast-WP2' 720.425 58.5336 1040.75
1334	'BloodtideCoast-WP3' -299.152 -58.8345 854.934
1335	'BloodtideCoast-WP4' 69.7219 45.3499 635.748
1336	'BloodtideCoast-WP5' 298.6 1.06326 845.711
1337	'BloodtideCoast-WP6' 625.09 0.00682049 386.429
1338	'BloodtideCoast-WP7' 187.013 10.8437 -113.603
1339	'BloodtideCoast-WP8' -177.03 1.77066 110.803
1340	'BloodtideCoast-WP9' 783.875 0.226986 -123.91
1341	'BloodtideCoast-WP10' -595.591 2.07035 -176.299
1342	'BloodtideCoast-WP11' -119.115 7.50353 -612.203
1343	'BloodtideCoast-WP12' 774.478 13.9982 -582.093
1344	'BloodtideCoast-WP13' 660.797 1.79537 -993.249
1345	'BloodtideCoast-WP14' -114.631 -169.251 -776.228
1346	'BloodtideCoast-WP15' -627.75 20.8925 -939.337
1347	'BloodtideCoast-PoI1' -672.275 56.8475 -632.314
1348	'BloodtideCoast-PoI2' 794.796 -1.37273 -996.085
1349	'BloodtideCoast-PoI3' 672.794 30.3928 -569.803
1350	'BloodtideCoast-PoI4' 548.2 73.873 -306.548
1351	'BloodtideCoast-PoI5' 865.889 5.936 -234.987
1352	'BloodtideCoast-PoI6' 40.9523 69.3007 -393.271
1353	'BloodtideCoast-PoI7' -310.904 -111.181 -197.096
1354	'BloodtideCoast-PoI8' -569.374 -65.4825 205.888
1355	'BloodtideCoast-PoI9' -209.851 22.5654 278.309
1356	'BloodtideCoast-PoI10' 179.044 -3.77142 253.74
1357	'BloodtideCoast-PoI11' 384.249 0.939481 135.468
1358	'BloodtideCoast-PoI12' 584.742 24.2148 144.62
1359	'BloodtideCoast-PoI13' -431.165 -98.602 959.973
1360	'BloodtideCoast-PoI14' -252.985 61.8895 1147.71
1361	'BloodtideCoast-PoI15' -83.1444 64.7732 740.156
1362	'BloodtideCoast-PoI16' 230.954 -4.02353 679.935
1363	'BloodtideCoast-PoI17' 564.916 19.2296 623.27
1364	'BloodtideCoast-PoI18' -339.828 -84.6291 738.121
1365	'BloodtideCoast-Vista1' 575.472 40.2534 1159.39
1366	'BloodtideCoast-Vista2' 99.6409 87.379 740.392
1367	'BloodtideCoast-Vista3' 620.018 27.5189 748.519
1368	'BloodtideCoast-Vista4' -280.401 32.4921 296.274
1369	'BloodtideCoast-Vista5' 120.925 72.4035 -301.517
1370	'BloodtideCoast-Vista6' -376.639 36.0814 -1111.5
1371	'BloodtideCoast-Vista7' 839.998 62.7476 -822.51
1372	'Transition-PortalBloodtideToSparkfly' 654.819 11.2698 -1036.4
1373	'SparkflyFen-WP1' -645.059 5.024 1092.28
1374	'SparkflyFen-WP2' -418.53 25.5995 641.93
1375	'SparkflyFen-WP3' -29.4563 37.277 500.249
1376	'SparkflyFen-WP4' 260.041 2.10334 865.573
1377	'SparkflyFen-WP5' 245.609 56.9311 1048.6
1378	'SparkflyFen-WP6' 636.528 6.59811 1000.23
1379	'SparkflyFen-WP7' 597.013 45.7549 664.191
1380	'SparkflyFen-WP8' 715.389 51.0403 26.7909
1381	'SparkflyFen-WP9' 88.7769 9.79801 46.2155
1382	'SparkflyFen-WP10' -736.957 8.43291 80.5796
1383	'SparkflyFen-WP11' 711.969 41.4063 -749.375
1384	'SparkflyFen-WP12' 406.734 2.6655 -395.514
1385	'SparkflyFen-WP13' -86.4366 11.0634 -425.892
1386	'SparkflyFen-WP14' -674.506 -56.0472 -475.491
1387	'SparkflyFen-WP15' 382.355 0.438203 -900.348
1388	'SparkflyFen-WP16' -15.0281 1.59581 -819.079
1389	'SparkflyFen-WP17' -475.32 9.7814 -930.938
1390	'SparkflyFen-PoI1' -441.493 14.7532 1088.37
1391	'SparkflyFen-PoI2' -652.874 56.0993 778.565
1392	'SparkflyFen-PoI3' -611.741 45.306 508.129
1393	'SparkflyFen-PoI4' -443.376 30.5129 367.479
1394	'SparkflyFen-PoI5' -216.895 2.26207 514.346
1395	'SparkflyFen-PoI6' -54.7502 9.32009 261.313
1396	'SparkflyFen-PoI7' 456.978 9.52703 740.981
1397	'SparkflyFen-PoI8' 208.318 6.35624 698.905
1398	'SparkflyFen-PoI9' 663.74 79.2191 505.763
1399	'SparkflyFen-PoI10' 14.4565 1.46739 -127.067
1400	'SparkflyFen-PoI11' -257.418 -28.3859 101.717
1401	'SparkflyFen-PoI12' 203.411 4.04206 -369.938
1402	'SparkflyFen-PoI13' -575.047 -45.0937 -143.112
1403	'SparkflyFen-PoI14' 808.502 77.6115 -382.361
1404	'SparkflyFen-PoI15' -292.623 45.4273 -532.317
1405	'SparkflyFen-PoI16' 785.54 49.3049 -890.795
1406	'SparkflyFen-PoI17' -487.001 7.59213 -754.235
1407	'SparkflyFen-PoI18' -569.286 2.45351 -925.409
1408	'SparkflyFen-PoI19' -837.313 -35.1574 -665.794
1409	'SparkflyFen-PoI20' 124.619 3.44017 962.397
1410	'SparkflyFen-Vista1' -830.685 29.8091 -674.768
1411	'SparkflyFen-Vista2' -565.849 55.503 -661.55
1412	'SparkflyFen-Vista3' -630.006 93.5408 430.206
1413	'SparkflyFen-Vista4' 663.079 56.8025 823.883
1414	'SparkflyFen-Vista5' -299.248 40.3353 364.323
1415	'Transition-PortalSparkflyToMaelstrom' 850 54 -787
1416	'MountMaelstrom-WP1' -81.0867 17.9049 885.059
1417	'MountMaelstrom-WP2' 365.744 68.4159 820.1
1418	'MountMaelstrom-WP3' -511.943 61.1419 699.367
1419	'MountMaelstrom-WP4' -1330.3 46.1389 692.84
1420	'MountMaelstrom-WP5' -1104.34 90.4865 448.845
1421	'MountMaelstrom-WP6' -865.033 37.1922 60.318
1422	'MountMaelstrom-WP7' -887.903 72.9264 -240.29
1423	'MountMaelstrom-WP8' -1304.58 51.376 -473.916
1424	'MountMaelstrom-WP9' -530.199 111.788 -637.845
1425	'MountMaelstrom-WP10' -369.677 13.569 -355.913
1426	'MountMaelstrom-WP11' -20.0239 95.7647 -393.608
1427	'MountMaelstrom-WP12' 536.343 21.1553 -437.218
1428	'MountMaelstrom-WP13' 1305.59 1.29113 -757.945
1429	'MountMaelstrom-WP14' 1078.13 0.225605 -195.313
1430	'MountMaelstrom-WP15' 235.408 3.55548 35.7207
1431	'MountMaelstrom-WP16' -238.168 78.0424 374.904
1432	'MountMaelstrom-WP17' 946.958 14.5199 538.116
1433	'MountMaelstrom-PoI1' 844.511 31.6033 -752.148
1434	'MountMaelstrom-PoI2' 613.534 8.96761 -684.608
1435	'MountMaelstrom-PoI3' 1180.55 -61.2736 -431.712
1436	'MountMaelstrom-PoI4' 476.245 0.413794 -378.63
1437	'MountMaelstrom-PoI5' 258.543 -59.4334 -425.703
1438	'MountMaelstrom-PoI6' 551.277 -62.1128 -124.819
1439	'MountMaelstrom-PoI7' 610.107 -9.78831 142.834
1440	'MountMaelstrom-PoI8' 1104.54 11.4119 88.4167
1441	'MountMaelstrom-PoI9' 1344.15 10.516 113.595
1442	'MountMaelstrom-PoI10' 944.269 19.6165 302.092
1443	'MountMaelstrom-PoI11' 1140.74 19.7695 453.004
1444	'MountMaelstrom-PoI12' 1138.93 19.0716 728.095
1445	'MountMaelstrom-PoI13' 933.664 19.7185 852.269
1446	'MountMaelstrom-PoI14' 679.094 1.36603 720.509
1447	'MountMaelstrom-PoI15' 704.979 20.3388 433.229
1448	'MountMaelstrom-PoI16' 387.528 9.9945 360.764
1449	'MountMaelstrom-PoI17' 382.089 54.1455 796.323
1450	'MountMaelstrom-PoI18' -203.838 2.19758 873.4
1451	'MountMaelstrom-PoI19' -328.373 24.3208 666.211
1452	'MountMaelstrom-PoI20' -496.216 2.80722 579.328
1453	'MountMaelstrom-PoI21' -732.552 108.32 674.319
1454	'MountMaelstrom-PoI22' -1003.07 73.6671 725.912
1455	'MountMaelstrom-PoI23' -1283.28 41.3905 279.632
1456	'MountMaelstrom-PoI24' -483.312 87.1196 253.621
1457	'MountMaelstrom-PoI25' -142.356 75.4834 161.543
1458	'MountMaelstrom-PoI26' -94.2082 59.1627 -299.026
1459	'MountMaelstrom-PoI27' -83.2625 93.1396 -639.494
1460	'MountMaelstrom-PoI28' -221.831 46.962 -722.26
1461	'MountMaelstrom-PoI29' -406.274 12.6934 -267.552
1462	'MountMaelstrom-PoI30' -1201.2 1.27264 -498.336
1463	'MountMaelstrom-PoI31' -1345.39 23.4972 -583.415
1464	'MountMaelstrom-PoI32' -311.245 152.382 -562.326
1465	'MountMaelstrom-Vista1' 1005.73 41.8532 -283.864
1466	'MountMaelstrom-Vista2' 638.483 87.0868 -244.696
1467	'MountMaelstrom-Vista3' 696.452 37.3183 -738.045
1468	'MountMaelstrom-Vista4' -429.427 290.351 -148.802
1469	'MountMaelstrom-Vista5' -905.7 63.9148 61.9982
1470	'MountMaelstrom-Vista6' -1136.2 82.4576 265.703
1471	'MountMaelstrom-Vista7' 510.367 77.2905 589.009
1472	'Transition-PortalMaelstromToStraits' -1383 21 -605
1473	'StraitsOfDevastation-WP1' 626.267 88.6417 894.935
1474	'StraitsOfDevastation-WP2' 876.867 12.5485 680.332
1475	'StraitsOfDevastation-WP3' 630.605 2.03057 692.71
1476	'StraitsOfDevastation-WP4' 170.693 6.51142 855.5
1477	'StraitsOfDevastation-WP5' 1117.01 37.1013 181.347
1478	'StraitsOfDevastation-WP6' 873.944 24.0595 140.943
1479	'StraitsOfDevastation-WP7' 774.767 6.55598 -159.126
1480	'StraitsOfDevastation-WP8' 29.9172 2.1959 -378.856
1481	'StraitsOfDevastation-WP9' 363.182 1.23716 -576.733
1482	'StraitsOfDevastation-WP10' 132.359 -80.7453 92.5678
1483	'StraitsOfDevastation-WP11' -272.357 0.472209 -111.862
1484	'StraitsOfDevastation-WP12' -410.853 0.112118 254.494
1485	'StraitsOfDevastation-WP13' -269.411 -55.2693 498.194
1486	'StraitsOfDevastation-WP14' -892.034 -25.4086 517.666
1487	'StraitsOfDevastation-WP15' -617.698 49.8734 -146.483
1488	'StraitsOfDevastation-WP16' -970.79 40.384 -45.9785
1489	'StraitsOfDevastation-WP17' -1107.48 45.9629 -464.214
1490	'StraitsOfDevastation-WP18' -807.676 120.228 -575.594
1491	'StraitsOfDevastation-WP19' -272.501 30.5619 -842.299
1492	'StraitsOfDevastation-WP20' -484.624 10.4557 -490.893
1493	'StraitsOfDevastation-PoI1' -1145.84 61.6956 -530.455
1494	'StraitsOfDevastation-PoI2' -1122.06 68.3199 -315.94
1495	'StraitsOfDevastation-PoI3' -938.046 42.1252 -70.9513
1496	'StraitsOfDevastation-Poi4' -1159.61 27.4095 156.455
1497	'StraitsOfDevastation-PoI5' -631.006 47.2431 -166.868
1498	'StraitsOfDevastation-PoI6' -552.38 54.5944 5.41111
1499	'StraitsOfDevastation-Poi7' -331.397 12.1756 -56.865
1500	'StraitsOfDevastation-PoI8' -132.215 7.88983 -519.444
1501	'StraitsOfDevastation-PoI9' -168.679 47.8785 -683.446
1502	'StraitsOfDevastation-PoI10' 68.1786 7.4053 -447.096
1503	'StraitsOfDevastation-PoI11' 229.039 26.8059 -385.223
1504	'StraitsOfDevastation-PoI12' 326.178 -7.90074 -618.527
1505	'StraitsOfDevastation-PoI13' 524.727 20.1108 -441.234
1506	'StraitsOfDevastation-PoI14' 752.102 8.65821 -327.158
1507	'StraitsOfDevastation-PoI15' 793.889 7.05817 -229.076
1508	'StraitsOfDevastation-PoI16' 1049.31 3.15653 -397.162
1509	'StraitsOfDevastation-PoI17' 11.6207 -45.717 92.9765
1510	'StraitsOfDevastation-PoI18' 210.554 -42.7212 216.49
1511	'StraitsOfDevastation-PoI19' -237.953 -52.5864 430.475
1512	'StraitsOfDevastation-PoI20' -460.366 9.17168 412.688
1513	'StraitsOfDevastation-PoI21' -449.423 -141.907 813.23
1514	'StraitsOfDevastation-PoI22' 777.658 35.941 22.5529
1515	'StraitsOfDevastation-PoI23' 935.16 32.3533 154.541
1516	'StraitsOfDevastation-PoI24' 714.361 4.52523 263.693
1517	'StraitsOfDevastation-PoI25' 997.066 18.5083 538.454
1518	'StraitsOfDevastation-PoI26' 606.423 2.87415 833.69
1519	'StraitsOfDevastation-PoI27' 393.369 17.467 913.302
1520	'StraitsOfDevastation-PoI28' 76.4667 26.7136 766.929
1521	'StraitsOfDevastation-PoI29' -535.239 -7.48373 233.166
1522	'StraitsOfDevastation-PoI30' -764.713 149.721 -671.237
1523	'StraitsOfDevastation-Vista1' -705.421 124.544 -261.821
1524	'StraitsOfDevastation-Vista2' 232.977 27.8525 231.033
1525	'StraitsOfDevastation-Vista3' 605.87 45.6949 147.372
1526	'StraitsOfDevastation-Vista4' 210.418 94.8332 -359.072
1527	'StraitsOfDevastation-Vista5' 551.054 43.1152 -525.7
1528	'StraitsOfDevastation-Vista6' 1110.99 65.3931 -268.78
1529	'Transition-PortalStraitsToMalchors' -1165.79 66.555 -551.034
1530	'MalchorsLeap-WP1' 1261.8 37.5748 -451.022
1531	'MalchorsLeap-WP2' 1268.03 9.24702 86.1304
1532	'MalchorsLeap-WP3' 622.139 123.169 471.887
1533	'MalchorsLeap-WP4' 589.147 117.082 189.618
1534	'MalchorsLeap-WP5' 902.543 55.0732 -184.786
1535	'MalchorsLeap-WP6' 746.19 58.3718 -495.646
1536	'MalchorsLeap-WP7' 234.229 51.1572 -126.964
1537	'MalchorsLeap-WP8' -38.8708 45.0223 39.6966
1538	'MalchorsLeap-WP9' -406.915 2.68937 339.419
1539	'MalchorsLeap-WP10' -947.283 -69.0308 455.635
1540	'MalchorsLeap-WP11' -221.498 129.551 -94.9639
1541	'MalchorsLeap-WP12' -521.129 7.24027 -186.902
1542	'MalchorsLeap-WP13' -406.682 62.1945 -518.687
1543	'MalchorsLeap-PoI1' 1261.1 37.4024 -482.593
1544	'MalchorsLeap-PoI2' 1086.09 73.6531 -479.942
1545	'MalchorsLeap-PoI3' 1062.24 63.7679 -341.655
1546	'MalchorsLeap-PoI4' 1217.14 63.2759 -127.652
1547	'MalchorsLeap-PoI5' 1399.25 57.2676 -230.121
1548	'MalchorsLeap-PoI6' 1453.14 58.3638 -108.74
1549	'MalchorsLeap-PoI7' 1125.63 55.6489 284.001
1550	'MalchorsLeap-PoI8' 1268.14 -7.33802 439.051
1551	'MalchorsLeap-PoI9' 846.219 18.7935 151.197
1552	'MalchorsLeap-PoI10' 934.399 54.9193 -166.955
1553	'MalchorsLeap-PoI11' 720.472 124.596 14.5759
1554	'MalchorsLeap-PoI12' 860.362 -1.33379 -641.19
1555	'MalchorsLeap-PoI13' 618.062 123.933 459.329
1556	'MalchorsLeap-PoI14' 627.27 11.0209 506.23
1557	'MalchorsLeap-PoI15' 554.294 -29.0629 271.229
1558	'MalchorsLeap-PoI16' 537.447 125.832 179.031
1559	'MalchorsLeap-PoI17' 408.554 1.88341 184.757
1560	'MalchorsLeap-PoI18' 287.458 124.955 361.115
1561	'MalchorsLeap-PoI19' 126.913 132.604 324.665
1562	'MalchorsLeap-PoI20' 27.7292 36.0003 133.822
1563	'MalchorsLeap-PoI21' 218.564 51.1504 -147.911
1564	'MalchorsLeap-PoI22' 334.876 48.5264 -524.145
1565	'MalchorsLeap-PoI23' -13.1163 78.3782 -550.839
1566	'MalchorsLeap-PoI24' -434.063 62.6813 -530.872
1567	'MalchorsLeap-PoI25' -498.48 31.7177 -547.859
1568	'MalchorsLeap-Poi26' -550.589 44.333 -401.139
1569	'MalchorsLeap-PoI27' -363.378 74.4224 -680.676
1570	'MalchorsLeap-PoI28' -802.943 -75.2893 -277.922
1571	'MalchorsLeap-PoI29' -1280.13 -89.8507 -22.3059
1572	'MalchorsLeap-PoI30' -1048.23 -57.9604 356.335
1573	'PoI31' -843.27 -43.8 270.42
1574	'MalchorsLeap-PoI32' -690.785 -28.6676 75.6303
1575	'MalchorsLeap-PoI33' -454.821 182.996 138.222
1576	'MalchorsLeap-PoI34' -474.804 -38.3252 284.966
1577	'MalchorsLeap-PoI35' -380.77 5.22731 347.971
1578	'MalchorsLeap-PoI36' -148.373 -48.3733 495.93
1579	'MalchorsLeap-PoI37' -293.581 135.884 -42.7235
1580	'MalchorsLeap-Vista1' 653.03 44.2102 705.565
1581	'MalchorsLeap-Vista2' 1174.64 107.157 -230.26
1582	'MalchorsLeap-Vista3' 107.849 103.881 -3.04909
1583	'MalchorsLeap-Vista4' -490.993 187.603 154.413
1584	'MalchorsLeap-Vista5' -1328.92 42.3547 -344.229
1585	'Transition-PortalMalchorsToCursedShore' -370 76 -705
1586	'CursedShore-WP1' 464.876 108.043 1396.46
1587	'CursedShore-WP2' 137.413 39.5366 1132.03
1588	'CursedShore-WP3' -204.19 5.19751 942.177
1589	'CursedShore-WP4' 228.335 52.1403 787.414
1590	'CursedShore-WP5' 429.222 55.4284 505.849
1591	'CursedShore-WP6' -478.781 5.47647 579.318
1592	'CursedShore-WP7' 37.1943 2.23936 356.175
1593	'CursedShore-WP8' 326.513 38.0349 183.253
1594	'CursedShore-WP9' -37.7459 35.8018 -78.0884
1595	'CursedShore-WP10' 638.169 109.368 -350.417
1596	'CursedShore-WP11' -122.227 23.477 -471.483
1597	'CursedShore-WP12' -460.747 53.5042 -1056.69
1598	'CursedShore-WP13' 533.966 32.9953 -1344.84
1599	'CursedShore-PoI1' 574.015 27.1525 -1226.65
1600	'CursedShore-PoI2' 336.975 27.919 -1177.76
1601	'CursedShore-PoI3' 191.684 3.95179 -841.376
1602	'CursedShore-PoI4' -493.99 57.3985 -1041.96
1603	'CursedShore-PoI5' -204.237 71.1655 -1048.47
1604	'CursedShore-PoI6' -568.29 41.5051 -671.378
1605	'CursedShore-PoI7' -532.208 22.0009 -334.349
1606	'CursedShore-PoI8' -69.3303 41.2299 -583.01
1607	'CursedShore-PoI9' 593.864 109.406 -347.877
1608	'CursedShore-PoI10' 47.7808 34.1932 -280.867
1609	'CursedShore-PoI11' -44.7174 35.5018 -98.5121
1610	'CursedShore-PoI12' 328.833 4.91832 -79.1231
1611	'CursedShore-PoI13' -227.87 9.6943 46.1337
1612	'CursedShore-PoI14' -68.988 24.2021 109.843
1613	'CursedShore-PoI15' 319.107 38.0349 180.009
1614	'CursedShore-PoI16' 576.367 62.7835 287.82
1615	'CursedShore-PoI17' 443.544 54.8128 493.846
1616	'CursedShore-PoI18' 114.241 30.4531 425.946
1617	'CursedShore-PoI19' -598.474 -118.428 58.5656
1618	'CursedShore-PoI20' -462.634 5.20758 557.136
1619	'CursedShore-PoI21' -251.592 31.3944 589.279
1620	'CursedShore-PoI22' 165.157 39.6548 802.699
1621	'CursedShore-PoI23' -216.062 5.15113 958.046
1622	'CursedShore-PoI24' -420.708 8.63059 1126.92
1623	'CursedShore-PoI25' 119.909 49.1171 1099.92
1624	'CursedShore-PoI26' 143.107 96.5525 1367.07
1625	'CursedShore-PoI27' -80.4097 24.9756 -457.638
1626	'CursedShore-PoI28' -11.3512 8.93834 647.214
1627	'CursedShore-Vista1' 94.585 135.652 1099.86
1628	'CursedShore-Vista2' -464.121 41.5942 604.932
1629	'CursedShore-Vista3' -85.7714 76.2181 -457.978
1630	'CursedShore-Vista4' 139.211 66.3654 -113.29
1631	'CursedShore-Vista5' 17.3342 56.7315 -1169.09
