1	'RataSum-WP1' 146.945 474.698 147.28
2	'RataSum-WP2' 148.88 417.586 197.734
3	'RataSum-WP3' 89.335 474.691 303.282
4	'RataSum-WP4' 65.1066 447.685 206.962
5	'RataSum-WP5' 67.2867 417.58 103.689
6	'RataSum-WP6' -55.8819 474.691 182.971
7	'RataSum-WP7' -42.9779 417.586 232.052
8	'RataSum-WP8' -415.441 44.2279 -657.716
9	'RataSum-WP9' 34.8506 132.649 -440.559
10	'RataSum-PoI1' 32.315 474.462 82.0982
11	'RataSum-PoI2' -48.7535 474.133 276.601
12	'RataSum-PoI3' 166.015 474.579 248.311
13	'RataSum-PoI4' 168.734 445.477 248.499
14	'RataSum-PoI5' 176.188 447.301 297.244
15	'RataSum-PoI6' 210.779 447.301 204.497
16	'RataSum-PoI7' -45.7258 445.43 282.079
17	'RataSum-PoI8' -91.8353 430.115 315.948
18	'RataSum-PoI9' 45.6289 600.559 208.417
19	'RataSum-PoI10' 29.5023 445.433 78.4395
20	'RataSum-PoI11' 70.8452 447.301 39.7957
21	'RataSum-PoI12' -20.7614 447.301 60.7938
22	'RataSum-PoI13' 19.5494 415.425 14.8658
23	'RataSum-PoI14' -750.796 402.78 760.206
24	'RataSum-PoI15' -359.153 122.451 35.7692
25	'RataSum-PoI16' -438.362 3.76675 -705.598
26	'RataSum-PoI17' -252.341 3.81513 -613.689
27	'RataSum-PoI18' -23.7903 135.844 -558.407
28	'RataSum-PoI19' 192.674 417.727 247.518
29	'Transition-PortalRataSumToMetrica' 172 473 116
30	'MetricaProvince-WP1' -89.528 35.8474 1108.41
31	'MetricaProvince-WP2' 646.542 42.9508 834.347
32	'MetricaProvince-WP3' 41.8094 7.13246 646.749
33	'MetricaProvince-WP4' -286.565 15.2738 550.618
34	'MetricaProvince-WP5' 241.091 40.5951 322.353
35	'MetricaProvince-WP6' 710.289 33.0308 55.7493
36	'MetricaProvince-WP7' 584.342 19.585 -610
37	'MetricaProvince-WP8' 181.507 21.6965 -1077.09
38	'MetricaProvince-WP9' 57.1357 25.303 -648.234
39	'MetricaProvince-WP10' 260.709 3.78207 -177.912
40	'MetricaProvince-WP11' -199.261 12.7736 149.785
41	'MetricaProvince-WP12' -151.172 34.5436 -159.59
42	'MetricaProvince-WP13' -428.759 10.6093 -411.908
43	'MetricaProvince-WP14' -246.171 23.3226 -762.573
44	'MetricaProvince-WP15' -591.256 58.1793 -901.866
45	'MetricaProvince-WP16' -648.684 53.9657 437.752
46	'MetricaProvince-PoI1' -94.3739 25.3216 925.056
47	'MetricaProvince-PoI2' -166.859 14.126 850.877
48	'MetricaProvince-PoI3' -620.614 17.5943 667.713
49	'MetricaProvince-PoI4' 104.916 19.0996 778.512
50	'MetricaProvince-PoI5' 268.529 30.9402 731.085
51	'MetricaProvince-PoI6' 312.195 45.2697 570.562
52	'MetricaProvince-PoI7' 692.043 80.6356 1157.69
53	'MetricaProvince-PoI8' 813.982 29.7278 -242.131
54	'MetricaProvince-PoI9' 358.489 38.6132 -309.529
55	'MetricaProvince-PoI10' 761.064 53.5156 -704.605
56	'MetricaProvince-PoI11' 140.443 2.20306 151.058
57	'MetricaProvince-PoI12' -67.4742 34.2337 -159.461
58	'MetricaProvince-PoI13' 4.32571 2.22776 -16.6979
59	'MetricaProvince-PoI14' 130.596 -0.316153 -757.225
60	'MetricaProvince-PoI15' 297.156 -37.5686 -953.91
61	'MetricaProvince-PoI16' 514.188 56.9678 -883.663
62	'MetricaProvince-PoI17' 301.518 15.4288 -1125.21
63	'MetricaProvince-PoI18' 83.6161 43.6317 -1114.61
64	'MetricaProvince-PoI19' -37.5293 54.125 -1146.84
65	'MetricaProvince-PoI20' -77.8328 48.31 -928.708
66	'MetricaProvince-PoI21' -225.898 37.6593 -1045.56
67	'MetricaProvince-PoI22' -283.167 26.7278 -859.693
68	'MetricaProvince-PoI23' -555.658 53.435 -817.274
69	'Transition-PortalMetricaToCaledon' 705 41 867
70	'CaledonForest-WP1' 359.793 10.7097 1276.21
71	'CaledonForest-WP2' -566.459 8.75369 1410.06
72	'CaledonForest-WP3' -492.511 0.570764 1196.61
73	'CaledonForest-WP4' -92.8004 20.8134 1054.11
74	'CaledonForest-WP5' 253.1 12.7442 1021.56
75	'CaledonForest-WP6' -261.456 68.8916 550.278
76	'CaledonForest-WP7' -529.103 49.8376 424.84
77	'CaledonForest-WP8' 439.48 21.6986 297.897
78	'CaledonForest-WP9' -104.126 4.26909 20.1882
79	'CaledonForest-WP10' 563.571 27.8715 -311.447
80	'CaledonForest-WP11' 39.8498 38.7705 -380.489
81	'CaledonForest-WP12' -354.896 5.21249 -674.733
82	'CaledonForest-WP13' 541.325 15.1802 -795.245
83	'CaledonForest-WP14' -421.766 4.95124 863.76
84	'CaledonForest-WP15' 8.22254 22.3244 -812.325
85	'CaledonForest-WP16' 380.928 34.5103 -1065.8
86	'CaledonForest-WP17' -213.067 6.01162 -1242.88
87	'CaledonForest-WP18' -290.944 54.3217 -881.021
88	'CaledonForest-PoI1' 612.099 -34.014 1219.22
89	'CaledonForest-PoI2' 524.304 2.36192 1044.96
90	'CaledonForest-PoI3' -391.226 9.64554 1187.65
91	'CaledonForest-PoI4' 545.857 -125.7 742.043
92	'CaledonForest-PoI5' 274.232 11.1024 625.047
93	'CaledonForest-PoI6' 91.0963 78.1402 624.741
94	'CaledonForest-PoI7' 469.128 -48.5517 -3.58227
95	'CaledonForest-PoI8' 573.771 6.37682 -178.211
96	'CaledonForest-PoI9' -521.576 0.327838 642.374
97	'CaledonForest-PoI10' -477.61 43.2572 162.86
98	'CaledonForest-PoI11' -488.195 21.7663 -30.7501
99	'CaledonForest-PoI12' -245.355 11.4686 -181.378
100	'CaledonForest-PoI13' -305.935 37.4239 -402.287
101	'CaledonForest-PoI14' -604.198 18.0223 -641.492
102	'CaledonForest-PoI15' -40.6283 4.51103 -637.6
103	'CaledonForest-PoI16' -296.558 -0.795955 -1181.79
104	'CaledonForest-PoI17' -85.4982 5.00559 -1279
105	'CaledonForest-PoI18' 199.368 0.649053 -1100.17
106	'CaledonForest-PoI19' 346.707 45.5072 -1130.75
107	'CaledonForest-PoI20' 688.173 -0.0334099 -483.623
108	'Transition-PortalCaledonToGrove' -235 29 -1395
109	'Grove-WP1' -64.0408 86.543 330.125
110	'Grove-WP2' 19.3353 84.9034 7.25832
111	'Grove-WP3' 26.8513 57.7264 43.8871
112	'Grove-WP4' 58.1513 1.68935 41.4306
113	'Grove-PoI1' -44.8723 96.3852 186.192
114	'Grove-PoI2' 21.7873 27.1543 186.477
115	'Grove-PoI3' -131.377 36.5841 203.601
116	'Grove-PoI4' 42.7788 83.4729 39.0058
117	'Grove-PoI5' 33.7734 127.256 73.2305
118	'Grove-PoI6' 39.7421 125.047 19.8548
119	'Grove-PoI7' 140.228 91.1784 23.2505
120	'Grove-PoI8' 135.245 89.2417 69.7352
121	'Grove-PoI9' 180.98 12.2073 54.5545
122	'Grove-PoI10' 2.04188 29.8679 -45.1485
123	'Grove-PoI11' -81.0051 0.517299 -44.8844
124	'Grove-PoI12' 40.7007 11.8383 -82.7425
125	'Grove-PoI13' 158.112 33.506 -105.871
126	'Grove-PoI14' 70.4962 51.3058 -90.4225
127	'Grove-PoI15' -73.7803 54.189 -29.3829
128	'Grove-PoI16' -107.468 58.2034 46.1423
129	'Grove-PoI17' -120.904 60.5213 103.817
130	'Grove-PoI18' -113.439 11.8231 24.0941
131	'Grove-PoI19' 116.786 1.57148 103.206
132	'Transition-PortalGroveToCaledon' -103 94 367
133	'Transition-PortalCaledonToBrisban' -595 13 1395
134	'BrisbanWildlands-WP1' 1190.43 69.1367 797.94
135	'BrisbanWildlands-WP2' -97.0957 5.41131 896.997
136	'BrisbanWildlands-WP3' -115.876 65.8185 299.417
137	'BrisbanWildlands-WP4' 716.323 67.644 204.076
138	'BrisbanWildlands-WP5' 743.211 73.232 -38.177
139	'BrisbanWildlands-WP6' 1135.25 39.2622 -315.393
140	'BrisbanWildlands-WP7' 405.065 42.3536 -152.676
141	'BrisbanWildlands-WP8' 310.221 65.093 -782.021
142	'BrisbanWildlands-WP9' -228.071 16.6586 -215.188
143	'BrisbanWildlands-WP10' -339.781 34.8989 -592.449
144	'BrisbanWildlands-WP11' -995.607 27.7859 -189.642
145	'BrisbanWildlands-WP12' -858.655 81.6869 682.208
146	'BrisbanWildlands-WP13' -1037.33 84.0289 560.646
147	'BrisbanWildlands-PoI1' 1188.2 84.277 699.166
148	'BrisbanWildlands-PoI2' 883.698 131.32 910.863
149	'BrisbanWildlands-PoI3' 908.269 111.68 159.991
150	'BrisbanWildlands-PoI4' 1102.62 96.6075 60.2282
151	'BrisbanWildlands-PoI5' 1214.19 102.519 -534.839
152	'BrisbanWildlands-PoI6' 586.164 47.0952 -801.818
153	'BrisbanWildlands-PoI7' 144.741 60.9814 -441.839
154	'BrisbanWildlands-PoI8' -1182.34 49.001 -847.493
155	'BrisbanWildlands-PoI9' -792.359 33.9171 -348.994
156	'BrisbanWildlands-PoI10' -1097.51 21.5994 101.359
157	'BrisbanWildlands-PoI11' -795.086 93.2963 308.003
158	'BrisbanWildlands-PoI12' -944.986 105.112 796.911
159	'BrisbanWildlands-PoI13' -713.582 102.87 665.909
160	'BrisbanWildlands-PoI14' -497.372 62.537 240.523
161	'BrisbanWildlands-PoI15' -288.923 68.1479 457.755
162	'BrisbanWildlands-PoI16' -20.7831 89.1266 295.939
163	'BrisbanWildlands-PoI17' 256.449 126.062 370.025
164	'BrisbanWildlands-PoI18' 164.18 -1.3 44.277
165	'BrisbanWildlands-PoI19' 345.04 126.276 837.02
166	'BrisbanWildlands-PoI20' -181.728 23.9259 78.9533
167	'Transition-PortalBrisbanToDryTop' -1133 59 -930
168	'DryTop-WP1' 500.349 29.4659 -624.72
169	'DryTop-WP2' 267.308 16.4424 -346.381
170	'DryTop-WP3' 74.0322 41.0602 -353.351
171	'DryTop-WP4' -552.749 95.9827 -324.061
172	'DryTop-WP5' -689.213 95.1861 -374.281
173	'DryTop-PoI1' -623.612 34.7994 -818.767
174	'DryTop-PoI2' -360.538 13.4172 -800.455
175	'DryTop-PoI3' -259.996 87.9336 -665.812
176	'DryTop-PoI4' -410.874 148.301 -544.993
177	'DryTop-PoI5' -223.24 105.777 -375.429
178	'DryTop-PoI6' -704.549 94.9399 -416.437
179	'DryTop-PoI7' -600.747 2.58537 -556.026
180	'DryTop-PoI8' -603.504 76.7868 -245.327
181	'DryTop-PoI9' -418.587 6.44608 -112.098
182	'DryTop-PoI10' 41.5705 5.58333 -47.8503
183	'DryTop-PoI11' 130.79 50.3167 -271.642
184	'DryTop-PoI12' 41.5898 65.4248 -461.393
185	'DryTop-PoI13' 370.077 16.6902 -266.409
186	'DryTop-PoI14' 382.739 16.7117 -370.288
187	'DryTop-PoI15' 644.342 19.3867 -414.796
188	'DryTop-PoI16' 482.453 107.895 -527.776
189	'DryTop-PoI17' 391.166 50.208 -554.572
190	'DryTop-PoI18' 383.84 46.4077 -679.772
191	'DryTop-PoI19' 218.56 24.8013 -678.995
192	'DryTop-PoI20' 110.203 66.4063 -578.151
193	'DryTop-PoI21' 164.551 36.981 -442.542
194	'DryTop-PoI22' 464.108 27.3906 -119.323
195	'Transition-PortalDryTopToBrisban' 522 37 -656
196	'Transition-PortalBrisbanToSW' -1185 56 200.985
197	'Silverwastes-WP1' 614.324 507.187 -282.383
198	'Silverwastes-WP2' 26.9513 518.319 -533.956
199	'Silverwastes-WP3' 453.663 348.137 189.765
200	'Silverwastes-PoI1' 640.135 508.031 -258.675
201	'Silverwastes-PoI2' 521.344 508.142 -479.527
202	'Silverwastes-PoI3' 89.7052 507.867 -350.48
203	'Silverwastes-PoI4' -58.4681 526.793 -511.543
204	'Silverwastes-PoI5' -331.235 511.836 -336.803
205	'Silverwastes-PoI6' -295.952 475.527 -418.687
206	'Silverwastes-PoI7' 231.551 508.309 -418.635
207	'Silverwastes-PoI8' 47.8848 509.5 -118.669
208	'Silverwastes-PoI9' 39.5902 512.308 88.6724
209	'Silverwastes-PoI10' 235.726 506.745 131.081
210	'Silverwastes-PoI11' 357.398 457.787 60.0386
211	'Silverwastes-PoI12' 696.911 453.619 158.699
212	'Silverwastes-PoI13' 333.745 344.539 191.489
213	'Silverwastes-PoI14' 341.025 453.414 336.079
214	'Silverwastes-PoI15' -24.692 495.177 258.02
215	'Silverwastes-PoI16' -203.297 62.3042 60.893
216	'Silverwastes-PoI17' -565.711 532.72 -35.8574
217	'Silverwastes-PoI18' -231.001 507.1 204.474
218	'Transition-PortalVerdantBrink' -530.685 523.664 -389.15
219	'WP1' 1151.05 514.637 62.5355
220	'WP2' 816.012 458.746 456.452
221	'WP3' 166.211 528.421 -30.9962
222	'WP4' 459.312 535.14 -480.695
223	'WP5' -645.651 631.993 -342.815
224	'WP6' -332.067 667.633 180.961
225	'WP7' -946.993 464.801 -489.507
226	'PoI1' 1131.49 428.039 362.555
227	'PoI2' 864.616 394.392 270.776
228	'PoI3' 778.987 466.392 447.223
229	'PoI4' 579.973 408.039 522.809
230	'PoI5' 554.981 450.573 301.789
231	'PoI6' 478.64 796.741 263.042
232	'PoI7' 215.81 706.703 360.249
233	'PoI8' 862.918 344.003 18.2802
234	'PoI9' 1099.69 470.082 -321.85
235	'PoI10' 767.217 392.802 -491.618
236	'PoI11' 516.656 1047.98 -155.356
237	'PoI12' 213.815 818.225 -43.3266
238	'PoI13' 241.14 624.007 -421.51
239	'PoI14' 102.589 420.672 -316.381
240	'PoI15' -88.2969 494.68 -483.497
241	'PoI16' 127.277 463.877 -8.33726
242	'PoI17' -127.796 919.448 38.2401
243	'PoI18' -250.375 584.339 389.559
244	'PoI19' -356.829 667.723 170.713
245	'PoI20' -600.325 710.192 365.661
246	'PoI21' -897.609 381.853 430.369
247	'PoI22' -843.509 519.351 -0.211667
248	'PoI23' -939.062 468.901 -304.822
249	'PoI24' -594.275 733.362 -374.869
250	'PoI25' -366.317 479.294 -221.835
251	'PoI26' -596.591 882.06 -191.121
252	'Transition-PortalAuricBasin' -982.879 466.829 -521.245
253	'WP1' -473.702 584.729 824.634
254	'WP2' 73.8436 408.611 582.315
255	'WP3' -450.165 332.867 298.5
256	'WP4' 10.7349 89.4157 -34.4964
257	'WP5' 557.744 359.274 87.9288
258	'WP6' -57.2444 329.939 -503.139
259	'WP7' 420.03 289.99 -828.764
260	'PoI1' -607.625 574.898 707.485
261	'PoI2' 61.579 516.306 850.303
262	'PoI3' 537.588 386.655 847.686
263	'PoI4' 159.53 412.268 621.647
264	'Poi5' -383.369 339.32 471.823
265	'PoI6' 679.01 287.943 420.279
266	'PoI7' 695.569 385.047 70.7326
267	'Poi8' 1.42077 352.233 292.387
268	'PoI9' 271.223 6.53475 174.433
269	'PoI10' 442.687 303.49 3.00775
270	'PoI11' -0.320023 83.9878 4.97749
271	'PoI12' -192.244 382.152 -7.09335
272	'PoI13' -292.69 308.565 116.913
273	'PoI14' -244.483 41.4736 283.791
274	'PoI15' 516.683 298.274 -249.262
275	'PoI16' 268.9 12.3843 -262.499
276	'PoI18' 82.6104 280.097 -926.855
277	'PoI17' 236.026 290.776 -760.849
278	'PoI19' -158.12 296.031 -708.601
279	'PoI20' -395.53 203.746 -283.206
280	'PoI21' 0.524348 317.039 -341.07
281	'PoI22' 378.919 307.238 -523.116
282	'Transition-PortalTangledDepths' 642.815 266.484 -941.245
283	'WP1' -874.523 297.282 253.737
284	'WP2' -1005.12 7.48913 -686.252
285	'WP3' 190.69 3.39192 -428.096
286	'WP4' -237.896 277.017 -220.617
287	'WP5' 35.5073 154.599 464.707
288	'WP6' 543.603 1.05582 175.639
289	'WP7' 736.244 287.323 -413.709
290	'PoI1' -872.988 296.676 232.98
291	'PoI2' -798.711 245.218 -71.4886
292	'PoI3' -608.269 396.553 -71.0479
293	'PoI4' -603.888 98.9287 150.566
294	'PoI5' -594.422 -12.4757 -382.971
295	'PoI6' -515.713 0.268127 -573.662
296	'PoI7' -881.303 3.84027 -642.611
297	'PoI8' -41.8482 67.9247 -109.017
298	'PoI9' -96.4914 356.813 -411.267
299	'PoI10' 709.823 288.085 -403.815
300	'PoI11' 1007.29 364.893 -681.271
301	'PoI12' 909.851 -1.3093 -229.186
302	'PoI13' 954.978 39.095 -143.334
303	'PoI14' 492.669 86.9154 -121.759
304	'PoI15' 411.35 18.3413 -49.0294
305	'PoI16' 505.227 3.01808 158.782
306	'PoI17' 533.329 202.577 501.187
307	'PoI18' -34.2736 316.429 488.214
308	'PoI19' -36.1993 47.6268 551.211
309	'PoI20' -505.168 22.4001 294.765
310	'Transition-PortalDragonsStand' -988.812 4.9449 -714.565
311	'WP1' 798.747 87.7491 954.263
312	'WP2' 919.99 65.9353 734.475
313	'WP3' 1051.72 82.2599 270.816
314	'WP4' 802.535 54.0979 9.58489
315	'WP5' 47.1774 121.58 -428.74
316	'WP6' -110.861 137.534 -158.149
317	'WP7' 401.053 130.229 109.197
318	'WP8' 464.538 78.5572 397.976
319	'WP9' 109.583 56.8563 711.084
320	'WP10' -38.6346 113.52 537.157
321	'WP11' -620.213 115.549 103.372
322	'PoI1' -907.312 225.877 -523.71
323	'PoI2' -1049.58 174.092 -254.368
324	'PoI3' 667.427 94.3547 -163.264
325	'PoI4' 727.887 57.6983 -85.3431
326	'PoI5' 830.409 51.8863 -23.8433
327	'PoI6' 945.51 37.7744 -193.479
328	'PoI7' 368.542 120.063 -442.295
329	'PoI8' 113.042 119.207 -223.437
330	'PoI9' -435.83 100.262 204.974
331	'PoI10' -416.11 21.5147 510.959
332	'PoI11' -62.0702 100.85 481.186
333	'PoI12' 383.506 254.714 254.764
334	'PoI13' 361.778 130.677 122.898
335	'PoI14' 371.879 60.7143 56.3912
336	'PoI15' 1022.71 85.4378 228.599
337	'PoI16' 1110.95 9.87489 370.078
338	'PoI17' 998.024 35.6621 630.463
339	'PoI18' 792.533 73.3326 911.125
340	'PoI19' 734.475 63.7411 803.758
341	'PoI20' 606.777 110.705 923.149
342	'PoI21' 158.406 60.9007 740.374
343	'PoI22' 521.981 76.6362 406.73
344	'PoI23' 601.069 -0.163212 521.533
345	'PoI24' 842.612 87.5154 505.514
346	'Transition-PortalTangledDepths' 723.95 98.5082 1019.36
347	'Transition-PortalAuricBasin' -989.766 317.718 198.32
348	'Transition-PortalVerdantBrink' -558.241 614.382 988.242
349	'Transition-PortalSilverwastes' 1183.59 512.974 80.9571
350	'Transition-PortalSWtoBrisban' 760 511 -232
351	'Transition-PortalBrisbanToKessex' 1250 83 905
352	'KessexHills-WP1' -1098.69 115.842 605.567
353	'KessexHills-WP2' -1395.19 91.4579 345.406
354	'KessexHills-WP3' -1050.27 29.051 -143.383
355	'KessexHills-WP4' -989.241 1.1724 -631.608
356	'KessexHills-WP5' -466.906 4.19988 -506.768
357	'KessexHills-WP6' -244.701 1.63902 51.4625
358	'KessexHills-WP7' -428.182 78.6571 623.989
359	'KessexHills-WP8' 73.2817 47.401 470.869
360	'KessexHills-WP9' 299.946 96.0303 641.917
361	'KessexHills-WP10' 512.206 62.7099 80.1974
362	'KessexHills-WP11' 437.156 83.0467 -422.844
363	'KessexHills-WP12' 1026.19 100.209 -346.935
364	'KessexHills-WP13' 1379.42 45.6666 -68.6693
365	'KessexHills-WP14' 1205.36 29.9352 516.453
366	'KessexHills-WP15' 752.55 47.1799 618.105
367	'KessexHills-WP16' 951.274 55.6314 246.203
368	'KessexHills-PoI1' -1228.34 67.2073 343.774
369	'KessexHills-PoI2' -910.601 75.2138 200.191
370	'KessexHills-PoI3' -751.099 5.77056 -343.313
371	'KessexHills-PoI4' -523.816 -74.0893 -223.821
372	'KessexHills-PoI5' -570.716 -134.831 -80.8457
373	'KessexHills-PoI6' -415.211 -0.00598496 130.879
374	'KessexHills-PoI7' -223.924 48.1481 365.098
375	'KessexHills-PoI8' -8.61272 54.9926 649.973
376	'KessexHills-PoI9' 416.092 61.252 445.585
377	'KessexHills-PoI10' 137.544 57.959 187.94
378	'KessexHills-PoI11' 164.584 5.71852 -172.388
379	'KessexHills-PoI12' -152.989 0.138879 -67.8441
380	'KessexHills-PoI13' 899.766 53.7728 699.619
381	'KessexHills-PoI14' 1159.72 54.7616 417.589
382	'KessexHills-PoI15' 1025.08 56.097 585.973
383	'KessexHills-PoI16' 1185.91 69.3289 82.1928
384	'KessexHills-PoI17' 1455.33 40.7826 -398.251
385	'KessexHills-PoI18' 1281.03 106.321 -602.47
386	'KessexHills-PoI19' 972.31 36.9013 -603.892
387	'KessexHills-PoI20' 166.313 -29.6505 -409.502
388	'Transition-PortalKessexToQueensdale' 630 72 720
389	'Queensdale-WP1' -515.731 42.8152 541.647
390	'Queensdale-WP2' -793.985 27.3808 443.78
391	'Queensdale-WP3' -1164.57 18.1878 601.821
392	'Queensdale-WP4' -241.001 35.1679 381.666
393	'Queensdale-WP5' -203.04 3.74212 88.7285
394	'Queensdale-WP6' 550.858 44.8659 173.746
395	'Queensdale-WP7' 223.878 1.16072 521.537
396	'Queensdale-WP8' 1165.02 26.1938 668.529
397	'Queensdale-WP9' 956.064 36.9748 123.227
398	'Queensdale-WP10' 643.964 2.4362 -332.162
399	'Queensdale-WP11' 407.282 8.49944 -769.053
400	'Queensdale-WP12' 99.6059 35.7281 -370.835
401	'Queensdale-WP13' -132.361 42.5025 -571.051
402	'Queensdale-WP14' -623.817 15.3454 -154.954
403	'Queensdale-WP15' -700.615 43.063 -495.343
404	'Queensdale-WP16' -1064.74 25.7613 -287.915
405	'Queensdale-PoI1' -591.461 26.1989 452.497
406	'Queensdale-PoI2' -923.42 26.9393 492.12
407	'Queensdale-PoI3' -1189.98 18.1522 678.865
408	'Queensdale-PoI4' -1177.94 33.2901 436.395
409	'Queensdale-PoI5' -764.729 85.8046 160.913
410	'Queensdale-PoI6' -263.231 12.1844 -51.1039
411	'Queensdale-PoI7' -530.162 10.0973 -188.383
412	'Queensdale-PoI8' -125.248 4.57678 -289.324
413	'Queensdale-PoI9' -901.172 7.25981 -307.023
414	'Queensdale-PoI10' -978.809 3.2441 -625.214
415	'Queensdale-PoI11' 896.248 42.7657 332.864
416	'Queensdale-PoI12' 670.146 46.485 569.143
417	'Queensdale-PoI13' 465.408 47.5975 267.003
418	'Queensdale-PoI14' 824.921 53.7266 35.9766
419	'Queensdale-PoI15' 575.065 44.7524 39.3519
420	'Queensdale-PoI16' 930.827 113.615 -231.008
421	'Queensdale-PoI17' 1243.51 96.0258 -167.624
422	'Queensdale-PoI18' 1096.45 72.8461 -642.937
423	'Queensdale-PoI19' 862.296 71.1632 -754.859
424	'Queensdale-PoI20' 552.905 3.26641 -348.356
425	'Queensdale-PoI21' 372.17 3.1816 -405.28338
426	'Transition-PortalQueensdaleToDivinitysReach' -468 92 740
427	'DivinitysReach-WP1' 69.1991 123.352 -613.887
428	'DivinitysReach-WP2' 107.974 170.793 -325.897
429	'DivinitysReach-WP3' 9.99841 97.9804 -336.095
430	'DivinitysReach-WP4' 99.1199 168.412 -44.4078
431	'DivinitysReach-WP5' -395.745 123.498 -326.189
432	'DivinitysReach-WP6' -207.111 88.6791 -70.23
433	'DivinitysReach-WP7' -386.375 122.002 214.882
434	'DivinitysReach-WP8' -63.8438 98.2687 202.406
435	'DivinitysReach-WP9' 104.593 124.548 477.842
436	'DivinitysReach-WP10' 271.785 98.1724 155.717
437	'DivinitysReach-WP11' 567.281 123.007 188.281
438	'DivinitysReach-WP12' 379.844 97.9789 -77.3438
439	'DivinitysReach-WP13' 550.281 123.81 -366.624
440	'DivinitysReach-PoI1' 419.686 69.7543 -370.252
441	'DivinitysReach-PoI2' 335.639 71.8794 -511.429
442	'DivinitysReach-PoI3' -35.7802 65.4993 -483.543
443	'DivinitysReach-PoI4' -8.8351 86.6278 -380.398
444	'DivinitysReach-PoI5' -323.733 73.3749 -403.759
445	'DivinitysReach-PoI6' 14.7254 90.0832 277.25
446	'DivinitysReach-PoI7' 83.3473 97.9902 191.066
447	'DivinitysReach-PoI8' 187.982 102.382 296.411
448	'DivinitysReach-PoI9' 338.268 88.2736 418.547
449	'DivinitysReach-PoI10' 361.893 76.4241 284.317
450	'DivinitysReach-PoI11' 284.267 93.783 203.966
451	'DivinitysReach-PoI12' 339.213 80.0621 171.587
452	'DivinitysReach-PoI13' 543.441 69.5409 -44.8483
453	'DivinitysReach-PoI14' 465.458 69.1618 -150.778
454	'DivinitysReach-PoI15' 285.755 99.7954 -189.757
455	'DivinitysReach-PoI16' 81.7814 170.894 -276.89
456	'DivinitysReach-PoI17' 81.3818 170.577 -140.501
457	'DivinitysReach-PoI18' 147.627 165.981 17.6536
458	'DivinitysReach-PoI19' 83.6714 169.059 59.118
459	'DivinitysReach-PoI20' 21.0562 164.901 25.2506
460	'DivinitysReach-PoI21' -115.179 98.1731 -183.619
461	'Transition-PortalDivinitysReachToFieldsOfRuin' 601 83 -161
462	'FieldsOfRuin-WP1' -894.883 74.3008 -814.319
463	'FieldsOfRuin-WP2' -638.938 74.9055 -456.325
464	'FieldsOfRuin-WP3' -458.594 85.9662 -756.094
465	'FieldsOfRuin-WP4' -24.8183 21.7188 -871.653
466	'FieldsOfRuin-WP5' -145.584 38.7965 -414.953
467	'FieldsOfRuin-WP6' -887.659 12.9055 -172.517
468	'FieldsOfRuin-WP7' -923.667 18.4754 373.292
469	'FieldsOfRuin-WP8' -677.106 18.1972 885.422
470	'FieldsOfRuin-WP9' -287.559 25.4484 886.051
471	'FieldsOfRuin-WP10' -256.879 12.6532 588.637
472	'FieldsOfRuin-WP11' -308.902 20.2069 152.069
473	'FieldsOfRuin-WP13' 508.754 43.4641 -568.443
474	'FieldsOfRuin-WP14' 827.152 38.9758 -240.342
475	'FieldsOfRuin-WP15' 101.24 20.5113 -189.905
476	'FieldsOfRuin-WP16' 95.947 29.74 335.925
477	'FieldsOfRuin-WP17' 667.886 11.3616 601.116
478	'FieldsOfRuin-WP18' 445.952 4.06245 913.913
479	'FieldsOfRuin-PoI1' 228.64 10.9004 1020.32
480	'FieldsOfRuin-PoI2' 451.709 -11.0574 639.682
481	'FieldsOfRuin-PoI3' 336.919 8.57682 403.042
482	'FieldsOfRuin-PoI4' 72.1953 51.9457 415.046
483	'FieldsOfRuin-PoI5' 109.432 5.26373 177.16
484	'FieldsOfRuin-PoI6' 871.475 58.8104 -580.116
485	'FieldsOfRuin-PoI7' 792.098 100.862 -759.588
486	'FieldsOfRuin-PoI8' 201.315 53.1735 -865.122
487	'FieldsOfRuin-PoI9' 383.67 66.4946 -281.653
488	'FieldsOfRuin-Poi10' 17.9884 20.8814 -260.679
489	'FieldsOfRuin-PoI11' -125.431 56.3897 -511.515
490	'FieldsOfRuin-PoI12' -404.785 41.3877 721.293
491	'FieldsOfRuin-PoI13' -825.993 67.309 970.953
492	'FieldsOfRuin-PoI14' -538.651 18.5006 272.631
493	'FieldsOfRuin-PoI15' -568.724 76.3469 -415.375
494	'FieldsOfRuin-PoI16' -485.067 85.1729 -674.98
495	'FieldsOfRuin-PoI17' -300.26 55.6863 -1073.42
496	'FieldsOfRuin-PoI18' -408.772 61.9795 -933.783
497	'FieldsOfRuin-PoI19' -473.689 88.3555 -1031.22
498	'FieldsOfRuin-PoI20' -720.692 58.0859 -766.59
499	'Transition-PortalFieldsToBlazeridge' 545 3 1025
500	'BlazeridgeSteppes-WP1' 490.768 35.1116 -1424.68
501	'BlazeridgeSteppes-WP2' 276.601 17.8116 -1128.48
502	'BlazeridgeSteppes-WP3' -352.938 27.0054 -1213.77
503	'BlazeridgeSteppes-WP4' -77.4281 22.9729 -909.344
504	'BlazeridgeSteppes-WP5' 312.787 94.2082 -723.796
505	'BlazeridgeSteppes-WP6' -349.578 6.95454 -761.849
506	'BlazeridgeSteppes-WP7' -619.121 40.1365 -555.85
507	'BlazeridgeSteppes-WP8' 417.712 88.6726 -135.501
508	'BlazeridgeSteppes-WP9' -135.659 33.2511 -119.702
509	'BlazeridgeSteppes-WP10' -448.5 48.8453 -51.625
510	'BlazeridgeSteppes-WP11' 406.306 31.3196 311.541
511	'BlazeridgeSteppes-WP12' 541.331 45.9381 617.219
512	'BlazeridgeSteppes-WP13' -52.6593 28.1661 567.4
513	'BlazeridgeSteppes-WP14' -565.119 43.7615 504.032
514	'BlazeridgeSteppes-WP15' -288.318 17.5982 992.893
515	'BlazeridgeSteppes-WP16' 378.731 25.5596 1107.87
516	'BlazeridgeSteppes-WP17' -150.016 22.2417 1189.25
517	'BlazeridgeSteppes-WP18' -636.037 24.2015 1223.37
518	'BlazeridgeSteppes-PoI1' -525.998 33.3515 1208.26
519	'BlazeridgeSteppes-PoI2' 457.132 47.2895 1301.48
520	'BlazeridgeSteppes-PoI3' 156.211 16.2398 -317.365
521	'BlazeridgeSteppes-PoI4' 474.201 91.5199 -442.694
522	'BlazeridgeSteppes-PoI5' 194.354 59.3324 -727.447
523	'BlazeridgeSteppes-PoI6' 568.987 79.2989 -896.758
524	'BlazeridgeSteppes-PoI7' 549.206 44.287 -1272.91
525	'BlazeridgeSteppes-PoI8' 103.534 4.83007 -1351.36
526	'BlazeridgeSteppes-PoI9' -192.464 35.858 -1107.32
527	'BlazeridgeSteppes-PoI10' -312.758 12.7655 -40.0277
528	'Transition-PortalBladeridgeToIronMarches' -670 24 1194.2
529	'IronMarches-WP1' -661.146 23.3541 522.562
530	'IronMarches-WP2' -189.056 26.7164 1216.1
531	'IronMarches-WP3' -133.318 2.99752 715.769
532	'IronMarches-WP4' 532.568 13.0314 1099.57
533	'IronMarches-WP5' 179.711 27.7699 680.292
534	'IronMarches-WP6' -214.546 23.9292 364.142
535	'IronMarches-WP7' -542.287 41.2985 -189.805
536	'IronMarches-WP8' -256.815 4.18602 -474.667
537	'IronMarches-WP9' 225.906 5.9327 -132.942
538	'IronMarches-WP10' 666.334 12.9591 -677.128
539	'IronMarches-WP11' 142.147 7.86848 -663.515
540	'IronMarches-WP12' -484.979 54.3232 -1117.73
541	'IronMarches-WP13' 9.42568 31.9657 -1439.48
542	'IronMarches-WP14' 447 6.16338 -1270.24
543	'IronMarches-PoI1' 588.265 13.791 -1320.08
544	'IronMarches-PoI2' -145.073 2.2364 -1339.53
545	'IronMarches-PoI3' -3.37384 25.5678 -1255.84
546	'IronMarches-PoI4' 626.5 5.58901 -855.071
547	'IronMarches-PoI5' 389.625 15.7895 -620.691
548	'IronMarches-PoI6' -98.2606 40.3394 -599.498
549	'IronMarches-PoI7' 416.401 -102.725 199.09
550	'IronMarches-PoI8' 442.99 17.0284 639.032
551	'IronMarches-PoI9' -376.554 15.5944 837.488
552	'IronMarches-PoI10' -353.825 -2.18599 1478.51
553	'IronMarches-PoI11' -562.751 56.094 1394.57
554	'IronMarches-PoI12' -215.167 27.1581 1085.56
555	'IronMarches-PoI13' 62.7474 6.23781 1390.01
556	'IronMarches-PoI14' 702.507 -0.277381 1435.46
557	'Transition-PortalIronMarchesToFireheart' -693 35 573
558	'Fireheart_Rise-WP1' -1063.11 101.448 47.4026
559	'Fireheart_Rise-WP2' -839.5 60.672 805.875
560	'Fireheart_Rise-WP3' -526.751 98.7002 996.62
561	'Fireheart_Rise-WP4' -199.128 78.5666 705.596
562	'Fireheart_Rise-WP5' -441.198 33.5761 47.961
563	'Fireheart_Rise-WP6' -258.274 26.4036 -359.383
564	'Fireheart_Rise-WP7' -808.879 54.485 -569.034
565	'Fireheart_Rise-WP8' -140.634 48.8654 -733.593
566	'Fireheart_Rise-WP9' 292.122 1.82118 -822.384
567	'Fireheart_Rise-WP10' 858.879 2.40645 -839.917
568	'Fireheart_Rise-WP11' 1128.61 8.88005 -691.808
569	'Fireheart_Rise-WP12' 545.919 7.85788 -523.931
570	'Fireheart_Rise-WP13' 996.726 21.7083 35.8959
571	'Fireheart_Rise-WP14' 1081.75 72.3785 816.344
572	'Fireheart_Rise-WP15' 538.864 23.2755 424.59
573	'Fireheart_Rise-WP16' 26.714 53.6802 276.563
574	'Fireheart_Rise-WP17' 257.238 33.6015 641.232
575	'Fireheart_Rise-WP18' 193.482 43.0075 894.097
576	'Fireheart_Rise-PoI1' -890.152 68.3553 976.313
577	'Fireheart_Rise-PoI2' -1016.23 5.67972 441.129
578	'Fireheart_Rise-PoI3' -723.994 59.4748 -211.336
579	'Fireheart_Rise-PoI4' -938.592 33.0554 -454.262
580	'Fireheart_Rise-PoI5' -1059.11 82.4049 -630.994
581	'Fireheart_Rise-PoI6' -890.285 67.5318 -887.151
582	'Fireheart_Rise-PoI7' -645.154 56.4268 -526.116
583	'Fireheart_Rise-PoI8' -266.742 41.0348 375.861
584	'Fireheart_Rise-PoI9' -121.057 76.7445 335.866
585	'Fireheart_Rise-PoI10' -303.972 26.2595 48.7166
586	'Fireheart_Rise-PoI11' -150.927 30.2646 -427.348
587	'Fireheart_Rise-PoI12' 383.388 1.08898 -506.366
588	'Fireheart_Rise-PoI13' 722.396 10.4008 79.3923
589	'Fireheart_Rise-PoI14' 190.587 24.3708 165.429
590	'Fireheart_Rise-PoI15' 164.562 26.8361 -171.974
591	'Fireheart_Rise-PoI16' 812.489 54.371 674.304
592	'Transition-PortalFireheartToFrostgorge' -1110 111 88
593	'Frostgorge_Sound-WP1' 594.29 56.1412 -1032.91
594	'Frostgorge_Sound-WP2' 267.276 125.633 -722.697
595	'Frostgorge_Sound-WP3' 722.913 29.3179 -383.546
596	'Frostgorge_Sound-WP4' 943.186 35.6921 170.714
597	'Frostgorge_Sound-WP5' 912.735 156.834 949.001
598	'Frostgorge_Sound-WP6' 144.345 46.3602 436.874
599	'Frostgorge_Sound-WP7' 140.604 6.84951 693.559
600	'Frostgorge_Sound-WP8' 394.068 5.93637 842.89
601	'Frostgorge_Sound-WP9' -371.461 1.57855 609.43
602	'Frostgorge_Sound-WP10' -779.374 1.14904 461
603	'Frostgorge_Sound-WP11' -555.156 -126.145 -106.147
604	'Frostgorge_Sound-WP12' -720.924 8.07913 -416.269
605	'Frostgorge_Sound-WP13' -271.483 57.2811 -657.755
606	'Frostgorge_Sound-WP14' -869.787 55.7875 -1090.17
607	'Frostgorge_Sound-WP15' 159.661 90.5979 -328.236
608	'Frostgorge_Sound-WP16' -1099.53 17.6209 1087.14
609	'Frostgorge_Sound-PoI1' -700.465 45.085 -1006.01
610	'Frostgorge_Sound-PoI2' -1008.5 47.4557 -920.017
611	'Frostgorge_Sound-PoI3' -752.45 -142.568 -769.229
612	'Frostgorge_Sound-PoI4' -293.934 65.417 -1015.96
613	'Frostgorge_Sound-PoI5' -3.91583 101.594 -849.244
614	'Frostgorge_Sound-PoI6' 42.7418 78.1442 -974.675
615	'Frostgorge_Sound-PoI7' 382.979 147.868 -792.89
616	'Frostgorge_Sound-PoI8' 199.039 129.774 -496.647
617	'Frostgorge_Sound-PoI9' 206.412 75.7706 -204.444
618	'Frostgorge_Sound-PoI10' 771.105 11.0106 -847.758
619	'Frostgorge_Sound-PoI11' 925.951 15.292 -805.908
620	'Frostgorge_Sound-PoI12' 552.783 43.0846 -245.879
621	'Frostgorge_Sound-PoI13' 991.204 59.2951 255.078
622	'Frostgorge_Sound-PoI14' 376.601 2.19839 241.628
623	'Frostgorge_Sound-PoI15' 389.007 -162.435 818.493
624	'Frostgorge_Sound-PoI16' -492.599 65.0816 544.319
625	'Frostgorge_Sound-PoI17' -935.014 -92.9313 474.229
626	'Frostgorge_Sound-PoI18' -803.302 -264.905 326.576
627	'Frostgorge_Sound-PoI19' -720.302 -168.902 148.984
628	'Frostgorge_Sound-PoI20' -50.4967 -66.8766 191.593
629	'Transition-PortalFrostgorgeToWayfarer' 594 66 -1080
630	'WayfarerFoothills-WP1' -282.934 116.84 -759.457
631	'WayfarerFoothills-WP2' -48.2907 29.943 -1338.63
632	'WayfarerFoothills-WP3' 339.64 3.11667 -1126.22
633	'WayfarerFoothills-WP4' 18.6828 48.941 -948.626
634	'WayfarerFoothills-WP5' -365.402 186.615 -419.586
635	'WayfarerFoothills-WP6' 55.6412 36.182 -249.604
636	'WayfarerFoothills-WP7' 404.452 28.9908 -462.618
637	'WayfarerFoothills-WP8' 17.6948 97.9887 151.016
638	'WayfarerFoothills-WP9' -396.653 114.152 164.934
639	'WayfarerFoothills-WP10' 372.085 86.9863 265.336
640	'WayfarerFoothills-WP11' 284.698 103.798 640.372
641	'WayfarerFoothills-WP12' -231.232 133.957 710.252
642	'WayfarerFoothills-WP13' 172.233 103.188 928.794
643	'WayfarerFoothills-WP14' -156.774 146.19 1007.62
644	'WayfarerFoothills-WP15' -402.374 140.573 1271.85
645	'WayfarerFoothills-WP16' 325.868 242.789 1520.55
646	'WayfarerFoothills-WP17' 452.45 150.335 1200.94
647	'WayfarerFoothills-PoI1' -92.7399 63.8866 -1631.38
648	'WayfarerFoothills-PoI2' 45.6471 15.9461 -1367
649	'WayfarerFoothills-PoI3' 122.921 24.3026 -1514.96
650	'WayfarerFoothills-PoI4' 568.652 -0.837402 -1017.74
651	'WayfarerFoothills-PoI5' 232.171 1.5717 -861.133
652	'WayfarerFoothills-PoI6' -255.785 133.436 -1171.48
653	'WayfarerFoothills-PoI7' -47.3284 147.924 -760.357
654	'WayfarerFoothills-PoI8' -209.771 227.194 -551.39
655	'WayfarerFoothills-PoI9' -537.494 153.245 -227.068
656	'WayfarerFoothills-PoI10' -53.8811 51.146 -121.388
657	'WayfarerFoothills-PoI11' 220.194 29.1291 -135.494
658	'WayfarerFoothills-PoI12' 533.892 147.178 -139.136
659	'WayfarerFoothills-PoI13' 535.276 73.5147 427.701
660	'WayfarerFoothills-PoI14' -185.076 119.079 602.19
661	'WayfarerFoothills-PoI15' 529.745 88.8366 712.409
662	'WayfarerFoothills-PoI16' 327.146 91.6017 954.964
663	'WayfarerFoothills-PoI17' 28.5513 231.724 1464.93
664	'WayfarerFoothills-PoI18' 511.261 241.363 1409.04
665	'WayfarerFoothills-PoI19' 517.633 187.125 1506.51
666	'WayfarerFoothills-PoI20' 602.275 57.5064 -1309.26
667	'Transition-PortalWayfarerToDiessa' 528 155 1198
668	'DiessaPlateau-WP1' -1167.8 122.807 266.282
669	'DiessaPlateau-WP2' -763.793 76.356 339.644
670	'DiessaPlateau-WP3' -509.046 83.545 535.298
671	'DiessaPlateau-WP4' -903.113 38.9066 -293.613
672	'DiessaPlateau-WP5' -882.66 38.6663 -664.287
673	'DiessaPlateau-WP6' -454.347 52.759 -223.11
674	'DiessaPlateau-WP7' -273.242 51.1985 -579.723
675	'DiessaPlateau-WP8' -210.698 43.4061 7.23016
676	'DiessaPlateau-WP9' 279.117 29.1499 -656.678
677	'DiessaPlateau-WP10' 276.19 46.2945 -134.91
678	'DiessaPlateau-WP11' 618.708 42.6925 -294.868
679	'DiessaPlateau-WP12' 1018.73 9.81042 -771.369
680	'DiessaPlateau-WP13' 1156.42 47.9379 -212.656
681	'DiessaPlateau-WP14' 1033.77 51.0304 176.237
682	'DiessaPlateau-WP15' 632.858 29.5016 175.992
683	'DiessaPlateau-WP16' 474.144 1.42086 396.255
684	'DiessaPlateau-WP17' 934.028 42.7703 540.823
685	'DiessaPlateau-WP18' 488.219 46.4106 705.094
686	'DiessaPlateau-WP19' 61.215 33.3347 406.411
687	'DiessaPlateau-PoI1' -1042.69 102.385 328.524
688	'DiessaPlateau-PoI2' -652.905 58.672 6.35179
689	'DiessaPlateau-PoI3' -1212.34 114.948 -224.046
690	'DiessaPlateau-PoI4' -1292.1 41.9006 -595.406
691	'DiessaPlateau-PoI5' -721.925 36.4088 -525.532
692	'DiessaPlateau-PoI6' -470.86 60.3714 -732.286
693	'DiessaPlateau-PoI7' -237.556 71.9224 -94.3958
694	'DiessaPlateau-PoI8' -182.843 -1.29912 94.9875
695	'DiessaPlateau-PoI9' -317.357 63.436 281.996
696	'DiessaPlateau-PoI10' 225.127 4.05613 315.82
697	'DiessaPlateau-PoI11' 154.792 4.32527 156.127
698	'DiessaPlateau-PoI12' 866.63 30.1882 269.258
699	'DiessaPlateau-PoI13' 895.924 27.2552 -411.424
700	'DiessaPlateau-PoI14' 1198.38 -4.14576 -554.423
701	'DiessaPlateau-PoI15' 346.634 30.0539 -756.245
702	'DiessaPlateau-PoI16' 199.126 33.135 -445.428
703	'DiessaPlateau-PoI17' -660.274 82.4333 -749.904
704	'Transition-PortalDiessaToAshford' 1130 17 -820
705	'PlainsOfAshford-WP1' -1336.56 69.4125 601.8
706	'PlainsOfAshford-WP2' -1324.16 63.5707 289.661
707	'PlainsOfAshford-WP3' -1066.75 56.5312 -41.6764
708	'PlainsOfAshford-WP4' -794.192 49.991 280.085
709	'PlainsOfAshford-WP5' -557.594 64.9753 34.6424
710	'PlainsOfAshford-WP6' -1065.77 33.2791 -427.405
711	'PlainsOfAshford-WP7' -1012.93 63.4607 -627.838
712	'PlainsOfAshford-WP8' -402.844 10.3541 -386.625
713	'PlainsOfAshford-WP9' -62.1149 54.1031 -323.239
714	'PlainsOfAshford-WP10' -5.77339 62.0734 192.933
715	'PlainsOfAshford-WP11' -256.926 71.3903 568.742
716	'PlainsOfAshford-WP12' 396.849 42.7798 407.433
717	'PlainsOfAshford-WP13' 943.394 3.46526 -556.399
718	'PlainsOfAshford-WP14' 717.032 3.21094 -274.733
719	'PlainsOfAshford-WP15' 764.155 15.6401 215.974
720	'PlainsOfAshford-WP16' 812.468 45.4248 617.775
721	'PlainsOfAshford-WP17' 1206.91 42.5946 117.705
722	'PlainsOfAshford-WP18' 1342.65 41.5486 -218.317
723	'PlainsOfAshford-PoI1' -1277.88 51.5153 6.88944
724	'PlainsOfAshford-PoI2' -1028.42 58.6607 335.03
725	'PlainsOfAshford-PoI3' -571.315 64.1475 431.421
726	'PlainsOfAshford-PoI4' -697.496 0.504615 74.6917
727	'PlainsOfAshford-PoI5' -675.783 66.2413 -152.884
728	'PlainsOfAshford-PoI6' -417.036 66.4924 -84.3236
729	'PlainsOfAshford-PoI7' -1086.31 55.687 -269.808
730	'PlainsOfAshford-PoI8' -610.103 66.1507 -496.244
731	'PlainsOfAshford-PoI9' -40.3311 43.389 467.041
732	'PlainsOfAshford-PoI10' 89.7864 3.66456 404.102
733	'PlainsOfAshford-PoI11' 280.217 72.0008 410.699
734	'PlainsOfAshford-PoI12' 493.242 36.4513 195.68
735	'PlainsOfAshford-PoI13' 610.839 44.414 521.853
736	'PlainsOfAshford-PoI14' 714.299 34.0243 -671.551
737	'PlainsOfAshford-PoI15' 1369.35 55.6405 321.213
738	'PlainsOfAshford-PoI16' 991.438 49.1538 640.714
739	'PlainsOfAshford-PoI17' -1450.31 88.4724 695.745
740	'Transition-PortalAshfordToCitadel' -1400 82 136
741	'BlackCitadel-WP1' 484.083 163.041 264.494
742	'BlackCitadel-WP2' 209.476 206.583 317.243
743	'BlackCitadel-WP3' 218.307 173.759 540.843
744	'BlackCitadel-WP4' -43.5504 172.366 621.926
745	'BlackCitadel-WP5' 37.5069 208.415 455.744
746	'BlackCitadel-WP6' -362.13 26.7413 347.049
747	'BlackCitadel-WP7' -192.668 210.567 376.156
748	'BlackCitadel-WP8' -36.6346 31.8242 329.904
749	'BlackCitadel-WP9' 0.739634 263.397 250.113
750	'BlackCitadel-WP10' 100.536 207.412 58.4006
751	'BlackCitadel-WP11' 24.22 123.45 -97.6882
752	'BlackCitadel-WP12' -156.156 14.321 -174.406
753	'BlackCitadel-PoI1' -77.8189 191.396 510.036
754	'BlackCitadel-PoI2' 267.509 164.109 608.056
755	'BlackCitadel-PoI3' 357.665 159.464 564.831
756	'BlackCitadel-PoI4' 495.547 186.579 561.024
757	'BlackCitadel-PoI5' 521.696 198.994 418.243
758	'BlackCitadel-PoI6' 448.202 162.336 393.505
759	'BlackCitadel-PoI7' 235.864 163.554 397.098
760	'BlackCitadel-PoI8' 543.866 160.517 272.417
761	'BlackCitadel-PoI9' 225.421 191.525 196.138
762	'BlackCitadel-PoI10' -403.458 11.5428 -291.235
763	'BlackCitadel-PoI11' -16.3328 203.979 111.466
764	'BlackCitadel-PoI12' 3.80882 302.028 274.784
765	'BlackCitadel-PoI13' 44.8807 196.487 265.493
766	'BlackCitadel-PoI14' 2.94415 303.031 226.95
767	'BlackCitadel-PoI15' -17.3416 267.848 215.836
768	'BlackCitadel-PoI16' -41.0207 283.467 351.632
769	'BlackCitadel-PoI17' 137.113 177.511 534.445
770	'Transition-PortalCitadelToLionsArch' -203 216 400
771	'LionsArch-WP1' -435.8 36.2466 464.698
772	'LionsArch-WP2' -66.316 25.822 432.736
773	'LionsArch-WP3' 118.096 35.7177 199.498
774	'LionsArch-WP4' 448.315 36.0451 395.046
775	'LionsArch-WP5' 581.148 25.3664 262.23
776	'LionsArch-WP6' 757.835 38.3916 38.9652
777	'LionsArch-WP7' 603.781 31.2989 -151.863
778	'LionsArch-WP8' 350.43 37.8869 -414.68
779	'LionsArch-WP9' 229.266 37.2517 -158.732
780	'LionsArch-WP10' -116.267 12.5451 -273.876
781	'LionsArch-WP11' -691.491 51.5007 -150.578
782	'LionsArch-WP12' -366.384 12.7518 69.6959
783	'LionsArch-WP13' -562.095 18.1049 248.611
784	'LionsArch-PoI1' -750.652 26.2586 503.663
785	'LionsArch-PoI2' -699.05 7.65252 167.649
786	'LionsArch-PoI3' -649.905 0.770974 -43.1831
787	'LionsArch-PoI4' -717.657 46.4757 -146.758
788	'LionsArch-PoI5' -520.689 -59.0001 -114.508
789	'LionsArch-PoI6' -463.606 0.759009 276.898
790	'LionsArch-PoI7' -411.946 9.50926 353.091
791	'LionsArch-PoI8' -369.706 9.33153 339.07
792	'LionsArch-PoI9' -357.974 59.0409 243.554
793	'LionsArch-PoI10' -387.935 0.483911 -0.592636
794	'LionsArch-PoI11' -288.272 22.0175 -20.6169
795	'LionsArch-PoI12' -333.437 -141.814 -201.909
796	'LionsArch-PoI13' -329.462 45.6207 -440.594
797	'LionsArch-PoI14' 270.256 38.219 -354.887
798	'LionsArch-PoI15' 0.421859 -62.4771 -129.532
799	'LionsArch-PoI16' 185.914 30.9004 -252.783
800	'LionsArch-PoI17' 167.777 44.1363 -43.9245
801	'LionsArch-PoI18' 614.465 64.0453 -267.197
802	'LionsArch-PoI19' 519.021 45.0727 -4.84735
803	'LionsArch-PoI20' 618.602 38.6315 209.801
804	'LionsArch-PoI21' 182.442 49.38 265.043
805	'LionsArch-PoI22' 109.532 29.2438 398.082
806	'LionsArch-PoI23' -42.2107 29.5291 214.353
807	'LionsArch-PoI24' -122.76 28.5088 376.151
808	'LionsArch-PoI25' -206.432 27.8985 332.362
809	'LionsArch-PoI26' -210.899 27.3935 236.377
810	'Transition-PortalLionsArchtoSouthsun' 197.6 48.4 331
811	'SouthsunCove-WP1' 765.888 38.1621 -425.866
812	'SouthsunCove-WP2' 596.43 36.0153 116.334
813	'SouthsunCove-WP3' 801.815 0.973127 459.188
814	'SouthsunCove-WP4' -16.3756 0.846693 432.43
815	'SouthsunCove-WP5' 28.4585 28.3706 -406.764
816	'SouthsunCove-WP6' -663.406 39.0144 -505.826
817	'SouthsunCove-PoI1' -449.5 39.153 -354.999
818	'SouthsunCove-PoI2' -304.532 117.222 235.993
819	'SouthsunCove-PoI3' -141.449 -0.181253 161.331
820	'SouthsunCove-PoI4' 233.476 67.8451 14.4872
821	'SouthsunCove-PoI5' 539.846 62.4531 -7.59816
822	'SouthsunCove-PoI6' 374.861 -40.2604 -476.341
823	'Transition-PortalSouthsuntoLionsArch' 805 42 -368
824	'Transition-PortalLionsArchToHoelbrak' 222 50 305
825	'Hoelbrak-WP1' 87.8438 372.451 -297.5
826	'Hoelbrak-WP2' 347.819 405.189 -319.577
827	'Hoelbrak-WP3' 598.312 383.296 -247.549
828	'Hoelbrak-WP4' 494.57 309.11 -75.9324
829	'Hoelbrak-WP5' 209.651 412.307 -159.708
830	'Hoelbrak-WP6' 225.609 371.523 -54.7264
831	'Hoelbrak-WP7' -46.3428 382.224 -51.3057
832	'Hoelbrak-WP8' 300.121 286.617 68.7605
833	'Hoelbrak-WP9' 664.868 314.875 37.355
834	'Hoelbrak-WP10' 535.304 268.564 228.757
835	'Hoelbrak-WP11' 671.054 271.306 436.456
836	'Hoelbrak-WP12' 313.457 327.326 314.377
837	'Hoelbrak-WP13' 59.7953 307.458 147.097
838	'Hoelbrak-WP14' -245.409 356.192 188.991
839	'Hoelbrak-PoI1' -275.742 356.636 297.284
840	'Hoelbrak-PoI2' -356.138 343.327 139.873
841	'Hoelbrak-PoI3' -82.6194 297.327 194.034
842	'Hoelbrak-PoI4' -41.6963 409.949 -147.319
843	'Hoelbrak-PoI5' 160.539 355.215 -157.246
844	'Hoelbrak-PoI6' 38.0552 361.51 -385.92
845	'Hoelbrak-PoI7' 28.6596 484.943 -408.367
846	'Hoelbrak-PoI8' 87.4914 420.733 -419.152
847	'Hoelbrak-PoI9' 268.798 412.837 -274.759
848	'Hoelbrak-PoI10' 460.829 366.19 -208.614
849	'Hoelbrak-PoI11' 479.193 413.881 -421.482
850	'Hoelbrak-PoI12' 688.428 377.715 -471.587
851	'Hoelbrak-PoI13' 787.264 367.256 -313.498
852	'Hoelbrak-PoI14' 548.996 301.246 -149.951
853	'Hoelbrak-PoI15' 627.882 311.257 43.1201
854	'Hoelbrak-PoI16' 731.039 347.25 -69.2058
855	'Hoelbrak-PoI17' 789.68 301.573 170.969
856	'Hoelbrak-PoI18' 650.424 258.24 261.416
857	'Hoelbrak-PoI19' 752.687 253.726 560.546
858	'Hoelbrak-PoI20' 415.895 308.627 602.632
859	'Hoelbrak-PoI21' 249.609 318.517 423.826
860	'Hoelbrak-PoI22' 332.826 316.802 435.402
861	'Hoelbrak-PoI23' -54.0197 318.884 528.833
862	'Hoelbrak-PoI24' 288.118 286.701 81.4346
863	'Transition-PortalHoelbrakToDredgehaunt' 358 411 -386
864	'DredgehauntCliffs-WP1' 148.371 121.561 1030.85
865	'DredgehauntCliffs-WP2' 712.601 100.119 742.707
866	'DredgehauntCliffs-WP3' 417.44 78.6309 672.064
867	'DredgehauntCliffs-WP4' -78.01 81.0461 844.266
868	'DredgehauntCliffs-WP5' -349.972 71.9605 910.891
869	'DredgehauntCliffs-WP6' -514.426 47.9789 650.715
870	'DredgehauntCliffs-WP7' -225.419 91.6068 446.22
871	'DredgehauntCliffs-WP8' 581.582 94.0689 309.318
872	'DredgehauntCliffs-WP9' -693.603 70.872 246.791
873	'DredgehauntCliffs-WP10' 149.311 108.693 227.649
874	'DredgehauntCliffs-WP11' 330.23 116 -179.503
875	'DredgehauntCliffs-WP12' 57.5358 144.831 -349.165
876	'DredgehauntCliffs-WP13' -503.622 109.041 -348.761
877	'DredgehauntCliffs-WP14' -629.681 -0.206839 -788.773
878	'DredgehauntCliffs-WP15' -364.846 30.1533 -820.104
879	'DredgehauntCliffs-WP16' 38.3562 65.8006 -949.984
880	'DredgehauntCliffs-WP17' 474.245 70.6488 -758.019
881	'DredgehauntCliffs-WP18' 627.922 101.18 -512.716
882	'DredgehauntCliffs-PoI1' 31.1614 145.471 1043.34
883	'DredgehauntCliffs-PoI2' 87.4852 120.351 1227.44
884	'DredgehauntCliffs-PoI3' 249.493 116.664 1064.07
885	'DredgehauntCliffs-PoI4' 337.437 112.496 913.832
886	'DredgehauntCliffs-PoI5' -428.673 82.0992 933.896
887	'DredgehauntCliffs-PoI6' -637.029 1.9287 946.497
888	'DredgehauntCliffs-PoI7' -736.19 80.0377 1032.37
889	'DredgehauntCliffs-PoI8' -512.911 84.0386 500.369
890	'DredgehauntCliffs-PoI9' -111.991 95.8972 670.911
891	'DredgehauntCliffs-PoI10' 96.3819 140.393 553.334
892	'DredgehauntCliffs-PoI11' 724.689 35.2162 499.786
893	'DredgehauntCliffs-PoI12' 722.959 115.086 98.8035
894	'DredgehauntCliffs-PoI13' -450.835 75.3589 383.823
895	'DredgehauntCliffs-PoI14' -636.947 64.3455 289.677
896	'DredgehauntCliffs-PoI15' -748.219 108.237 37.4248
897	'DredgehauntCliffs-PoI16' -539.974 99.2224 30.288
898	'DredgehauntCliffs-PoI17' -712.19 114.558 -472.859
899	'DredgehauntCliffs-PoI18' -80.3517 124.791 -96.9256
900	'DredgehauntCliffs-PoI19' 1.48392 164.268 -198.55
901	'DredgehauntCliffs-PoI20' -380.76 135.223 -558.562
902	'DredgehauntCliffs-PoI21' -679.467 45.4774 -1036.09
903	'DredgehauntCliffs-PoI22' 1.35874 74.5497 -727.599
904	'DredgehauntCliffs-PoI23' 174.355 85.7916 -540.826
905	'DredgehauntCliffs-PoI24' 241.957 120.621 -898.69
906	'Transition-PortalDredgehauntToTimberline' 42 58 -1000
907	'TimberlineFalls-WP1' -682.609 47.6885 1122.33
908	'TimberlineFalls-WP2' 241.03 59.2385 1078.13
909	'TimberlineFalls-WP3' -202.316 14.1523 773.257
910	'TimberlineFalls-WP4' 163.844 72.8012 590.177
911	'TimberlineFalls-WP5' 735.756 31.6506 674.654
912	'TimberlineFalls-WP6' 431.31 8.7684 243.777
913	'TimberlineFalls-WP7' 10.2259 55.7096 15.7892
914	'TimberlineFalls-WP8' -526.281 11.2214 206.162
915	'TimberlineFalls-WP9' -487.301 13.8634 -227.524
916	'TimberlineFalls-WP10' -314.833 14.4051 -397.13
917	'TimberlineFalls-WP11' -469.833 26.5019 -636.663
918	'TimberlineFalls-WP12' -441.936 2.31501 -999.757
919	'TimberlineFalls-WP13' -120.547 14.7047 -861.258
920	'TimberlineFalls-WP14' 422.491 -45.2291 -955.019
921	'TimberlineFalls-WP15' 660.735 4.41596 -639.24
922	'TimberlineFalls-WP16' 659.671 15.045 -281.443
923	'TimberlineFalls-WP17' 258.411 16.9208 -194.344
924	'TimberlineFalls-WP18' 76.0859 2.19153 -537.122
925	'TimberlineFalls-WP19' -468.426 30.5481 472.093
926	'TimberlineFalls-PoI1' -344.263 9.60774 -1007.49
927	'TimberlineFalls-PoI2' 167.385 -10.908 -1077.96
928	'TimberlineFalls-PoI3' 381.198 -1.37979 -993.069
929	'TimberlineFalls-PoI4' 348.41 -9.03081 -622.213
930	'TimberlineFalls-PoI5' 512.448 21.7525 -82.7852
931	'TimberlineFalls-PoI6' 668.057 -3.18245 183.548
932	'TimberlineFalls-PoI7' 716.903 102.309 226.807
933	'TimberlineFalls-PoI8' 560.232 1.81876 775.042
934	'TimberlineFalls-PoI9' -692.369 35.8825 176.109
935	'TimberlineFalls-PoI10' -112.389 57.5849 349.411
936	'TimberlineFalls-PoI11' -589.786 4.31448 539.755
937	'TimberlineFalls-PoI12' -551.819 59.5639 896.574
938	'TimberlineFalls-PoI13' 49.2569 94.7136 876.284
939	'Transition-PortalTimberlineToLornars' -685 56 1176
940	'LornarsPass-WP1' -526.501 62.459 1537.04
941	'LornarsPass-WP2' -203.53 80.3441 1522.58
942	'LornarsPass-WP3' -88.9503 106.198 1235.76
943	'LornarsPass-WP4' 357.902 186.717 1678.69
944	'LornarsPass-WP5' 238.179 167.113 889.878
945	'LornarsPass-WP6' -516.128 207.836 610.056
946	'LornarsPass-WP7' -216.583 115.526 490.33
947	'LornarsPass-WP8' 546.304 202.381 391.038
948	'LornarsPass-WP9' -39.2191 128.46 183.069
949	'LornarsPass-WP10' -524.612 62.0071 -187.954
950	'LornarsPass-WP11' -144.968 78.265 -486.438
951	'LornarsPass-WP12' 201.307 102.06 -293.751
952	'LornarsPass-WP13' 519.54 140.55 -659.515
953	'LornarsPass-WP14' -407.387 42.8091 -825.046
954	'LornarsPass-WP15' -91.3125 75.7069 -1127.42
955	'LornarsPass-WP16' 388.322 107.64 -1448.36
956	'LornarsPass-Wp17' -494.551 51.375 -1465.24
957	'LornarsPass-PoI1' -473.614 132.983 1325.37
958	'LornarsPass-Poi2' -374.839 143.702 1165.5
959	'LornarsPass-PoI3' -222.234 67.8976 1173.61
960	'LornarsPass-PoI4' -63.0097 145.16 1727.3
961	'LornarsPass-PoI5' 524.528 189.36 1722.35
962	'LornarsPass-PoI6' 146.669 154.114 1686.85
963	'LornarsPass-PoI7' -37.1326 131.935 1478.37
964	'LornarsPass-PoI8' 513.749 245.709 1288.72
965	'LornarsPass-PoI9' -11.7176 109.589 1010.77
966	'LornarsPass-PoI10' -164.424 111.796 947.029
967	'LornarsPass-PoI11' -186.774 68.2552 786.486
968	'LornarsPass-PoI12' 441.448 215.556 962.538
969	'LornarsPass-PoI13' 537.166 163.259 869.351
970	'LornarsPass-PoI14' 563.71 194.143 594.822
971	'LornarsPass-PoI15' -280.569 118.619 566.669
972	'LornarsPass-PoI16' -390.844 115.194 568.289
973	'LornarsPass-PoI17' -625.338 106.64 655.961
974	'LornarsPass-PoI18' -385.005 69.5339 196.403
975	'LornarsPass-PoI19' -1.72231 130.834 258.033
976	'LornarsPass-PoI20' 118.743 167.983 153.608
977	'LornarsPass-PoI21' 475.63 164.188 143.446
978	'LornarsPass-PoI22' 234.893 102.652 48.2416
979	'LornarsPass-PoI23' 588.121 152.241 -74.2187
980	'LornarsPass-PoI24' -574.125 108.547 0.0816996
981	'LornarsPass-PoI25' -569.076 71.904 -277.325
982	'LornarsPass-PoI26' -221.608 101.11 -223.124
983	'LornarsPass-PoI27' -422.341 50.6841 -549.951
984	'LornarsPass-PoI28' -90.181 87.6403 -585.344
985	'LornarsPass-PoI29' 75.2165 62.125 -539.429
986	'LornarsPass-PoI30' 421.716 165.975 -402.779
987	'LornarsPass-PoI31' 342.763 153.219 -566.544
988	'LornarsPass-PoI32' 519.965 143.562 -724.627
989	'LornarsPass-PoI33' -261.364 26.9383 -838.85
990	'LornarsPass-PoI34' -153.71 -29.6634 -808.8
991	'LornarsPass-PoI35' -90.1894 69.0587 -1188.9
992	'LornarsPass-PoI36' -302.607 -38.3761 -1156.81
993	'LornarsPass-PoI37' -503.179 16.1572 -1208.13
994	'LornarsPass-PoI38' -272.531 59.918 -1475.11
995	'LornarsPass-PoI39' -124.322 73.9594 -1535.72
996	'LornarsPass-PoI40' 124.358 108.805 -1648.85
997	'LornarsPass-PoI41' -202.06 115.849 -1736.24
998	'LornarsPass-PoI42' 587.311 173.693 -1183.82
999	'LornarsPass-PoI43' -613.901 198.174 814.182
1000	'Transition-PortalLornarsToSnowden' 410 199 1758
1001	'SnowdenDrift-WP1' 1398.66 72.0124 469.483
1002	'SnowdenDrift-WP2' 800.356 75.9129 640.374
1003	'SnowdenDrift-WP3' 895.802 68.9095 77.5441
1004	'SnowdenDrift-WP4' 1121.84 111.391 -319.423
1005	'SnowdenDrift-WP5' 1324.94 136.643 -477.089
1006	'SnowdenDrift-WP6' 415.112 38.087 -523.867
1007	'SnowdenDrift-WP7' 275.27 98.5732 174.919
1008	'SnowdenDrift-WP8' 393.397 79.327 394.021
1009	'SnowdenDrift-WP9' 421.637 75.1751 637.736
1010	'SnowdenDrift-WP10' -79.2726 5.25611 -429.696
1011	'SnowdenDrift-WP11' -498.974 36.4775 -520.243
1012	'SnowdenDrift-WP12' -398.071 57.3925 -81.1144
1013	'SnowdenDrift-WP13' -547.132 4.14633 475.383
1014	'SnowdenDrift-WP14' -917.685 52.4689 -47.9963
1015	'SnowdenDrift-WP15' -1200.05 72.213 -477.461
1016	'SnowdenDrift-WP16' -1414.26 50.525 -311.468
1017	'SnowdenDrift-WP17' -1345.97 107.726 128.998
1018	'SnowdenDrift-WP18' -1416.26 163.787 292.407
1019	'SnowdenDrift-WP19' -1355.54 158.676 395.133
1020	'SnowdenDrift-PoI1' 794.301 72.2644 296.152
1021	'SnowdenDrift-PoI2' 1350.84 91.8478 -44.3969
1022	'SnowdenDrift-PoI3' 1302.32 126.39 -541.025
1023	'SnowdenDrift-PoI4' 844.772 72.4419 -389.559
1024	'SnowdenDrift-PoI5' 351.051 25.7913 -492.591
1025	'SnowdenDrift-PoI6' 144.525 -22.9625 -534.557
1026	'SnowdenDrift-PoI7' -83.5446 14.785 -355.732
1027	'SnowdenDrift-PoI8testing' -216.725 21.3331 -103.162
1028	'SnowdenDrift-PoI9' -580.252 42.2033 666.98
1029	'SnowdenDrift-PoI10' -402.837 -36.025 492.489
1030	'SnowdenDrift-PoI11' -714.38 72.3261 -532.172
1031	'Transition-PortalSnowdenToGendarran' -1450 45 -350
1032	'GendarranFields-WP1' -1419.21 10.0311 423.46
1033	'GendarranFields-WP2' -825.352 62.1831 700.771
1034	'GendarranFields-WP3' -1141.13 10.9366 -23.5681
1035	'GendarranFields-WP4' -938.292 40.0639 102.824
1036	'GendarranFields-WP5' -672.922 15.9364 146.318
1037	'GendarranFields-WP6' -1354.88 10.9013 -540.531
1038	'GendarranFields-WP7' -1171.78 15.4478 -382.525
1039	'GendarranFields-WP8' -698.316 8.37188 -315.931
1040	'GendarranFields-WP9' -420.448 6.46525 2.62294
1041	'GendarranFields-WP10' -23.1914 2.15587 259.118
1042	'GendarranFields-WP11' -125.263 -44.8684 -141.278
1043	'GendarranFields-WP12' -171.795 5.74873 -520.475
1044	'GendarranFields-WP13' 221.648 9.9172 621.509
1045	'GendarranFields-WP14' 282.204 3.13464 313.553
1046	'GendarranFields-WP15' 309.112 2.70938 -570.042
1047	'GendarranFields-WP16' 464.695 14.9597 -195.817
1048	'GendarranFields-WP17' 821.491 22.5509 -97.1907
1049	'GendarranFields-WP18' 938.181 97.159 562.747
1050	'GendarranFields-WP19' 1415.11 84.4467 379.367
1051	'GendarranFields-WP20' 1081.31 57.7232 306.754
1052	'GendarranFields-WP21' 1342.58 81.4501 -181.451
1053	'GendarranFields-WP22' 1294.22 90.9919 -610.817
1054	'GendarranFields-PoI1' -1427.51 41.1727 125.173
1055	'GendarranFields-PoI2' -1470.93 31.8549 -512.199
1056	'GendarranFields-PoI3' -640.058 57.0919 601.796
1057	'GendarranFields-PoI4' -183.723 -0.683837 473.286
1058	'GendarranFields-PoI5' 7.03792 -39.3663 51.9312
1059	'GendarranFields-PoI6' -287.614 -30.709 -307.041
1060	'GendarranFields-PoI7' -533.507 0.634775 -428.061
1061	'GendarranFields-PoI8' -139.328 83.8335 -741.046
1062	'GendarranFields-PoI9' 351.016 2.46819 221.256
1063	'GendarranFields-PoI10' 233.108 0.311542 129.938
1064	'GendarranFields-PoI11' 870.739 81.9009 613.106
1065	'GendarranFields-PoI12' 548.141 0.110372 394.585
1066	'GendarranFields-PoI13' 844.199 32.6555 -148.068
1067	'GendarranFields-PoI14' 852.701 22.9312 -387.27
1068	'GendarranFields-PoI15' 1522.53 100.99 -403.472
1069	'GendarranFields-PoI16' 1313.54 69.6494 68.4544
1070	'GendarranFields-PoI17' 1183.76 34.6219 473.184
1071	'Transition-PortalGendarranToHarathi' 174.279 25.7955 714.486
1072	'HarathiHighlands-WP1' -427.637 97.9857 -727.453
1073	'HarathiHighlands-WP2' -87.5763 0.618954 -924.871
1074	'HarathiHighlands-WP3' 558.95 35.2523 -938.384
1075	'HarathiHighlands-WP4' 978.187 56.5514 -519.567
1076	'HarathiHighlands-WP5' 599.739 53.0085 -26.3344
1077	'HarathiHighlands-WP6' 798.633 136.649 817.948
1078	'HarathiHighlands-WP7' 215.747 78.5544 638.123
1079	'HarathiHighlands-WP8' -138.548 78.5969 843.519
1080	'HarathiHighlands-WP9' -271.149 41.0971 476.091
1081	'HarathiHighlands-WP10' 27.646 54.8491 345.972
1082	'HarathiHighlands-WP11' 88.8986 4.43685 -143.443
1083	'HarathiHighlands-WP12' -634.604 47.9167 -77.1957
1084	'HarathiHighlands-WP13' -928.393 95.2891 -281.007
1085	'HarathiHighlands-WP14' -880.597 21.3611 500.891
1086	'HarathiHighlands-WP15' -933.945 47.0323 842.447
1087	'HarathiHighlands-PoI1' -1043.88 151.224 -845.385
1088	'HarathiHighlands-PoI2' -1085.11 152.598 -190.757
1089	'HarathiHighlands-PoI3' -624.06 23.2651 198.762
1090	'HarathiHighlands-PoI4' -356.07 22.1781 222.889
1091	'HarathiHighlands-PoI5' -134.252 42.7724 -63.067
1092	'HarathiHighlands-PoI6' -128.769 33.1645 -408.417
1093	'HarathiHighlands-PoI7' 213.084 112.286 -436.602
1094	'HarathiHighlands-PoI8' 380.795 67.6026 -345.194
1095	'HarathiHighlands-PoI9' 389.729 33.6635 -703.437
1096	'HarathiHighlands-PoI10' 875.25 -62.8312 -887.983
1097	'HarathiHighlands-PoI11' 588.636 53.2259 315.668
1098	'HarathiHighlands-PoI12' 435.978 77.8952 494.254
1099	'HarathiHighlands-PoI13' 1125.79 216.222 696.558
1100	'HarathiHighlands-PoI14' 709.29 105.305 689.983
1101	'HarathiHighlands-PoI15' 346.713 79.9037 830.649
1102	'Transition-PortalHarathiToGendarran' 580 43 -988
1103	'Transition-PortalGendarranToLionsArch' 293 5.7 -676
1104	'Transition-PortalLionsArchToBloodtide' 331.268 40.0758 -495.457
1105	'BloodtideCoast-WP1' 272.954 18.4806 1186.61
1106	'BloodtideCoast-WP2' 720.425 58.5336 1040.75
1107	'BloodtideCoast-WP3' -299.152 -58.8345 854.934
1108	'BloodtideCoast-WP4' 69.7219 45.3499 635.748
1109	'BloodtideCoast-WP5' 298.6 1.06326 845.711
1110	'BloodtideCoast-WP6' 625.09 0.00682049 386.429
1111	'BloodtideCoast-WP7' 187.013 10.8437 -113.603
1112	'BloodtideCoast-WP8' -177.03 1.77066 110.803
1113	'BloodtideCoast-WP9' 783.875 0.226986 -123.91
1114	'BloodtideCoast-WP10' -595.591 2.07035 -176.299
1115	'BloodtideCoast-WP11' -119.115 7.50353 -612.203
1116	'BloodtideCoast-WP12' 774.478 13.9982 -582.093
1117	'BloodtideCoast-WP13' 660.797 1.79537 -993.249
1118	'BloodtideCoast-WP14' -114.631 -169.251 -776.228
1119	'BloodtideCoast-WP15' -627.75 20.8925 -939.337
1120	'BloodtideCoast-PoI1' -672.275 56.8475 -632.314
1121	'BloodtideCoast-PoI2' 794.796 -1.37273 -996.085
1122	'BloodtideCoast-PoI3' 672.794 30.3928 -569.803
1123	'BloodtideCoast-PoI4' 548.2 73.873 -306.548
1124	'BloodtideCoast-PoI5' 865.889 5.936 -234.987
1125	'BloodtideCoast-PoI6' 40.9523 69.3007 -393.271
1126	'BloodtideCoast-PoI7' -310.904 -111.181 -197.096
1127	'BloodtideCoast-PoI8' -569.374 -65.4825 205.888
1128	'BloodtideCoast-PoI9' -209.851 22.5654 278.309
1129	'BloodtideCoast-PoI10' 179.044 -3.77142 253.74
1130	'BloodtideCoast-PoI11' 384.249 0.939481 135.468
1131	'BloodtideCoast-PoI12' 584.742 24.2148 144.62
1132	'BloodtideCoast-PoI13' -431.165 -98.602 959.973
1133	'BloodtideCoast-PoI14' -252.985 61.8895 1147.71
1134	'BloodtideCoast-PoI15' -83.1444 64.7732 740.156
1135	'BloodtideCoast-PoI16' 230.954 -4.02353 679.935
1136	'BloodtideCoast-PoI17' 564.916 19.2296 623.27
1137	'BloodtideCoast-PoI18' -339.828 -84.6291 738.121
1138	'Transition-PortalBloodtideToSparkfly' 654.819 11.2698 -1036.4
1139	'SparkflyFen-WP1' -645.059 5.024 1092.28
1140	'SparkflyFen-WP2' -418.53 25.5995 641.93
1141	'SparkflyFen-WP3' -29.4563 37.277 500.249
1142	'SparkflyFen-WP4' 260.041 2.10334 865.573
1143	'SparkflyFen-WP5' 245.609 56.9311 1048.6
1144	'SparkflyFen-WP6' 636.528 6.59811 1000.23
1145	'SparkflyFen-WP7' 597.013 45.7549 664.191
1146	'SparkflyFen-WP8' 715.389 51.0403 26.7909
1147	'SparkflyFen-WP9' 88.7769 9.79801 46.2155
1148	'SparkflyFen-WP10' -736.957 8.43291 80.5796
1149	'SparkflyFen-WP11' 711.969 41.4063 -749.375
1150	'SparkflyFen-WP12' 406.734 2.6655 -395.514
1151	'SparkflyFen-WP13' -86.4366 11.0634 -425.892
1152	'SparkflyFen-WP14' -674.506 -56.0472 -475.491
1153	'SparkflyFen-WP15' 382.355 0.438203 -900.348
1154	'SparkflyFen-WP16' -15.0281 1.59581 -819.079
1155	'SparkflyFen-WP17' -475.32 9.7814 -930.938
1156	'SparkflyFen-PoI1' -441.493 14.7532 1088.37
1157	'SparkflyFen-PoI2' -652.874 56.0993 778.565
1158	'SparkflyFen-PoI3' -611.741 45.306 508.129
1159	'SparkflyFen-PoI4' -443.376 30.5129 367.479
1160	'SparkflyFen-PoI5' -216.895 2.26207 514.346
1161	'SparkflyFen-PoI6' -54.7502 9.32009 261.313
1162	'SparkflyFen-PoI7' 456.978 9.52703 740.981
1163	'SparkflyFen-PoI8' 208.318 6.35624 698.905
1164	'SparkflyFen-PoI9' 663.74 79.2191 505.763
1165	'SparkflyFen-PoI10' 14.4565 1.46739 -127.067
1166	'SparkflyFen-PoI11' -257.418 -28.3859 101.717
1167	'SparkflyFen-PoI12' 203.411 4.04206 -369.938
1168	'SparkflyFen-PoI13' -575.047 -45.0937 -143.112
1169	'SparkflyFen-PoI14' 808.502 77.6115 -382.361
1170	'SparkflyFen-PoI15' -292.623 45.4273 -532.317
1171	'SparkflyFen-PoI16' 785.54 49.3049 -890.795
1172	'SparkflyFen-PoI17' -487.001 7.59213 -754.235
1173	'SparkflyFen-PoI18' -569.286 2.45351 -925.409
1174	'SparkflyFen-PoI19' -837.313 -35.1574 -665.794
1175	'SparkflyFen-PoI20' 124.619 3.44017 962.397
1176	'Transition-PortalSparkflyToMaelstrom' 850 54 -787
1177	'MountMaelstrom-WP1' -81.0867 17.9049 885.059
1178	'MountMaelstrom-WP2' 365.744 68.4159 820.1
1179	'MountMaelstrom-WP3' -511.943 61.1419 699.367
1180	'MountMaelstrom-WP4' -1330.3 46.1389 692.84
1181	'MountMaelstrom-WP5' -1104.34 90.4865 448.845
1182	'MountMaelstrom-WP6' -865.033 37.1922 60.318
1183	'MountMaelstrom-WP7' -887.903 72.9264 -240.29
1184	'MountMaelstrom-WP8' -1304.58 51.376 -473.916
1185	'MountMaelstrom-WP9' -530.199 111.788 -637.845
1186	'MountMaelstrom-WP10' -369.677 13.569 -355.913
1187	'MountMaelstrom-WP11' -20.0239 95.7647 -393.608
1188	'MountMaelstrom-WP12' 536.343 21.1553 -437.218
1189	'MountMaelstrom-WP13' 1305.59 1.29113 -757.945
1190	'MountMaelstrom-WP14' 1078.13 0.225605 -195.313
1191	'MountMaelstrom-WP15' 235.408 3.55548 35.7207
1192	'MountMaelstrom-WP16' -238.168 78.0424 374.904
1193	'MountMaelstrom-WP17' 946.958 14.5199 538.116
1194	'MountMaelstrom-PoI1' 844.511 31.6033 -752.148
1195	'MountMaelstrom-PoI2' 613.534 8.96761 -684.608
1196	'MountMaelstrom-PoI3' 1180.55 -61.2736 -431.712
1197	'MountMaelstrom-PoI4' 476.245 0.413794 -378.63
1198	'MountMaelstrom-PoI5' 258.543 -59.4334 -425.703
1199	'MountMaelstrom-PoI6' 551.277 -62.1128 -124.819
1200	'MountMaelstrom-PoI7' 610.107 -9.78831 142.834
1201	'MountMaelstrom-PoI8' 1104.54 11.4119 88.4167
1202	'MountMaelstrom-PoI9' 1344.15 10.516 113.595
1203	'MountMaelstrom-PoI10' 944.269 19.6165 302.092
1204	'MountMaelstrom-PoI11' 1140.74 19.7695 453.004
1205	'MountMaelstrom-PoI12' 1138.93 19.0716 728.095
1206	'MountMaelstrom-PoI13' 933.664 19.7185 852.269
1207	'MountMaelstrom-PoI14' 679.094 1.36603 720.509
1208	'MountMaelstrom-PoI15' 704.979 20.3388 433.229
1209	'MountMaelstrom-PoI16' 387.528 9.9945 360.764
1210	'MountMaelstrom-PoI17' 382.089 54.1455 796.323
1211	'MountMaelstrom-PoI18' -203.838 2.19758 873.4
1212	'MountMaelstrom-PoI19' -328.373 24.3208 666.211
1213	'MountMaelstrom-PoI20' -496.216 2.80722 579.328
1214	'MountMaelstrom-PoI21' -732.552 108.32 674.319
1215	'MountMaelstrom-PoI22' -1003.07 73.6671 725.912
1216	'MountMaelstrom-PoI23' -1283.28 41.3905 279.632
1217	'MountMaelstrom-PoI24' -483.312 87.1196 253.621
1218	'MountMaelstrom-PoI25' -142.356 75.4834 161.543
1219	'MountMaelstrom-PoI26' -94.2082 59.1627 -299.026
1220	'MountMaelstrom-PoI27' -83.2625 93.1396 -639.494
1221	'MountMaelstrom-PoI28' -221.831 46.962 -722.26
1222	'MountMaelstrom-PoI29' -406.274 12.6934 -267.552
1223	'MountMaelstrom-PoI30' -1201.2 1.27264 -498.336
1224	'MountMaelstrom-PoI31' -1345.39 23.4972 -583.415
1225	'MountMaelstrom-PoI32' -311.245 152.382 -562.326
1226	'Transition-PortalMaelstromToStraits' -1383 21 -605
1227	'StraitsOfDevastation-WP1' 626.267 88.6417 894.935
1228	'StraitsOfDevastation-WP2' 876.867 12.5485 680.332
1229	'StraitsOfDevastation-WP3' 630.605 2.03057 692.71
1230	'StraitsOfDevastation-WP4' 170.693 6.51142 855.5
1231	'StraitsOfDevastation-WP5' 1117.01 37.1013 181.347
1232	'StraitsOfDevastation-WP6' 873.944 24.0595 140.943
1233	'StraitsOfDevastation-WP7' 774.767 6.55598 -159.126
1234	'StraitsOfDevastation-WP8' 29.9172 2.1959 -378.856
1235	'StraitsOfDevastation-WP9' 363.182 1.23716 -576.733
1236	'StraitsOfDevastation-WP10' 132.359 -80.7453 92.5678
1237	'StraitsOfDevastation-WP11' -272.357 0.472209 -111.862
1238	'StraitsOfDevastation-WP12' -410.853 0.112118 254.494
1239	'StraitsOfDevastation-WP13' -269.411 -55.2693 498.194
1240	'StraitsOfDevastation-WP14' -892.034 -25.4086 517.666
1241	'StraitsOfDevastation-WP15' -617.698 49.8734 -146.483
1242	'StraitsOfDevastation-WP16' -970.79 40.384 -45.9785
1243	'StraitsOfDevastation-WP17' -1107.48 45.9629 -464.214
1244	'StraitsOfDevastation-WP18' -807.676 120.228 -575.594
1245	'StraitsOfDevastation-WP19' -272.501 30.5619 -842.299
1246	'StraitsOfDevastation-WP20' -484.624 10.4557 -490.893
1247	'StraitsOfDevastation-PoI1' -1145.84 61.6956 -530.455
1248	'StraitsOfDevastation-PoI2' -1122.06 68.3199 -315.94
1249	'StraitsOfDevastation-PoI3' -938.046 42.1252 -70.9513
1250	'StraitsOfDevastation-Poi4' -1159.61 27.4095 156.455
1251	'StraitsOfDevastation-PoI5' -631.006 47.2431 -166.868
1252	'StraitsOfDevastation-PoI6' -552.38 54.5944 5.41111
1253	'StraitsOfDevastation-Poi7' -331.397 12.1756 -56.865
1254	'StraitsOfDevastation-PoI8' -132.215 7.88983 -519.444
1255	'StraitsOfDevastation-PoI9' -168.679 47.8785 -683.446
1256	'StraitsOfDevastation-PoI10' 68.1786 7.4053 -447.096
1257	'StraitsOfDevastation-PoI11' 229.039 26.8059 -385.223
1258	'StraitsOfDevastation-PoI12' 326.178 -7.90074 -618.527
1259	'StraitsOfDevastation-PoI13' 524.727 20.1108 -441.234
1260	'StraitsOfDevastation-PoI14' 752.102 8.65821 -327.158
1261	'StraitsOfDevastation-PoI15' 793.889 7.05817 -229.076
1262	'StraitsOfDevastation-PoI16' 1049.31 3.15653 -397.162
1263	'StraitsOfDevastation-PoI17' 11.6207 -45.717 92.9765
1264	'StraitsOfDevastation-PoI18' 210.554 -42.7212 216.49
1265	'StraitsOfDevastation-PoI19' -237.953 -52.5864 430.475
1266	'StraitsOfDevastation-PoI20' -460.366 9.17168 412.688
1267	'StraitsOfDevastation-PoI21' -449.423 -141.907 813.23
1268	'StraitsOfDevastation-PoI22' 777.658 35.941 22.5529
1269	'StraitsOfDevastation-PoI23' 935.16 32.3533 154.541
1270	'StraitsOfDevastation-PoI24' 714.361 4.52523 263.693
1271	'StraitsOfDevastation-PoI25' 997.066 18.5083 538.454
1272	'StraitsOfDevastation-PoI26' 606.423 2.87415 833.69
1273	'StraitsOfDevastation-PoI27' 393.369 17.467 913.302
1274	'StraitsOfDevastation-PoI28' 76.4667 26.7136 766.929
1275	'StraitsOfDevastation-PoI29' -535.239 -7.48373 233.166
1276	'StraitsOfDevastation-PoI30' -764.713 149.721 -671.237
1277	'Transition-PortalStraitsToMalchors' -1165.79 66.555 -551.034
1278	'MalchorsLeap-WP1' 1261.8 37.5748 -451.022
1279	'MalchorsLeap-WP2' 1268.03 9.24702 86.1304
1280	'MalchorsLeap-WP3' 622.139 123.169 471.887
1281	'MalchorsLeap-WP4' 589.147 117.082 189.618
1282	'MalchorsLeap-WP5' 902.543 55.0732 -184.786
1283	'MalchorsLeap-WP6' 746.19 58.3718 -495.646
1284	'MalchorsLeap-WP7' 234.229 51.1572 -126.964
1285	'MalchorsLeap-WP8' -38.8708 45.0223 39.6966
1286	'MalchorsLeap-WP9' -406.915 2.68937 339.419
1287	'MalchorsLeap-WP10' -947.283 -69.0308 455.635
1288	'MalchorsLeap-WP11' -221.498 129.551 -94.9639
1289	'MalchorsLeap-WP12' -521.129 7.24027 -186.902
1290	'MalchorsLeap-WP13' -406.682 62.1945 -518.687
1291	'MalchorsLeap-PoI1' 1261.1 37.4024 -482.593
1292	'MalchorsLeap-PoI2' 1086.09 73.6531 -479.942
1293	'MalchorsLeap-PoI3' 1062.24 63.7679 -341.655
1294	'MalchorsLeap-PoI4' 1217.14 63.2759 -127.652
1295	'MalchorsLeap-PoI5' 1399.25 57.2676 -230.121
1296	'MalchorsLeap-PoI6' 1453.14 58.3638 -108.74
1297	'MalchorsLeap-PoI7' 1125.63 55.6489 284.001
1298	'MalchorsLeap-PoI8' 1268.14 -7.33802 439.051
1299	'MalchorsLeap-PoI9' 846.219 18.7935 151.197
1300	'MalchorsLeap-PoI10' 934.399 54.9193 -166.955
1301	'MalchorsLeap-PoI11' 720.472 124.596 14.5759
1302	'MalchorsLeap-PoI12' 860.362 -1.33379 -641.19
1303	'MalchorsLeap-PoI13' 618.062 123.933 459.329
1304	'MalchorsLeap-PoI14' 627.27 11.0209 506.23
1305	'MalchorsLeap-PoI15' 554.294 -29.0629 271.229
1306	'MalchorsLeap-PoI16' 537.447 125.832 179.031
1307	'MalchorsLeap-PoI17' 408.554 1.88341 184.757
1308	'MalchorsLeap-PoI18' 287.458 124.955 361.115
1309	'MalchorsLeap-PoI19' 126.913 132.604 324.665
1310	'MalchorsLeap-PoI20' 27.7292 36.0003 133.822
1311	'MalchorsLeap-PoI21' 218.564 51.1504 -147.911
1312	'MalchorsLeap-PoI22' 334.876 48.5264 -524.145
1313	'MalchorsLeap-PoI23' -13.1163 78.3782 -550.839
1314	'MalchorsLeap-PoI24' -434.063 62.6813 -530.872
1315	'MalchorsLeap-PoI25' -498.48 31.7177 -547.859
1316	'MalchorsLeap-Poi26' -550.589 44.333 -401.139
1317	'MalchorsLeap-PoI27' -363.378 74.4224 -680.676
1318	'MalchorsLeap-PoI28' -802.943 -75.2893 -277.922
1319	'MalchorsLeap-PoI29' -1280.13 -89.8507 -22.3059
1320	'MalchorsLeap-PoI30' -1048.23 -57.9604 356.335
1321	'MalchorsLeap-PoI31' -804.022 -99.7682 361.982
1322	'MalchorsLeap-PoI32' -690.785 -28.6676 75.6303
1323	'MalchorsLeap-PoI33' -454.821 182.996 138.222
1324	'MalchorsLeap-PoI34' -474.804 -38.3252 284.966
1325	'MalchorsLeap-PoI35' -380.77 5.22731 347.971
1326	'MalchorsLeap-PoI36' -148.373 -48.3733 495.93
1327	'MalchorsLeap-PoI37' -293.581 135.884 -42.7235
1328	'Transition-PortalMalchorsToCursedShore' -370 76 -705
1329	'CursedShore-WP1' 464.876 108.043 1396.46
1330	'CursedShore-WP2' 137.413 39.5366 1132.03
1331	'CursedShore-WP3' -204.19 5.19751 942.177
1332	'CursedShore-WP4' 228.335 52.1403 787.414
1333	'CursedShore-WP5' 429.222 55.4284 505.849
1334	'CursedShore-WP6' -478.781 5.47647 579.318
1335	'CursedShore-WP7' 37.1943 2.23936 356.175
1336	'CursedShore-WP8' 326.513 38.0349 183.253
1337	'CursedShore-WP9' -37.7459 35.8018 -78.0884
1338	'CursedShore-WP10' 638.169 109.368 -350.417
1339	'CursedShore-WP11' -122.227 23.477 -471.483
1340	'CursedShore-WP12' -460.747 53.5042 -1056.69
1341	'CursedShore-WP13' 533.966 32.9953 -1344.84
1342	'CursedShore-PoI1' 574.015 27.1525 -1226.65
1343	'CursedShore-PoI2' 336.975 27.919 -1177.76
1344	'CursedShore-PoI3' 191.684 3.95179 -841.376
1345	'CursedShore-PoI4' -493.99 57.3985 -1041.96
1346	'CursedShore-PoI5' -204.237 71.1655 -1048.47
1347	'CursedShore-PoI6' -568.29 41.5051 -671.378
1348	'CursedShore-PoI7' -532.208 22.0009 -334.349
1349	'CursedShore-PoI8' -69.3303 41.2299 -583.01
1350	'CursedShore-PoI9' 593.864 109.406 -347.877
1351	'CursedShore-PoI10' 47.7808 34.1932 -280.867
1352	'CursedShore-PoI11' -44.7174 35.5018 -98.5121
1353	'CursedShore-PoI12' 328.833 4.91832 -79.1231
1354	'CursedShore-PoI13' -227.87 9.6943 46.1337
1355	'CursedShore-PoI14' -68.988 24.2021 109.843
1356	'CursedShore-PoI15' 319.107 38.0349 180.009
1357	'CursedShore-PoI16' 576.367 62.7835 287.82
1358	'CursedShore-PoI17' 443.544 54.8128 493.846
1359	'CursedShore-PoI18' 114.241 30.4531 425.946
1360	'CursedShore-PoI19' -598.474 -118.428 58.5656
1361	'CursedShore-PoI20' -462.634 5.20758 557.136
1362	'CursedShore-PoI21' -251.592 31.3944 589.279
1363	'CursedShore-PoI22' 165.157 39.6548 802.699
1364	'CursedShore-PoI23' -216.062 5.15113 958.046
1365	'CursedShore-PoI24' -420.708 8.63059 1126.92
1366	'CursedShore-PoI25' 119.909 49.1171 1099.92
1367	'CursedShore-PoI26' 143.107 96.5525 1367.07
1368	'CursedShore-PoI27' -80.4097 24.9756 -457.638
1369	'CursedShore-PoI28' -11.3512 8.93834 647.214
