1	'PoI1' -750.652 26.2586 503.663
2	'PoI2' -699.05 7.65252 167.649
3	'PoI3' -649.905 0.770974 -43.1831
4	'PoI4' -717.657 46.4757 -146.758
5	'PoI5' -520.689 -59.0001 -114.508
6	'PoI6' -463.606 0.759009 276.898
7	'PoI7' -411.946 9.50926 353.091
8	'PoI8' -369.706 9.33153 339.07
9	'PoI9' -357.974 59.0409 243.554
10	'PoI10' -387.935 0.483911 -0.592636
11	'PoI11' -288.272 22.0175 -20.6169
12	'PoI12' -333.437 -141.814 -201.909
13	'PoI13' -329.462 45.6207 -440.594
14	'PoI14' 270.256 38.219 -354.887
15	'PoI15' 0.421859 -62.4771 -129.532
16	'PoI16' 185.914 30.9004 -252.783
17	'PoI17' 167.777 44.1363 -43.9245
18	'PoI18' 614.465 64.0453 -267.197
19	'PoI19' 519.021 45.0727 -4.84735
20	'PoI20' 618.602 38.6315 209.801
21	'PoI21' 182.442 49.38 265.043
22	'PoI22' 109.532 29.2438 398.082
23	'PoI23' -42.2107 29.5291 214.353
24	'PoI24' -122.76 28.5088 376.151
25	'PoI25' -206.432 27.8985 332.362
26	'PoI26' -210.899 27.3935 236.377
