1	'SkimmerMastery' 561.527 3.50882 118.118
2	'Cheak_Point_1' 537.288 1.95832 108.119
3	'Cheak_Point_2' 493.69 1.69338 150.152
4	'Cheak_Point_3' 466.357 1.69165 242.853
5	'Cheak_Point_4' 417.356 1.69339 262.476
6	'Cheak_Point_5' 409.396 3.60563 228.715
7	'Cheak_Point_6' 405.813 1.69336 172.144
8	'Cheak_Point_7' 330.23 1.69338 142.331
9	'Cheak_Point_8' 265.077 -12.7142 94.4387
10	'Cheak_Point_9' 253.511 -16.716 46.4766
11	'Cheak_Point_10' 210.032 -32.1999 -4.65464
12	'Cheak_Point_11' 119.054 -16.2364 -87.139
13	'Cheak_Point_12' 69.1411 -40.1476 -105.151
14	'Cheak_Point_13' 7.0873 -49.5927 -138.515
15	'Cheak_Point_14' -2.8346 -39.7757 -154.93
16	'Cheak_Point_15' 14.4651 -31.6393 -161.622
17	'Cheak_Point_16' 49.3143 -28.3871 -116.976
18	'Cheak_Point_17' 99.0624 -12.0562 -93.2308
19	'Cheak_Point_18' 144.136 1.69207 -73.5629
20	'Cheak_Point_19' 170.516 1.69339 -58.8946
21	'Cheak_Point_20' 229.739 1.69339 -38.3495
22	'Cheak_Point_21' 279.265 -5.62545 -29.2546
23	'Cheak_Point_22' 296.779 -18.5037 8.88792
24	'Cheak_Point_23' 280.713 -25.815 18.6007
25	'Cheak_Point_24' 253.007 -24.1074 2.88359
26	'Cheak_Point_25' 267.306 -15.0256 -24.2324
27	'Cheak_Point_26' 349.611 -7.44994 -43.7964
28	'Cheak_Point_27' 471.795 1.89278 -57.8732
29	'Cheak_Point_28' 499.347 2.53452 4.35871
30	'Cheak_Point_29' 554.681 2.87198 38.6262
31	'Cheak_Point_30' 594.081 3.06275 55.5056
32	'Cheak_Point_31' 590.349 1.93087 86.6687
33	'Cheak_Point_32' 556.834 2.04895 107.354