2	'de' 675.96 226.99 -604.3
3	'de' 334.58 199.31 -1077.68
4	'de' 648.74 185.28 -174.63
5	'de' -470.75 281.32 1150.21
6	'de' -140.71 184 1114.54
7	'de' 158.61 9.5 1116.3
8	'de' 492.29 93.71 1223.61
9	'de' 582.11 41.59 1212.8
10	'de' 380.95 92.12 749.96
11	'de' 668.4 113 557.74
12	'de' 323.34 103.34 493.59
13	'de' 612.63 163.27 60.48
14	'de' 182.62 182.68 90.7
15	'de' 71.9 213.24 82.33
16	'de' -406.41 159.83 175.44
17	'de' -242.18 95.76 501.57
18	'de' -496.68 220.37 689.06
19	'de' -58.84 121.03 804.68
20	'de' -533.34 336.97 -553.11
21	'de' -441.62 184.66 -772.92
22	'de' -70.62 117.11 105.49
