1	'Wisp-Cleft-Left' 34.1914 0.215558 74.0345
2	'Wisp-Cleft-middle' 48.1472 0.340785 75.0956
3	'Wisp-Cleft-right' 59.7764 0.53656 68.8956
4	'Orb1' -23.7496 1.63676 158.875
5	'Orb2' -10.3612 2.73079 242.217
6	'Orb3' 52.0636 0.906051 239.616
7	'Orb4' 186.16 1.70653 210.641
8	'Orb5' 166.304 1.43949 134.909
9	'Orb6' 200.872 5.59369 77.1949
10	'@ENDBOSS-Starting-Orb' -84.1514 -0.243245 -111.641
11	'@ENDBOSS-Wisp-Cleft1' -117.912 -0.24326 -137.914
12	'@ENDBOSS-Orb1' -86.804 -0.242616 -109.301
13	'@ENDBOSS-Wisp-Cleft2' -121.696 -0.239701 -183.079
14	'@ENDBOSS-Orb2' -87.9607 1.1269 -221.625
15	'@ENDBOSS-Wisp-Cleft3' -169.05 -0.243173 -180.439
16	'@ENDBOSS-Orb3' -203.125 1.60743 -207.609
17	'@ENDBOSS-Wisp-Cleft4' -162.797 -0.311277 -135.183
18	'@ENDBOSS-Orb4' -189.787 1.04107 -106.973
