1	'PoI1' -1145.84 61.6956 -530.455
2	'PoI2' -1122.06 68.3199 -315.94
3	'PoI3' -938.046 42.1252 -70.9513
4	'Poi4' -1159.61 27.4095 156.455
5	'PoI5' -631.006 47.2431 -166.868
6	'PoI6' -552.38 54.5944 5.41111
7	'Poi7' -331.397 12.1756 -56.865
8	'PoI8' -132.215 7.88983 -519.444
9	'PoI9' -168.679 47.8785 -683.446
10	'PoI10' 68.1786 7.4053 -447.096
11	'PoI11' 229.039 26.8059 -385.223
12	'PoI12' 326.178 -7.90074 -618.527
13	'PoI13' 524.727 20.1108 -441.234
14	'PoI14' 752.102 8.65821 -327.158
15	'PoI15' 793.889 7.05817 -229.076
16	'PoI16' 1049.31 3.15653 -397.162
17	'PoI17' 11.6207 -45.717 92.9765
18	'PoI18' 210.554 -42.7212 216.49
19	'PoI19' -237.953 -52.5864 430.475
20	'PoI20' -460.366 9.17168 412.688
21	'PoI21' -449.423 -141.907 813.23
22	'PoI22' 777.658 35.941 22.5529
23	'PoI23' 935.16 32.3533 154.541
24	'PoI24' 714.361 4.52523 263.693
25	'PoI25' 997.066 18.5083 538.454
26	'PoI26' 606.423 2.87415 833.69
27	'PoI27' 393.369 17.467 913.302
28	'PoI28' 76.4667 26.7136 766.929
29	'PoI29' -535.239 -7.48373 233.166
30	'PoI30' -764.713 149.721 -671.237
