1	'WP1' 626.267 88.6417 894.935
2	'WP2' 876.867 12.5485 680.332
3	'WP3' 630.605 2.03057 692.71
4	'WP4' 170.693 6.51142 855.5
5	'WP5' 1117.01 37.1013 181.347
6	'WP6' 873.944 24.0595 140.943
7	'WP7' 774.767 6.55598 -159.126
8	'WP8' 29.9172 2.1959 -378.856
9	'WP9' 363.182 1.23716 -576.733
10	'WP10' 132.359 -80.7453 92.5678
11	'WP11' -272.357 0.472209 -111.862
12	'WP12' -410.853 0.112118 254.494
13	'WP13' -269.411 -55.2693 498.194
14	'WP14' -892.034 -25.4086 517.666
15	'WP15' -617.698 49.8734 -146.483
16	'WP16' -970.79 40.384 -45.9785
17	'WP17' -1107.48 45.9629 -464.214
18	'WP18' -807.676 120.228 -575.594
19	'WP19' -272.501 30.5619 -842.299
20	'WP20' -484.624 10.4557 -490.893
