1	'PoI1' -275.742 356.636 297.284
2	'PoI2' -356.138 343.327 139.873
3	'PoI3' -82.6194 297.327 194.034
4	'PoI4' -41.6963 409.949 -147.319
5	'PoI5' 160.539 355.215 -157.246
6	'PoI6' 38.0552 361.51 -385.92
7	'PoI7' 28.6596 484.943 -408.367
8	'PoI8' 87.4914 420.733 -419.152
9	'PoI9' 268.798 412.837 -274.759
10	'PoI10' 460.829 366.19 -208.614
11	'PoI11' 479.193 413.881 -421.482
12	'PoI12' 688.428 377.715 -471.587
13	'PoI13' 787.264 367.256 -313.498
14	'PoI14' 548.996 301.246 -149.951
15	'PoI15' 627.882 311.257 43.1201
16	'PoI16' 731.039 347.25 -69.2058
17	'PoI17' 789.68 301.573 170.969
18	'PoI18' 650.424 258.24 261.416
19	'PoI19' 752.687 253.726 560.546
20	'PoI20' 415.895 308.627 602.632
21	'PoI21' 249.609 318.517 423.826
22	'PoI22' 332.826 316.802 435.402
23	'PoI23' -54.0197 318.884 528.833
24	'PoI24' 288.118 286.701 81.4346
