1	'starting_in_Gendarran_FIelds' 309.09 2.72 -570.02
2	'enter_instance' 289.4 4.94 -650.67
3	'join' -14.16 26.47 121.46
4	'watch' -8.62 26.43 103.57
5	'escort_them' -0.28 26.46 102.65
6	'first_attack' 46.49 40.13 55.81
7	'second' 100.22 63.48 -36.93
8	'third' 126.76 63.7 -90.72
9	'4' 135.92 58.34 -120.37
10	'kill_them_all' 151.3 58.35 -145.93
11	'' 201.98 57.37 -166.02
12	'' 147.9 58.35 -184.28
13	'' 152.6 57.98 -218.34
14	'' 155.24 58.35 -254.11
15	'' 135.19 58.35 -267.44
16	'' 72.67 58.35 -296.77
17	'' 195.3 58.06 -259.67
18	'' 201.01 58.74 -291.69
19	'now_defend_the_cart_again' 157.96 58.34 -167.49
20	'escord_end' 111.47 58.34 -273.66
21	'talk' 112.18 58.34 -269.89
22	'exit' 126.28 58.34 -270.1
23	'next_port_in_Divinitys_Reach' 68.72 123.35 -613.47
24	'instance_start' 332.71 70.13 -509.01
25	'listen' 347.41 71.94 -528.19
26	'talk' 335.07 71.94 -529.93
27	'optional_talk_with_Kasmeer' 333 71.94 -529.05
28	'optional_Bartender' 340.68 71.95 -539.65
29	'exit' 339.9 72.07 -515.21
30	'talk_with_logan_optional' 327.75 67.66 -501.54
31	'next_port_Gendarran' 382.36 69.72 -409.57
32	'instance_start' 290.5 5.03 -649.81
33	'talk' -5.71 26.47 103.23
34	'investigate' 1.55 26.24 94.29
35	'talk_with_Marjory' 1.55 26.24 94.29
36	'scan' -8.21 28.41 74.85
37	'scan' -27.25 29.13 77.72
38	'scan_Marjory' -9.58 26.47 91.85
39	'scan_Farley' -25.49 29.13 81.52
40	'scan_Saraki' -12.23 28.41 74.24
41	'scan_Izurri' -22.96 29.14 77.73
42	'and_now_Scan_Mai_trin' -13.62 27.82 86.79
43	'talk' -13.03 26.42 93.41
44	'optional_talk' -14.13 27.82 86.43
45	'Exit' -30.18 26.25 170.42
46	'track_the_skritt_next' 821.49 22.55 -97.19
47	'Kasparak' 797.78 0.97 -135.49
48	'next_to_Bloodtide_Coast' 797.78 0.97 -135.49
49	'Morraloo' -466.97 -75.42 947.37
50	'back_to_Lions_Arch' -466.97 -75.42 947.37
51	'Ogre' -665.66 0.81 -190.08
52	'now_to_Caledon' -665.66 0.81 -190.08
53	'Astorra' 376.77 10.96 1414.84
54	'now_to_Snowden_Drifts' 376.86 10.58 1415.88
55	'Trembling_Song' 773.67 68.24 639.3
56	'now_back_to_gendarran' 825.11 154.79 381.51
57	'instance_start' 289.78 5.02 -650.08
58	'talk' -1.02 26.24 94.73
59	'scan' -4.03 28.41 79.05
60	'scan' -11.07 28.41 73.86
61	'scan' -25.17 29.13 76.7
62	'scan' -8.94 28.41 76.41
63	'talk' -17.55 29.13 82.28
64	'scan' -15.18 28.41 78.04
65	'scan' -28.82 29.13 77.61
66	'scan' -24.08 29.13 83.57
67	'scan' -21.94 29.13 80.16
68	'scan' -27.91 29.13 80.88
69	'Back_Again' -13.72 27.82 87.1
70	'kill_them' -13.72 27.82 87.1
71	'Horrik' -5.59 26.46 104.5
72	'talk' -12.24 26.32 94.86
73	'optional_Talk' -14.78 26.24 97.15
74	'Exit' -30.69 26.24 176.32
75	'now_to_Bloodtide_Coast' 289.65 5.75 -644.28
76	'now_talk_to_Ellen_Kiel_first,_if_you_have_bug_and_in_generell_to_get_the_stuff_working' 245.73 19.95 1192.56
77	'Hideout_Clue' -125.04 21.25 197.36
78	'Hideout_Clue' -517.06 12.96 540.29
79	'kill_the_"maybe"_spawned_aetherblades' -515.32 6.53 555.05
80	'Hideout_Clue' -358.01 -0.55 -1004.04
81	'kill' -366.31 0.69 -1022.23
82	'Hideout_Clue' 422.36 0.34 -865.08
83	'kill' 406.34 -0.22 -863.35
84	'Hideout_Clue' 417.66 44.96 57.15
85	'kill' 424.75 42.59 54.84
86	'if_not_done_yet,_wait_for_other_ppl_to_get_the_Hideout_Clues_and_kill_the_mobs_they_spawn' 353.94 37.33 153.59
87	'now_to_Lions_Arch' -691.59 51.5 -150.35
88	'instance_start' -599.71 -1.32 -141.62
89	'talk' 43.63 -0.75 115.37
90	'talk' 36.23 -0.59 110.96
91	'talk' 11.5 0.07 86.33
92	'kill' 10.76 -0.18 126.88
93	'console_and_kill' -18.13 12.7 133.11
94	'Chest' -88.32 10.03 15.26
95	'Chest' -109.05 57.75 -47.56
96	'take_tp' -51.33 30.48 95.77
97	'kill' -67.47 0.46 103.13
98	'Chest' -103.18 6.77 85.13
99	'port' -99.48 1.67 165.09
100	'kill' -99.69 0.75 197.17
101	'Chest_and_kill' -61.84 5.37 256.39
102	'kill' -161.61 3.97 261.91
103	'port' -174.26 13.17 191.41
104	'port' -179.49 12.69 116.01
105	'console' -164.11 11.2 40.38
106	'kill' -177.89 11.79 110.68
107	'kill' -150.36 10.76 36.31
108	'kill' -172.55 9.61 -62.07
109	'kill' -126.95 18.39 -141.43
110	'kill' -169.64 25.98 -123.01
111	'port' -142.93 39.76 -80.05
112	'fast_tp' -125.45 50.17 -73.42
113	'tp' -127.69 69.24 -78.9
114	'tp' -137.45 79.06 -77.83
115	'Control' -112.24 98.52 -79.32
116	'kill' -43.61 76.16 10.53
117	'last_port_before_end_fight' -87.43 104.37 -85.24
118	'start' -23.14 95.65 -92.49
119	'after_fight_get_the_chest' -29.5 94.76 -144.4
120	'chest' -98.92 104.03 -221.9
121	'talk' -37.5 95.64 -80.61
122	'go_to_Divinitys_Reach' -599.71 -1.32 -141.62
123	'Case_Closed_Instance' 333.04 70.04 -508.35
124	'talk' 333.59 71.95 -529.51
125	'Chapter_done' 333.66 71.95 -529.05
126	'optional_stuff_is_here' 333.66 71.95 -529.05
