1	'Jade_Battery' -849.02 188.92 19.04
2	'Jade_Battery' -1153.89 120.53 -108.09
3	'01' -608.58 62.06 -568.09
4	'02' -512.08 7.91 -776.66
5	'03' -984.24 45 -695.75
6	'04' -1120.14 22.91 -536.82
7	'Jade_Battery' -1190.51 163.85 -89.86
8	'Jade_Battery' -1090.24 166.97 873.73
9	'05' -1243.89 120.55 -243.78
10	'06' -1238.35 120.98 -21.9
11	'07' -1091.29 189.36 -44.48
12	'08' -852.05 97.19 -535.89
13	'Jade_Battery' -1130.98 163.1 807.06
14	'Jade_Battery' -617.41 59.38 -530.66
15	'09' -515.29 126.33 -262.7
16	'10' -372.66 -0.35 -78.19
17	'11' -242.45 76.61 -93.06
18	'12' -226.27 26.77 -366.04
19	'Jade_Battery' -845.3 146.99 273.09
20	'Jade_Battery' 162.5 88.01 -92.83
21	'13' -87.17 19.7 -243.1
22	'14' 157.83 92.82 -75.92
23	'15' 400.12 74.05 -356.85
24	'station' 463.28 200.01 -484.19
25	'16' 209.72 92.01 -466.33
26	'station' 463.28 200.01 -484.19
27	'Jade_Battery' 648.09 32.48 -194.62
28	'Jade_Battery' 334.48 94.35 392.72
29	'17' -87.59 63.8 -513.55
30	'18' 82.16 122.67 -806.08
31	'19' 504.84 113.19 -521.18
32	'20' 986.12 21.12 -326.6
33	'Jade_Battery' -252.53 26.4 -412.39
34	'Jade_Battery' 238.86 198.08 157.25
35	'21' 1083.09 21.38 -477.74
36	'22' 1158.33 0.78 -738.36
37	'23' 1111.48 82.69 -42.75
38	'24' -69.63 18.22 -183.71
39	'Jade_Battery' -540.05 178.01 117.2
40	'Jade_Battery' -157.7 23.16 -317.28
41	'25' 601.01 31.12 -26.48
42	'26' 1086.46 23.11 266.55
43	'27' 1113.08 33.14 563.73
44	'28' 1201.06 27.55 875.68
45	'Jade_Battery' -1154.44 102.07 -313.86
46	'Jade_Battery' 1054.35 4.7 -488.81
47	'29' 758.18 16.87 804.18
48	'30' 541.76 28.12 267.97
49	'31' 497.52 246.81 64.88
50	'32' 133.28 150.3 220.83
51	'Jade_Battery' -839.17 183.59 -55.12
52	'Jade_Battery' -233.52 2.08 -288.38
53	'33' 58.83 156.18 313.16
54	'34' -45.03 171.1 239.69
55	'35' 94.47 61.77 678.66
56	'36(need_do_meta)' 115.97 3.22 736.24
57	'Jade_Battery' -68.42 16.65 -157.13
58	'Jade_Battery' -79.43 74.17 477.94
59	'37' 458.71 0.56 864.16
60	'38' -203.89 0.64 909.43
61	'39' -449.33 49.04 654.94
62	'40' -692.63 46.84 -537.94
63	'Jade_Battery' 1088.01 21.36 -464.76
64	'Jade_Battery' -780.84 57.17 -617.08
65	'41' -847.7 57.17 -645.65
66	'42' -704.1 2.29 691.77
67	'43' -769.29 79.06 728.25
68	'44' -1061.49 155.28 -125.87
69	'Jade_Battery' -627.25 121.73 414.95
70	'Jade_Battery' 203.52 98.16 -187.39
71	'45' -245.07 0.33 197.76
72	'46' -1213.94 166.06 505.8
73	'47' -1122.05 155.99 860.21
74	'48' -588.18 178.37 158.32
75	'Jade_Battery' -770.56 125.49 315.16
76	'Jade_Battery' -200.66 71.82 -101.14
77	'49' -613.89 56.86 -465.02
78	'50' 590.9 138.67 -237.38
79	'51' 481.68 43.83 560.86
80	'52' -376.11 2.62 -259.09
81	'Jade_Battery' 154.34 92.32 416.23
82	'Jade_Battery' -268.78 25.08 -346.11
83	'53' 1216.22 124.31 -455.28
84	'54' -780.45 205.44 -84.73
85	'55' -513.98 1.33 235.95
86	'56' -83.88 271.51 96.12
