1	'Go-to-a-shooter-and-attack-Termita-larva·Ôs-until-Heart-is-full' -392.265 4.50366 948.222
2	'Stump' -474.208 23.5141 558.416
3	'Stump' -436.537 10.8966 539.151
4	'Bring-Stomp-to-NPC' -405.394 9.46217 490.742
5	'Stump' -383.597 1.68729 469.048
6	'BBring-to-NPC' -406.252 9.64284 488.587
7	'Fish-Corpse' -398.935 0.358351 518.419
8	'Fish.-Corpse' -380.381 0.389689 473.266
9	'Fish-Corpse' -343.48 -0.838446 443.203
10	'Fish-Corpse' -313.373 0.240049 409.782
11	'FIsh-Corpse' -277.646 -0.0658205 397.476
12	'Fish-Corpse' -255.601 0.0677896 369.841
13	'FIsh-Corpse' -246.024 -0.206431 335.586
14	'Fish-Corpse' -246.592 -0.161653 299.408
15	'Fish-Corpse' -240.762 0.142832 258.635
16	'Fish-Corpse' -413.141 -1.04911 559.772
17	'Fish-Corpse' -418.31 -1.29998 600.495
18	'Stump-Heart-completed' -503.858 31.4108 529.187
19	'Corpse' -139.664 33.778 534.325
20	'Corpse&Kill' -146.432 21.8767 490.115
21	'Corpse&Kill' -185.926 8.80777 495.126
22	'Corpse&Kilkl' -172.344 14.9286 454.404
23	'Kill-Corpse-Fly' -190.436 7.25381 497.475
24	'Corpse&Kill' -274.444 0.486286 570.105
25	'Corpse-Fly' -285.108 -0.0400009 568.235
26	'Corpse&Kill' -269.788 0.613762 646.457
27	'Corpse-Fly' -279.5 0.339015 638.203
28	'Corpse&Kill' -235.263 0.369885 705.493
29	'Corpse-Fly' -242.898 0.244729 710.607
30	'Corpse/Kill' -196.417 7.49602 691.431
31	'Corpse-Fly' -168.002 12.945 693.419
32	'Corpse/Kill' -152.682 15.4081 701.526
33	'Extra-Corps&Kill' -104.16 25.3711 698.117
34	'Marker' 178.772 4.30208 709.054
35	'marker' 136.892 2.69538 722.512
36	'Marker' 212.429 3.92195 730.3
37	'Marker' 244.911 3.9861 703.677
38	'Marker' 280.782 0.910853 651.229
39	'Marker' 278.643 1.24025 600.62
40	'Marker' 290.744 3.10357 543.828
41	'Marker' 245.155 -0.271675 498.296
42	'Take-Water-Gun' 222.732 3.72592 722.184
43	'Shot-Hylek' 199.684 5.23132 737.302
44	'Wood' 165.073 2.89313 708.079
45	'GIve-NPC_Wood' 205.428 8.29113 672.236
46	'Wood' 208.28 21.2197 621.988
47	'GIve-NPC-Wood' 206.268 8.05269 670.409
48	'Wood' 246.437 3.92199 671.981
49	'Give-Wood-Heart-completed-if-not-kill-RIsen' 205.6 8.25743 672.185
50	'Take-Flamethrower' 105.761 0.746148 1017.23
51	'Artifact' 108.236 0.868767 1012.33
52	'Burn-Plant' 106.153 0.249303 1008.45
53	'Artifact' 105.883 0.166338 991.615
54	'Burn-Plant' 122.243 3.47866 993.832
55	'Hole&Kill' 147.62 8.12983 977.842
56	'Artifact' 123.052 0.524853 933.039
57	'Artifact' 97.476 0.249634 949.399
58	'Burn-Plant' 149.86 11.7043 988.201
59	'Artifact' 158.842 1.01663 895.92
60	'Burn-Plant' 182.048 2.38176 900.593
61	'Fire' -102.278 14.1427 292.917
62	'Fire' -95.5691 21.5117 248.492
63	'Fire' -180.732 12.7598 199.691
64	'Fire' -123.953 3.62906 153.562
65	'Fire' -82.9921 4.96825 204.366
66	'Fire' -56.7284 9.50391 268.949
67	'Fire' -24.0775 17.0993 285.616
68	'Fire' 25.9522 17.4051 278.374
69	'Wire-Trap' -3.39341 23.2646 330.071
70	'Trap' 7.07807 26.4465 334.81
71	'Trap' 12.7411 27.8194 334.489
72	'Trap' 5.96269 30.1943 352.329
73	'Trap' 19.3399 31.9383 349.625
74	'Trap' -55.3411 24.9884 354.894
75	'Trap' -64.6494 23.7509 347.606
76	'Trap' -81.7883 23.5278 347.273
77	'Fire-Heart-completed' -82.008 24.886 354.753
78	'Transform-into-moa' -747.143 4.51389 47.0001
79	'Open-Chest' -729.785 0.19118 -2.79909
80	'Open-Chest' -717.706 0.548116 -42.6713
81	'Chest' -706.593 0.187537 -45.8642
82	'Chest' -694.659 0.323349 -47.6318
83	'CHest' -705.9 0.239238 -35.3371
84	'CHest' -704.513 0.786746 -15.8548
85	'Chest' -683.705 0.300775 -17.5797
86	'Chest' -692.167 0.246352 -0.964557
87	'Chest' -672.772 0.273103 -5.28785
88	'Chest' -653.443 0.264946 -3.93045
89	'Transform-out-and-give-NPC-Treasures' -745.919 4.38402 46.9836
90	'Get-a-bomb' -745.919 4.38402 46.9836
91	'Place-bomb' -611.925 0.616087 12.3471
92	'Take-Chest-after-bomb-exploded' -612.577 0.271964 9.70472
93	'Take-bomb' -746.507 4.6761 47.7214
94	'Bomb-it' -748.378 0.377983 5.22788
95	'Take-Bomb' -746.339 4.82294 48.3454
96	'Place-bomb' -725.871 1.05142 -101.835
97	'GIve-Treasures-Heart-completed' -745.263 4.8133 48.7566
98	'Eggs' -768.443 -28.1742 -415.21
99	'Eggs' -754.646 -25.212 -363.1
100	'Egg' -741.797 -36.3122 -329.795
101	'EWggs' -695.057 -47.9504 -352.444
102	'Eggs' -696.771 -41.8456 -308.923
103	'Eggs' -659.182 -41.4347 -320.823
104	'Eggs' -643.995 -34.2499 -398.604
105	'Eggs' -681.969 -51.9554 -417.602
106	'Eggs' -713.027 -57.5053 -430.221
107	'Eggs' -739.164 -52.6737 -484.437
108	'Eggs' -760.672 -58.5284 -467.756
109	'Eggs' -782.108 -18.3109 -356.502
110	'Rescue-Quaggan&Killboth_Krait' -719.155 -22.9832 -318.554
111	'GIve-Eggs-NPC' -815.767 6.45863 -313.798
112	'Rescue-Quaggan' -744.471 -19.8756 -446.085
113	'Rescue-Quaggan&Kill' -640.173 -20.9031 -436.469
114	'Rescue-Quaggan&Kill' -754.116 -22.8534 -383.158
115	'Rescue-Quaggan&Kill-Heart-completed' -717.93 -20.6461 -318.668
116	'Scanner' -448.117 4.81844 -907.154
117	'Scanner' -441.538 -0.500552 -852.726
118	'Scanner' -429.036 0.697986 -811.193
119	'Scanner' -597.204 0.275232 -776.483
120	'Scanner' -564.032 0.823111 -709.792
121	'Scanner' -531.29 3.63384 -725.138
122	'Scanner' -550.043 2.66692 -830.613
123	'Scanner' -578.192 2.39292 -825.64
124	'Scanner' -625.896 0.983231 -815.347
125	'Tool' 20.0308 -0.0945739 -792.857
126	'Tool' 35.7168 12.7574 -827.477
127	'Tree' 46.4492 15.7075 -830.769
128	'Tree' 32.4287 11.0463 -892.407
129	'Tool' 22.9774 7.34755 -922.185
130	'Tree' 26.5195 -0.0734041 -747.921
131	'Tool' -4.40512 0.0705315 -714.002
132	'Tree' -5.53683 0.378626 -704.662
133	'Tree' -40.9754 5.18394 -714.477
134	'Tree' 73.8523 0.512391 -718.262
135	'Tool' 59.0706 0.363864 -712.097
136	'Tool' 99.7176 0.677225 -753.575
137	'Tree' 90.7431 -0.0188575 -788.503
138	'Give-him-Tools-HEart-completed' -75.5952 0.856607 -792.023
139	'Scanner' -448.91 4.78992 -907.775
140	'Scanner' -441.116 -0.509164 -852.742
141	'Scanner' -430.217 0.860674 -810.35
142	'Scanner' -597.849 0.274149 -776.402
143	'Scanner' -564.048 0.929436 -710.662
144	'Scanner' -530.547 3.68653 -725.079
145	'Scanner' -549.916 2.8734 -832.458
146	'Scanner' -578.453 2.4544 -825.607
147	'Scanner' -625.442 1.02697 -815.245
148	'Supplies' 273.703 0.937007 -791.318
149	'Give-Supplies' 356.726 2.48055 -838.903
150	'Kill-Rat' 361.956 2.82663 -822.484
151	'Kill-Rat' 401.127 1.96936 -856.778
152	'Kill-Frog' 380.78 -0.695752 -867.111
153	'Kill-Frog' 348.106 -0.634057 -876.175
154	'Kill-Frog' 328.273 -0.463091 -857.081
155	'Take-Supplies' 248.572 2.21869 -752.887
156	'Give-NPC' 357.377 2.37403 -837.027
157	'Kill_Frog' 378.335 0.451753 -908.589
158	'Kill-Frog' 385.145 -0.827392 -927.45
159	'Kill-Frog' 386.186 0.0895415 -949.887
160	'Kill-Frog' 434.041 -0.690571 -949.079
161	'Supplies' 186.378 -0.961615 -577.265
162	'GIve-NPC_Supplies' 357.794 2.37385 -837.456
163	'Kill-Rat-Heart-completed' 363.184 2.7387 -821.522
164	'Shroom' 501.241 3.93082 -405.708
165	'Shroom' 341.098 12.0521 -451.773
166	'shroom' 271.222 3.54199 -477.836
167	'Shroom' 208.688 5.61645 -476.02
168	'Shroom' 146.168 2.45558 -426.469
169	'Shroom' 103.722 1.26587 -370.75
170	'Marker' 170.252 7.37571 -389.961
171	'Marker' 165.147 0.875802 -335.441
172	'Marker' 243.17 5.30467 -349.247
173	'Shroom' 293.712 7.24406 -363.762
174	'Shroom' 274.053 15.0368 -409.839
175	'Shroom' 346.512 14.5409 -389.722
176	'Shroom' 402.404 0.363699 -342.619
177	'Shroom' 437.53 19.8197 -252.522
178	'Shroom' 244.287 0.478657 -320.192
179	'Train-with-him' 333.718 12.7679 -423.392
180	'Train' 354.908 14.9369 -437.454
181	'Train-Heart-completed' 347.728 16.3578 -409.89
182	'Scanner' -449.775 4.61218 -906.022
183	'Scanner' -441.087 -0.475109 -853.447
184	'Scanner' -429.451 0.732356 -812.023
185	'Scanner-Heart-compelted' -549.655 2.65014 -830.923
186	'Pile' -367.098 0.789773 -274.091
187	'Pile' -402.769 0.250224 -359.112
188	'Risen-Rotmouth' -450.003 -28.914 -267.21
189	'Strongbox' -438.668 -23.1747 -252.29
190	'retunr-Mine-to-NPC' -292.184 39.7002 -346.85
191	'Strongbox' -404.102 -21.0661 -319.635
192	'Give-Mine-To-NPC' -292.574 39.6053 -346.715
193	'Strongbox' -416.61 -15.0084 -268.722
194	'Return-Mine-Heart-completed' -293.657 39.1519 -345.518
