1	'Heart1' 592.16 1.6582 -580.049
2	'Heart2' 467.159 13.9962 -903.947
3	'Heart3' 253.469 3.87963 -803.928
4	'Heart4' -6.91437 23.0655 -805.798
5	'Heart5' 361.165 44.6168 -1126.28
6	'Heart6' 153.763 4.76373 -1096.38
7	'Heart7' -243.305 0.511052 -1176.97
8	'Heart8' -281.421 35.0006 -996.89
9	'Heart9' -560.213 39.5461 -1096.78
10	'Heart10' -300.827 1.49278 -635.652
11	'Heart11' -231.454 12.0553 -191.031
12	'Heart12' -144.805 28.3558 253.265
13	'Heart13' -324.296 24.3023 140.882
14	'Heart14' 497.568 -0.0239994 -112.68
15	'Heart15' 508.314 0.388309 412.069
16	'Heart16' 639.056 -79.862 705.879
17	'Heart17' -374.904 4.95953 978.631
18	'Heart18' -206.387 0.800338 1299.71
19	'Heart19' 502.842 0.229003 1216.12
