1	'Slave-Remains1' 605.523 -58.659 1221.07
2	'Slave-Remains2' 576.581 -119.561 1216.26
3	'Slave-Remains3' 595.28 -120.422 1188.94
4	'Slave-Remains4' 603.525 -95.7846 1133.34
5	'Kill-Cell' 596.747 -69.2877 1174.85
6	'Kill-Cell' 569.407 -72.1753 1213.4
7	'Kill-Cell' 562.311 -72.4118 1198.08
8	'Slave-Remains' 560.289 -77.1904 1212.32
9	'Kill-Cell' 646.516 -33.7132 1193.29
10	'Slave-Remains' 657.748 -27.5383 1194.51
11	'Kill-Cell' 604.857 -35.1072 1261.02
12	'Slave-Remains' 596.668 -39.8574 1267.84
13	'Slave-Remains' 609.694 -120.323 1209.28
14	'Slave-Remains-Ifnot-completedyet-kill-more-Krait' 649.846 -41.2861 1215.15
15	'Thorns' -524.432 -0.123645 1109.28
16	'Plant' -535.924 0.866293 1109.04
17	'Plant' -544.034 1.04641 1066.08
18	'Plant' -544.496 1.04761 1017.61
19	'Thorns' -552.958 -0.0644643 1009.15
20	'Plant' -501.356 0.179874 1019.7
21	'THorns' -481.568 0.433237 1005.18
22	'Plant' -441.476 0.638868 1023.58
23	'Thorns' -442.246 0.159395 1059.41
24	'Plant' -401.78 0.103715 1054.55
25	'Plant' -438.725 0.512859 1088.93
26	'Thorns' -391.243 -0.370955 1095.48
27	'Thorns' -384.44 -0.523357 1127.45
28	'Thorns' -441.856 1.47051 1149.27
29	'Plant' -481.825 1.90804 1071.31
30	'PLant' -501.192 0.177118 1019.57
31	'Thorns' -480.728 0.523069 1005.06
32	'Plant' -423.746 0.327745 964.789
33	'Plant' -387.609 2.14954 1000.96
34	'Thorns-Heart-completed' -361.135 -0.155962 1031.25
35	'Kill-Mortar1' -411.123 31.7154 109.416
36	'Kill-Mortar2' -411.251 29.0368 87.7415
37	'Kill3NightmareHounds' -538.228 51.9322 258.66
38	'Mortar' -534.638 48.5032 348.727
39	'KillMortar' -552.515 49.9757 350.304
40	'KillMortar' -510.934 44.8411 324.642
41	'KillMortar' -490.992 42.8726 331.484
42	'KillMortar' -488.201 44.3713 198.613
43	'KillMortar' -473.266 44.9499 192.32
44	'Killhim-Heart-completed' -450.154 46.0353 174.769
45	'Lantern' 612.59 -61.178 653.532
46	'Trap' 609.422 -101.337 672.543
47	'lantern' 591.562 -121.356 719.453
48	'Trap' 600.082 -115.177 746.547
49	'Trap' 496.991 -132.615 750.875
50	'Lantern' 525.235 -121.393 802.499
51	'Trap' 547.685 -133.267 798.328
52	'Trap' 536.464 -136.063 814.171
53	'Lantern' 510.307 -87.6684 830.396
54	'Lantern' 474.273 -91.6551 749.928
55	'Lantern' 526.054 -101.406 690.502
56	'Trap' 551.219 -121.453 664.581
57	'Lantern' 576.13 -99.0711 671.103
58	'Lantern-Heart-completed' 559.487 -43.3823 734.697
59	'Chest' 563.804 -21.6196 389.986
60	'Cell' 569.62 -22.8362 375.343
61	'Cell' 547.767 -23.6657 396.754
62	'Cell' 555.642 -33.6183 338.838
63	'Give-NPC-armore-whenyouget-from-chest' 510.711 0.194146 411.417
64	'Chest' 514.877 -33.606 473.268
65	'Krait-Chest' 545.523 -111.242 542.186
66	'Chest' 573.411 -83.407 531.568
67	'Chest' 570.185 -58.4792 490.982
68	'CHest' 539.03 -51.2267 470.919
69	'Give-NPC-armore-HEart-completed' 510.291 0.226081 409.883
70	'Trap' -291.058 0.405661 -163.736
71	'Trap' -323.24 -13.5974 -213.46
72	'Fishing-Net' -349.904 -21.9865 -191.479
73	'Trap' -340.907 -26.8531 -162.521
74	'Fishing-Net' -330.392 -23.1906 -138.336
75	'Trap' -322.319 -23.3916 -120.549
76	'Fishing-Net' -282.47 -12.1981 -115.048
77	'Kill3-Wave-Rider-around-this-area' -315.825 -9.43609 -133.64
78	'Trap' -251.161 0.35455 -104.604
79	'Trap' -181.767 -6.4596 -108.69
80	'Trap' -128.74 -29.5202 -135.64
81	'Trap' -72.2153 -28.4711 -135.972
82	'Trap-Heart-completed' -32.2773 -22.9656 -166.116
83	'Marker' 523.093 0.234791 -102.715
84	'Marker' 580.667 -0.108275 -109.063
85	'Marker' 463.61 -0.0925128 -133.153
86	'Marker' 475.739 1.18107 -186.351
87	'Cell' 527.364 -53.8173 21.068
88	'Cell' 515.931 -54.4919 59.9894
89	'Cell' 391.79 -51.5817 29.0736
90	'Cell' 383.424 -52.4937 -43.3933
91	'Kill-Cell' 441.803 -51.1061 -31.0484
92	'KillCell' 457.462 -52.4937 -8.91189
93	'Cell' 475.888 -52.4937 -5.39849
94	'KillKrait' 480.043 -31.6282 -3.29661
95	'KillCell-Heart-completed' 456.413 -25.1743 1.06343
96	'Marker' -27.1223 22.3847 -816.672
97	'Hand' -50.4207 19.6498 -868.275
98	'Hand' -22.1973 20.5395 -866.487
99	'Hand' -29.2142 16.8069 -898.898
100	'Hand' -13.9972 20.7469 -888.248
101	'Hand' -5.4474 11.896 -920.27
102	'Hand-Heart-completed' -11.7751 4.64815 -942.972
103	'Nightmare-web' -300.951 55.7372 -929.903
104	'Web' -313.408 58.6327 -937.222
105	'Web' -331.8 57.6797 -926.496
106	'Pod' -248.365 40.458 -930.996
107	'Pod' -202.494 42.111 -890.952
108	'Web' -196.381 38.5503 -910.228
109	'Web' -178.724 44.046 -885.25
110	'Web' -227.519 50.2748 -844.048
111	'Pod' -296.576 53.995 -893.855
112	'Kill-Nightmare-NPCs-until-heart-is-full' -299.924 37.9199 -854.556
113	'Kill-Larva' -242.639 -0.473627 -1209.4
114	'Tail' -243.781 -0.525257 -1227.3
115	'Tail&kill' -268.55 -0.260645 -1252.43
116	'TREE' -265.742 -0.434892 -1244.03
117	'Tail&Kill' -299.99 -0.00496393 -1234.56
118	'Tree' -298.888 -0.73876 -1222.98
119	'Tail&Kill' -327.153 0.110957 -1228.43
120	'KillLarva' -310.397 -0.157179 -1214.68
121	'Tail&Kill' -307.761 -0.172708 -1248.64
122	'KillLarva' -291.531 -0.411051 -1251.03
123	'Tree' -331.897 -0.433287 -1168.51
124	'FailSafe-Tree' -307.497 -0.482831 -1152.39
125	'FailSafe-Tree2' -301.63 -0.312866 -1120.3
126	'Larva' 177.345 2.03492 -1058.79
127	'Sac' 136.897 6.52298 -1004.26
128	'Sac' 133.508 6.31214 -992.015
129	'Sac' 126.182 6.98164 -989.542
130	'Sac' 115.784 7.36866 -991.654
131	'Sac' 114.554 7.63837 -994.791
132	'Larva' 207.452 3.08526 -1035.99
133	'Lost-Hound' 232.274 4.49771 -1024.24
134	'Kill3-Mosquiotïs' 167.417 1.36677 -1039.49
135	'LostHound-Heart-completed' 168.182 1.01578 -1025.15
136	'Hole' 618.306 0.401768 -798.881
137	'Hole' 677.908 -0.158729 -774.277
138	'Artifact' 719.004 -50.1577 -820.594
139	'Artifact' 704.45 -51.4494 -845.064
140	'Artifact' 680.752 -14.7894 -881.74
141	'Artifact' 716.641 -34.298 -875.143
142	'Artifact' 734.22 -31.0885 -872.983
143	'Artifact' 686.192 -27.2121 -817.78
144	'Artifact' 692.089 -25.1154 -798.978
145	'Hole' 602.053 0.832082 -860.375
146	'Hole-Heart-completed' 561.22 0.12002 -841.81
147	'Talk-to-NPC-to-get-in-the-area' 593.15 1.53369 -579.969
148	'2ThornBarriers' 636.591 0.153061 -532.657
149	'Talktobothpuppies,and"lovethem"' 634.341 0.14265 -526.927
150	'2Thornbarriers' 656.371 0.777852 -518.394
151	'benicetodoggies' 652.055 0.394954 -513.875
152	'2Barriers' 686.892 0.0256696 -542.313
153	'Benice' 690.309 0.289192 -547.744
154	'Weak-Point' 638.869 -0.159156 -593.349
155	'Weak-Point2' 602.909 2.19128 -561.745
156	'Puppi<3' 685.977 0.312727 -522.137
157	'WeakPoint3' 725.744 -0.109883 -555.365
158	'Weakpoint4-incase-you-missed-something-Heart-completed' 741.739 -0.160799 -557.07
159	'Click-it-to-leave' 736.918 -0.443862 -563.827
160	'Gears' -212.494 28.8415 269.655
161	'Gears' -205.045 28.8069 286.722
162	'Shiny-thing' -198.105 29.4117 300.194
163	'Shiny-thing' -210.572 27.7588 323.536
164	'Gears' -217.632 28.0244 336.396
165	'Tracking-Device' -217.603 26.4402 351.757
166	'Gears' -211.008 26.9511 368.32
167	'Tracking-Device' -201.822 27.2844 371.238
168	'Tracking-Device' -206.599 28.8638 391.644
169	'Shiny-Thing' -215.965 27.7542 386.984
170	'Shiny-THing' -223.405 26.4719 379.077
171	'Gears' -230.995 27.1594 378.353
172	'Gears' -196.061 26.2238 347.507
173	'Tracking-Devices' -194.18 26.2519 342.891
174	'Tracking-Device' -244.157 32.375 323.317
175	'Tracking-Device' -242.103 24.2877 253.937
176	'Tracking-Device' -81.9888 26.2423 266.918
177	'Shiny-Thing' -82.2784 27.0236 255.848
178	'Tracking-Device' -51.1375 25.6666 247.404
179	'Tracking-Device' -38.142 26.6033 266.669
180	'Tracking-Device' -26.9334 27.1133 262.801
181	'Shiny-Thing' -21.5161 27.202 261.483
182	'Tracking-Device' -5.89139 26.9344 255.861
183	'Tracking-Device' -14.7185 25.8415 250.112
184	'Tracking-Device-Heart-completed' -31.3236 23.2727 223.982
185	'Lavender' -274.02 1.17555 -581.025
186	'Lavender' -245.897 3.99813 -546.819
187	'SandPile' -207.475 0.827714 -512.915
188	'Lavender' -171.721 1.10271 -532.704
189	'SandPile' -148.884 1.2345 -558.63
190	'Lavender' -161.755 0.332687 -480.688
191	'SandPile' -118.385 0.847319 -512.491
192	'Lavender' -56.1564 0.881616 -514.786
193	'SandPile' -7.80784 2.64873 -456.963
194	'Lavender' -47.1343 1.5523 -435.357
195	'SandPile' -80.7636 1.1674 -419.948
196	'lavender' -98.5552 1.59265 -421.852
197	'Lavender' -119 8.70632 -398.46
198	'SandPile' -166.416 0.324789 -399.714
199	'SandPile' -260.325 1.13579 -510.829
200	'Give-NPC-Lavender-Heart-completed' -300.056 1.38133 -634.292
201	'Plant' 370.827 20.6636 -1157.02
202	'Plant' 345.318 24.4491 -1169.22
203	'Plant' 351.919 3.77425 -1226.22
204	'Plant' 380.055 1.13678 -1223.38
205	'Plant' 388.519 -0.453219 -1210.01
206	'Corpse' 360.771 1.0115 -1190.1
207	'Corpse' 412.479 1.89589 -1164.42
208	'Corpse' 479.333 0.075907 -1169.29
209	'Plant' 482.03 -0.496143 -1190.05
210	'Plant' 526.871 -0.418178 -1211.08
211	'Limp' 534.743 -0.491962 -1199.7
212	'Plant' 546.688 -0.0822041 -1169.24
213	'Plant' 602.703 -0.493661 -1214.28
214	'Corpse' 629.32 1.59145 -1224.54
215	'Plant' 631.872 -0.233925 -1264.04
216	'Plant' 626.584 -0.488647 -1318.46
217	'Corpse' 598.076 0.144169 -1322.28
218	'Plant-Heart-completed' 593.145 -0.465209 -1294.54
219	'Food' -455.488 5.27897 1385.63
220	'Sign' -457.89 4.49686 1368.99
221	'Spike' -431.218 10.9099 1388.04
222	'Spike' -430.733 11.4459 1404.92
223	'Spike' -433.089 11.3049 1431.31
224	'Spike' -418.968 15.8992 1429.85
225	'Spike' -415.997 14.5698 1420.13
226	'Food' -404.78 8.00182 1411.63
227	'Sign' -388.712 11.0542 1419.28
228	'Sign' -348.794 1.56593 1410.93
229	'Food' -345.156 1.36996 1400.82
230	'StompLarva+kill-all-mosquitos' -379.09 0.056509 1358.15
231	'Food' -345.482 1.43975 1400.82
232	'Spike' -304.311 0.261594 1446.35
233	'Spike' -304.537 0.542732 1451.24
234	'Spike-Heart-completed' -293.93 -0.524996 1452.35
235	'Talk-NPC-to-transform-into-Mossheart' -559.936 39.5303 -1096.9
236	'BUrrow+kill+poisened-grub' -574.911 35.5085 -1104.93
237	'thorn' -583.464 33.8759 -1111.47
238	'Burrow+kill+poisenedgrub' -539.159 31.9674 -1147.82
239	'Thorn' -482.385 31.0469 -1140.6
240	'Vines' -483.496 30.0734 -1161.06
241	'Pod' -503.21 31.0083 -1173.01
242	'Burrow+kill+poisened-grub' -464.862 28.8568 -1153.05
243	'killthenormal-grub-aswal' -459.323 28.9503 -1149.88
244	'grub' -438.391 30.2364 -1141.13
245	'Thorn' -433.871 29.6543 -1166.73
246	'Thorn' -432.773 30.3171 -1183.86
247	'Web' 223.7 5.70125 -781.345
248	'Redcap' 237.553 6.01652 -780.375
249	'nestgoinside' 242.558 1.02281 -736.233
250	'Sac' 238.669 1.158 -732.781
251	'Redcap' 249.966 0.302861 -735.815
252	'Nest+killall' 266.926 0.511334 -670.665
253	'2EggSac' 262.304 -0.0834751 -670.715
254	'Redcap' 262.282 -0.00570243 -679.032
255	'Nest+kill+Heartcompleted' 279.385 1.23375 -681.307
256	'Extra-mob' -506.501 42.1074 342.701
257	'Extra-mob' -469.131 47.9611 313.022
258	'Extra-mob' -479.216 45.5829 274.27
259	'Extra-Shiny-Thingy' -44.4908 25.5382 235.888
260	'Kill-Mortar1' -411.123 31.7154 109.416
261	'Kill-Mortar2' -411.251 29.0368 87.7415
262	'Kill3NightmareHounds' -538.228 51.9322 258.66
263	'Mortar' -534.638 48.5032 348.727
264	'KillMortar' -552.515 49.9757 350.304
265	'KillMortar' -510.934 44.8411 324.642
266	'KillMortar' -490.992 42.8726 331.484
267	'KillMortar' -488.201 44.3713 198.613
268	'KillMortar' -473.266 44.9499 192.32
