1	'PoI1' 612.099 -34.014 1219.22
2	'PoI2' 524.304 2.36192 1044.96
3	'PoI3' -391.226 9.64554 1187.65
4	'PoI4' 545.857 -125.7 742.043
5	'PoI5' 274.232 11.1024 625.047
6	'PoI6' 91.0963 78.1402 624.741
7	'PoI7' 469.128 -48.5517 -3.58227
8	'PoI8' 573.771 6.37682 -178.211
9	'PoI9' -521.576 0.327838 642.374
10	'PoI10' -477.61 43.2572 162.86
11	'PoI11' -488.195 21.7663 -30.7501
12	'PoI12' -245.355 11.4686 -181.378
13	'PoI13' -305.935 37.4239 -402.287
14	'PoI14' -604.198 18.0223 -641.492
15	'PoI15' -40.6283 4.51103 -637.6
16	'PoI16' -296.558 -0.795955 -1181.79
17	'PoI17' -85.4982 5.00559 -1279
18	'PoI18' 199.368 0.649053 -1100.17
19	'PoI19' 346.707 45.5072 -1130.75
20	'PoI20' 688.173 -0.0334099 -483.623
