1	'WP1' 359.793 10.7097 1276.21
2	'WP2' -566.459 8.75369 1410.06
3	'WP3' -492.511 0.570764 1196.61
4	'WP4' -92.8004 20.8134 1054.11
5	'WP5' 253.1 12.7442 1021.56
6	'WP6' -261.456 68.8916 550.278
7	'WP7' -529.103 49.8376 424.84
8	'WP8' 439.48 21.6986 297.897
9	'WP9' -104.126 4.26909 20.1882
10	'WP10' 563.571 27.8715 -311.447
11	'WP11' 39.8498 38.7705 -380.489
12	'WP12' -354.896 5.21249 -674.733
13	'WP13' 541.325 15.1802 -795.245
14	'WP14' -421.766 4.95124 863.76
15	'WP15' 8.22254 22.3244 -812.325
16	'WP16' 380.928 34.5103 -1065.8
17	'WP17' -213.067 6.01162 -1242.88
18	'WP18' -290.944 54.3217 -881.021
