1	'JP1_METRICA_PROVINCE' 691.431 77.023 51.1901
2	'JP2_Walk-Back-Through-Portal-then-ZONE' 588.021 48.948 18.9505
3	'ZONE' 700.69 40.69 868.25
4	'JP1_CALEDON' 543.993 55.2382 -772.542
5	'JP2_CALEDON' 333.816 2.46895 -740.844
6	'JP3_CALEDON' 366.068 82.3504 -653.495
7	'JP4_CALEDON' 569.461 27.3233 -1369.42
8	'JP5_CALEDON' -654.311 53.9561 -180.187
9	'JP6_CALEDON' -640.53 5.41 820.75
10	'ZONE' -595.8 12.38 1392.62
11	'Chest1_BRISBAN' 524.05 40.23 174.55
12	'Chest2_BRISBAN' 516.26 39.75 198.03
13	'ZONE' 1250.76 81.13 904.9
14	'JP1_KESSEX' 1166.36 93.0745 -733.048
15	'Goffs_Loot_Kessex' -40.57 53.85 686
16	'ZONE' 631.76 70.52 719.32
17	'JP1_QUEENSDALE' 1272.69 56.632 -827.102
18	'QUEENSDALE_CHEST1' -1124.79 64.19 -237.1
19	'QUEENSDALE_CHEST2' -564.33 20.58 26.21
20	'QUEENSDALE_CHEST3' 900.92 110.75 -179.96
21	'ZONE' 1251.76 37.5 242.07
22	'JP1_GENDARRAN' -387.885 46.3175 -534.982
23	'JP2_GENDARRAN' -341.002 86.7131 -602.993
24	'GENDARRAN_CHEST1' 46.66 0.14 719.05
25	'GENDARRAN_CHEST2' 556.69 0.52 435.69
26	'GENDARRAN_CHEST3' 966.09 75.96 523.15
27	'GENDARRAN_CHEST4' -629.95 0.16 -627
28	'GENDARRAN_CHEST6' 845.267 33.7595 -680.076
29	'ZONE' 175.76 26.76 713.76
30	'JP1_HARRATHI' -816.611 4.01152 961.176
31	'HARATHI_CHEST1' -1108.9 154.7 -158.54
32	'HARATHI_CHEST2' 86.76 -54.67 -770.36
33	'HARATHI_CHEST3' 433.58 64.63 -285.53
34	'HARATHI_CHEST4' 401.85 156.63 1005.9
35	'HARATHI_CHEST5' 94.66 88.35 703.5
36	'HARATHI_CHEST6' 462.59 79.2 437.01
37	'HARATHI_CHEST7' 506.39 0.11 317.07
38	'HARATHI_CHEST8' 881.19 89.42 -67.33
39	'HARATHI_CHEST9' 1007.83 115.64 -158.78
40	'ZONE' 581.76 42.61 -985.55
41	'ZONE' 292.76 7.76 -675.76
42	'JP1_LIONS' 826.071 83.0998 462.821
43	'JP2_LIONS' 704.527 2.8487 -500.819
44	'KEY' -203.554 46.3196 42.0846
45	'KEY' -403.91 38.9881 90.5282
46	'KEY' -485.398 48.257 155.799
47	'KEY' -583.869 97.6133 454.424
48	'JP3_CHEST' -594.509 95.4117 340.838
49	'ZONE' 198.76 50.76 332.76
50	'JP1_SOUTHSUN' -523.928 47.9674 361.618
51	'JP2_SOUTHSUN' -675.68 71.9194 368.252
52	'JP3_SOUTHSUN' 834.085 72.6131 -453.778
53	'SOUTHSUN_CHEST1' 779.47 38.55 302.51
54	'SOUTHSUN_CHEST2' 256.33 -72.4 -604.07
55	'ZONE' 804.76 41.84 -368.27
56	'ZONE' 330.76 39.7 -494.65
57	'JP1_BLOODTIDE' -525.536 29.1501 825.099
58	'ZONE' 657.76 12.76 -1034.76
59	'JP1_SPARKFLY' 924.367 36.2469 -1043.82
60	'JP2_SPARKFLY' 894.744 6.93344 -938.982
61	'SPARKFLY_CHEST1' 863.74 85.16 -384.6
62	'SPARKFLY_CHEST2' -291.67 45.39 -532.06
63	'SPARKFLY_CHEST3' -810.19 0.29 -661.59
64	'SPARKFLY_CHEST4' 747.74 33.38 824.35
65	'SPARKFLY_CHEST5' 344.98 43.43 1221.15
66	'SPARKFLY_CHEST6' -816.18 69.69 414.11
67	'ZONE' 349.76 68.82 -1112.46
68	'JP1_STRAITS' 224.157 95.4097 -380.697
69	'STRAITS_CHEST1' -174.65 32.71 -827.96
70	'STRAITS_CHEST2' -914.7 34.2 -18.24
71	'STRAITS_CHEST3' -1142.8 70.89 -320.54
72	'STRAITS_CHEST4' -408.38 46.16 60.45
73	'STRAITS_JP2' 561.69 -115.07 13.73
74	'STRAITS_JP3' -735.9 -149.62 838.26
75	'ZONE' -1165.76 66.28 -549.55
76	'ORB1' 911.781 -28.3617 -705.365
77	'ORB2' 1133.97 -15.8774 -734.46
78	'ORB3' 1118.36 53.1418 -740.32
79	'ORB4' 1053.54 22.8352 -722.976
80	'ORB5' 1069.09 10.8442 -738.705
81	'ORB6' 1003.91 86.1569 -719.326
82	'ORB7' 1026.07 88.3287 -735.625
83	'ORB8' 1064.29 97.0737 -725.242
84	'ORB9' 1130.38 106.644 -746.711
85	'ORB10' 1094.87 109.345 -715.177
86	'ORB11' 932.288 53.8482 -726.806
87	'ORB12' 1084.26 61.1313 -761.372
88	'JP1_MALCHOR' 1139.71 63.2367 -732.339
89	'SMUG1' 932.972 18.698 -448.976
90	'SMUG2' 919.145 17.4847 -468.725
91	'SMUG3' 937.773 35.2606 -455.658
92	'SMUG4' 945.096 17.5808 -417.215
93	'SMUG5' 922.123 48.3012 -441.489
94	'SMUG6' 943.464 44.9126 -410.875
95	'JP2_MALCHOR' 927.831 57.1332 -459.556
96	'MALCHOR_CHEST1' 1276.62 -13.86 437.66
97	'MALCHOR_CHEST2' 51.08 35.2 -72.28
98	'MALCHOR_CHEST3' 60.56 132.21 351.25
99	'MALCHOR_CHEST4' -16.66 47.83 -409.47
100	'MALCHOR_CHEST5' -285.61 101.4 145.15
101	'MALCHOR_CHEST6' -1328.62 32.9 -345.88
102	'ZONE' -366.76 76.76 -704.76
103	'JP1_CURSED' -132.543 111.922 -1150.96
104	'CURSED_JP2' 332.36 5.83 -1175.08
105	'CURSED_JP3' 464.02 0.43 664.27
106	'CURSED_CHEST1' 375.49 5.01 -70.86
107	'CURSED_CHEST2' -375.27 41.46 948.58
108	'CURSED_CHEST3' 507.53 54.3 1181.18
109	'CURSED_CHEST4' 598.06 66.3 1002.43
110	'ZONE' 446.76 119.05 1437.88
111	'ZONE' 1452.76 66.11 -307.21
112	'ZONE' 1163.76 34.1 201.89
113	'EARTH' 1320.37 23.8766 619.694
114	'WIND' 1317.28 139.647 842.894
115	'WATER' 1379.86 53.987 409.467
116	'FIRE' 1288.26 128.679 610.863
117	'JP1_MAELSTROM' 1302.36 77.5935 626.81
118	'JP2_MAELSTROM' -1394.99 104.16 927.83
119	'MOUNT_CHEST1' 678.96 80.36 -288.35
120	'MOUNT_CHEST2' -126.38 95.54 -371.7
121	'ZONE' -96.19 32.59 918.76
122	'JP1_TIMBER' 822.052 31.781 1240.45
123	'JP2_TIMBER' 367.55 35.091 -1121
124	'TIMBERLINE_CHEST1' 405.44 77.94 -656.92
125	'TIMBERLINE_CHEST2' -637.63 19.52 -95.35
126	'TIMBERLINE_CHEST3' -573.02 6.03 524.89
127	'ZONE' 392.76 89.7 1196.83
128	'JP1_DREDGE' -715.276 81.8332 -1030.3
129	'JP2_DREDGE' -768.472 107.239 -769.768
130	'DREDGE_CHEST1' -515.78 102.62 1008.09
131	'DREDGE_CHEST2' -599.8 112.73 139.15
132	'DREDGE_CHEST3' -394.5 134.74 -553.92
133	'ZONE' -742.76 71.04 195.52
134	'JP1_LONAR' -599.813 106.408 -903.277
135	'BOMB' -606.423 150.309 -618.359
136	'JP2_LONAR' -456.479 130.066 -926.714
137	'JP3_LONAR' -115.937 65.8111 1198.98
138	'LONAR_CHEST1' 587.46 193.62 -1574.86
139	'LONAR_CHEST2' -481.31 112.44 989.38
140	'LONAR_CHEST3' 415.2 227.86 1022.22
141	'ZONE' 411.76 199.1 1756.87
142	'JP1_SNOW' 1508.02 33.9169 186.28
143	'SNOW_CHEST1' -826.76 127.22 665.78
144	'ZONE' 1450.76 75.78 532.06
145	'JP1_WAYFARER' -623.637 127.664 59.3268
146	'WAYFARER_CHEST1' -26.09 116.33 730
147	'WAYFARER_CHEST2' -574.76 152.72 -210.39
148	'WAYFARER_CHEST3' 583.33 43.61 -827.96
149	'WAYFARER_CHEST4' -103.04 65.38 -1639.86
150	'ZONE' 338.76 262.11 1583.42
151	'JP1_FROSTGORGE' -205.733 65.0682 462.828
152	'FROST_CHEST1' 764.21 9.65 263.11
153	'ZONE' 1067.76 13.76 16.76
154	'JP1_FIREHEART' 583.537 44.4855 -818.136
155	'JP2_FIREHEART' -336.995 6.43549 -980.627
156	'FIREHEART_CHEST1' 1101.24 18.76 -14.53
157	'FIREHEART_CHEST2' 1205.47 88.19 -48.41
158	'FIREHEART_CHEST3' -525.99 72.53 -922.07
159	'FIREHEART_CHEST4' -1176.13 90.96 -795.83
160	'ZONE' 1190.76 9.92 -669.12
161	'JP1_IRON' -705.644 11.256 -947.28
162	'IRON_CHEST' 731.67 1.2 -1099.77
163	'ZONE' 708.76 15.1 -699.26
164	'JP1_BLAZERIDGE' 702.645 23.6169 -640.103
165	'JP2_BLAZERIDGE' 494.67 127.987 1383.75
166	'JP3_BLAZERIDGE' 428.445 68.3761 1397.11
167	'BLAZERIDGE_CHEST1' -86.95 78.75 786.26
168	'BLAZERIDGE_CHEST2' -341.95 4.36 350.12
169	'BLAZERIDGE_CHEST3' -184.81 44.61 -1120.84
170	'ZONE' 541.76 54.64 -1477.92
171	'JP1_RUINS' -1141.72 63.5431 676.209
172	'ZONE' 539.76 3.35 1022.99
173	'ZONE' -703.76 44.12 -507.3
174	'JP1_PLAINS' 1204.26 66.1361 -723.39
175	'JP2_PLAINS' 1264.38 65.8192 -735.632
176	'PLAINS_CHEST1' 374.67 0.52 -626.03
177	'PLAINS_CHEST2' -1336.59 48.61 -399.59
178	'PLAINS_CHEST3' -761.55 4.94 97.47
179	'PLAINS_CHEST4' -570.24 36.3 668.87
180	'PLAINS_CHEST5' 187.99 100.55 676.56
181	'PLAINS_CHEST6' 1491.46 56.48 740.47
182	'ZONE' -313.76 83.76 695.76
183	'JP1_DIESSA' 571.852 80.8577 -472.164
184	'DIESSA_CHEST1' 579.15 75.3 -137.96
185	'DIESSA_JP2-No-Chest' 455.71 75.48 -694.98
186	'DIESSA_JP3-No-Chest' -130.54 95.02 140.89
187	'DIESSA_Font-of-Rhand-PORTAL' 1195.24 67.57 725.89
188	'DIESSA_CHEST2' 424.48 -79.31 710.64
189	'DIESSA_RHENDAKS_CHEST' 301.03 -71.37 708.55
