1	'starting-Coming-Home' -60.54 208.28 454.98
2	'instance-start-coming-home' -106.6 207.99 451.92
3	'talk' -689.19 108.51 -122.52
4	'after-map-opens-run-with-them-ports-will-start-again-at-the-meating' -676.92 106.91 -136.11
5	'sit' -67.04 22.58 99.41
6	'after-speech-and-map-open-port' -77.46 11.96 99.17
7	'fire' -110.92 15.19 68.97
8	'fire' -127.6 10.12 192.09
9	'fire' -160.41 6.36 103.98
10	'talk' -100.72 5.05 139.52
11	'talk' -158.18 3.73 168.69
12	'instance-done' -158.18 3.73 168.69
13	'do-the-event-shit-manual' -380.23 36.44 -46.79
14	'after-events-done-port-here' 77.98 56.29 88.02
15	'talk' -20.19 49.93 277.65
16	'talk' -17.69 49.98 280.9
17	'talk' -9.43 49.87 280.38
18	'talk' -4.99 50.04 270.92
19	'talk' -19.27 49.95 277.59
20	'talk' -160.16 3.57 -25.75
21	'talk' -158.24 4.36 15.42
22	'talk' 1.09 21.35 -50.36
23	'get-parts' -42.97 21.2 -74.84
24	'put' -49.5 20.12 -78.14
25	'get-parts' -74.42 19.04 -52.97
26	'put' -49.35 20.12 -78.19
27	'get-parts' -70.7 18.51 -61.33
28	'put' -49.07 20.12 -78.29
29	'get-parts' -74.78 18.3 -76.03
30	'put' -48.29 20.14 -78.49
31	'talk' 3.11 21.36 -50.95
32	'talk' 274.7 43 28.34
33	'talk' 78.37 56.2 88.63
34	'talk' -332.68 36.45 97.13
35	'talk' -314.89 36.45 160.05
36	'accompany-him-ports-after-youre-done-here' -322.62 36.45 145.92
37	'talk-to-him' -330 68.03 156.36
38	'instance-start-bad-blood' -600.95 127.03 -330.49
39	'port' -595.97 127.03 -339
40	'port-and-wait-until-open' -578.05 135.33 -338.65
41	'port' -513.29 153.33 -338.8
42	'talk' -601.26 127.03 -343.78
43	'port-and-wait' -634.87 97.27 -154.5
44	'now-kill-thugs' -638.31 97.27 -156.65
45	'instance-done' -639.18 97.27 -158.44
46	'talk' -18.73 49.96 277.82
47	'talk' -20.33 49.74 282.63
48	'port' -495.71 65.37 -313.96
49	'talk' -491.15 65.38 -351.3
50	'port' -427.02 36.52 -192.9
51	'port' -592.7 65.34 -157.93
52	'talk' -583.69 66.8 -191.68
53	'talk' -559.36 65.38 -104.5
54	'port' -266.84 48.05 521.07
55	'instance-start-Deeper-and-Deeper' -638.28 118.16 -235.39
56	'talk' -612.2 118.66 -278.48
57	'after-youre-done-with-door-port-here' -580.1 118.63 -244.36
58	'when-rescued-gorrik-port-here' -638.01 118.61 -247.96
59	'ínstance-done' -641.29 118.15 -238.22
60	'talk' 77.39 56.26 87.08
61	'talk' -595.68 102.54 -666.32
62	'instance-start-A-Race-to-Arms' -597.58 102.71 -668.6
63	'talk' -887.81 102.45 -804.57
64	'port' -950.47 129.96 -642.81
65	'port' -942.42 153.03 -527.61
66	'kill-mobs' -961.81 154.34 -522.88
67	'port-here' -966.46 196.49 -309.65
68	'port' -989.92 196.77 -279.63
69	'kill-boss' -978.66 196.55 -288.95
70	'port' -924.32 196.61 -345.11
71	'port' -885.62 183.53 -391
72	'port' -995.12 161.47 -457.44
73	'talk' -967.33 155.01 -509.64
74	'chapter-done' -972.19 155.34 -510.61
