1	'Starting-Silence-Talk' -97.03 207.99 449.85
2	'instance-start-Silence' -108.85 207.99 446.82
3	'talk' 1538.9 76.06 -122.07
4	'port-and-wait' 1482.53 58.82 -160.87
5	'talk' 1440.53 58.64 -158.15
6	'open' 1447.54 58.82 -132.4
7	'port' 1449.05 58.81 -114.85
8	'try' 1447.86 58.81 -130.11
9	'port' 1451.07 58.82 -88.3
10	'door-opened' 1446.06 58.82 -111.62
11	'pick-up' 1431.51 58.83 -128.02
12	'talk' 1448 58.81 -87.21
13	'interact' 1429.44 58.81 -93.3
14	'talk' 1415.2 58.81 -100.04
15	'talk' 1386.91 58.66 -174.74
16	'port' 1353.97 58.64 -158.82
17	'Clue' 1320.37 62.53 -115.83
18	'Clue' 1252.56 71.69 -125.24
19	'Clue' 1170.66 78.75 -122.13
20	'Clue-use-Raven-Lens' 1062.43 103.72 -122.32
21	'after-talking-Clue' 882.13 121.49 -85.31
22	'Raven-Lens' 846.62 155.34 3.93
23	'Clue' 732.96 158.85 134.92
24	'Raven-Lens' 663.74 181.23 72.95
25	'instance-start-Whats-Left-Behind' 603.58 176.17 -168.87
26	'wait' 649.53 165.6 -185.68
27	'then-interact' 649.53 165.6 -185.68
28	'port-and-kill-them' 747.25 133.33 -218.93
29	'after-dead-talk' 762.87 136.01 -229.34
30	'port' 697.8 145.33 -181.14
31	'Talk' 634.57 167.41 -192.47
32	'do-event' 1043.45 159.26 -563.81
33	'event' 839.36 165.19 121.65
34	'event' 1063.46 138.61 205.63
35	'port' 939.31 155.01 590.01
36	'port' 919.48 160.72 602.41
37	'interact' 918.73 161.85 615.3
38	'instance-done' 920.43 161.1 615.26
39	'port' 1433.72 58.82 -120.49
40	'port' 517.19 197.56 132.08
41	'interact' 499.81 202.64 127.13
42	'instance-start-The-Invitation' 503.85 201.1 132.67
43	'port' 372.59 189.81 216.48
44	'talk' 307.89 189.86 213.95
45	'port' 293.47 189.86 197.79
46	'interact' 254.1 189.86 172.79
47	'talk' 171.86 189.82 369.97
48	'interact' 123.25 189.82 347.62
49	'_interact' 136.66 189.81 379.57
50	'interact' 155.63 189.82 294.92
51	'interact' 123.85 189.82 236.09
52	'port' 60.33 189.83 295.97
53	'port-and-kick' 62.74 189.85 370.27
54	'bossfight' 54.96 189.85 399.91
55	'after.boss-port-here' 36.87 189.86 440.25
56	'Chapter-done' 35.62 189.85 439.22
