1	'starting-Pointed-Parley' -167.64 2.37 63.13
2	'instance-start-Pointed-Parley' -181.65 2.37 61.1
3	'talk' -228.6 226.1 -1345.75
4	'port-and-wait' -160.36 187.57 -1364.45
5	'after-map-opens-op-port' -106.23 208.01 -1465.87
6	'take-a-seat-counciler' -119.24 208.06 -1459.97
7	'select-in-dialogue-the-guerilla-tactic-option' -117.74 207.8 -1461.17
8	'after-talking-instance-over' -117.74 207.8 -1461.17
9	'talk' -141.06 188.43 -1391.62
10	'talk' -160.98 190.01 -1424.01
11	'talk' -160.07 188.2 -1395.67
12	'get-food' -196.18 186.85 -1361.94
13	'give-food' -162.87 187.65 -1349.22
14	'pick-up' -229.93 191.02 -1193.73
15	'Destroy' -187.38 188.26 -1218.05
16	'give-Annona-Vinedrummer-the-supplies' -213.14 187.9 -1328.9
17	'talk' -157.36 188.44 -1392.18
18	'Suspicious-Shrub' -164.81 187.12 -1172.4
19	'Examine' -327.52 189.6 -1186.29
20	'select-the-last-option' -327.2 189.59 -1186.35
21	'Repair' -89.04 189.49 -1215.62
22	'listen-to-next-orders' -82.99 225.41 -1245.78
23	'Repair' -71.14 185.17 -1123.38
24	'destroy' -41.28 175.64 -1108.02
25	'Repair' 7.64 169.81 -1076.41
26	'destroy' -9.06 184.47 -1182.62
27	'collect' -156.27 189.24 -1232.06
28	'airwalk-and-destroy' -253.52 234.53 -1281.36
29	'Repair' -240.57 212.73 -1134.6
30	'shake-and-kill' -184.62 258.52 -1120.7
31	'airwalk-and-destroy' -208.4 248.65 -1004.8
32	'destroy' -36.43 173.65 -918.34
33	'Shrub-and-kill' 206.18 126.88 -861.56
34	'destroy' 261.98 103.05 -887.88
35	'airwalk-and-destroy' 307.61 44.2 -865.15
36	'collect' 452.43 2.95 -838.67
37	'Repair' 449.63 6.28 -827.49
38	'Repair' 458.48 14.66 -1010.29
39	'Destroy' 495.9 31.99 -1009.03
40	'Shrub-and-kill' 592.8 2.2 -981.34
41	'Repair' 569.15 53.87 -1149.98
42	'destroy' 483.96 92.46 -1246.57
43	'destroy' 461.3 138.95 -1464.88
44	'Repair' 298.16 119.2 -1387.06
45	'destroy' 240.58 151.72 -1167.11
46	'collect' 253.05 136.47 -1152.66
47	'Repair' 221.17 124.29 -1158.35
48	'destroy' 143.98 142.13 -1077.09
49	'airwalk-destroy' -298.62 209.48 -895.37
50	'Repair' -256.66 210.87 -739.97
51	'air-destroy' -243.61 187.63 -726.31
52	'destr' -199.86 162.45 -861.77
53	'destr' -250.45 166.26 -613.78
54	'air-destroy' -340.32 171.66 -650.94
55	'destr' -375.16 128.34 -726.98
56	'shrub-and-kill' -501.53 170.97 -712.15
57	'Repair' -546.31 179.39 -773.66
58	'Shrub-kill' -522.92 167.73 -826.32
59	'destr' -555.04 167.23 -876.05
60	'destr' -600.75 193.13 -1009.89
61	'shrub-kill' -640.29 184.36 -1158.22
62	'destr' -577.14 187.22 -1194.29
63	'Repair' -633.36 187.36 -1223.49
64	'destr' -482.96 247.59 -1128.28
65	'destr' -385.67 243.53 -1066.5
66	'air-destr' -386.71 207.98 -1164.75
67	'shrub-kill' -338.55 190.56 -1146.93
68	'shrub-kill' -248.4 189.4 -1227.51
69	'safeport-and-wait-for-next-mission' -119.85 186.16 -1323.78
70	'starting-Snapping-Steel' -59.66 5.02 -622.24
71	'note' -96.37 0.76 -644.06
72	'interact' -138.47 1.04 -681.4
73	'' -9.79 0.14 -759.12
74	'' -45.67 0.5 -828.76
75	'instance-start-Snapping-Steel' -51.61 -0.02 -824.9
76	'talk' -35.53 2.78 -841.15
77	'port-use-skill' -5.31 8.78 -834.91
78	'port-kill-then-open-door' 106.05 10.92 -803.8
79	'now-kill-him' 72.65 9.61 -816.85
80	'get-key' 27.81 11.41 -824.27
81	'open' 108.15 10.97 -799.3
82	'kill' 111.99 11.25 -779.26
83	'after-killing-boss-port-next' 98.99 9.9 -806.9
84	'talk' 106.99 11.07 -764.37
85	'after_talking_is_done_instance_done' 107.49 11.1 -766.54
86	'talk' -106.86 208.08 -1465.42
87	'port_here' 427.69 140.59 -1472.44
88	'take_option_2_to_fix_weapon' 427.69 140.59 -1472.44
89	'get_ammo' 664.34 -46.85 -798.31
90	'get_ammo' 764.73 -58.96 -830.41
91	'get_ammo' 743.46 -42.89 -727.61
92	'kill_3_char_cars_around_here_and_collect_the_vehicle_parts_do_that_manually_after_that_next_port' 479.81 1.67 -235.27
93	'talk' -106.07 208 -1465.9
94	'kill_effigy_and_get_orb' 210.48 153.68 -647.24
95	'give' -86.46 206.79 -1454.47
96	'interact' 622.26 110.65 -1344.05
97	'dont_drop_the_bomb' 620.08 112.14 -1345.73
98	'enter' 678.9 2.93 -1284.98
99	'talk' 665.85 2.29 -1298.46
100	'' 659.07 2.92 -1318.62
101	'' 653.86 3.75 -1332.52
102	'' 650.09 3.75 -1289.16
103	'' 632.64 3.75 -1288.65
104	'investigate-and-talk' 625.59 2.85 -1315.78
105	'starting-turnabout' -45.16 0.71 -829.99
106	'open' -33.79 3.01 -842.87
107	'talk' -29.02 3.23 -849.13
108	'interact_talk' -9.43 8.81 -835.55
109	'port_and_talk_to_them' 67.27 8.94 -836.32
110	'door' 107.29 11.01 -798.86
111	'cat_for_achievment' 83.11 11.19 -767.67
112	'port_here_and_wait_for_meeting_ryland' 83.45 11.14 -763.53
113	'after_cutscene_etc_kill_and_run_after_him_or_use_ports_kappa' 97.91 11.05 -759.42
114	'' 75.21 0.04 -673.36
115	'' -57.48 3.86 -610.59
116	'' -18.47 10.31 -531.98
117	'' 69.18 20.22 -541.14
118	'' 86.65 21.12 -466.59
119	'' 127.35 22.89 -428.9
120	'end_of_chasing' 127.35 22.89 -428.9
121	'get_ready_for_fight' 136.42 23.07 -401.7
122	'after_fight_run' 119.01 22.23 -439.67
123	'' 75.5 21.3 -513.11
124	'' 62.17 18.01 -552.16
125	'' 1.98 11.26 -553.16
126	'' -51.51 3.08 -535.25
127	'' -61.04 3.12 -604.04
128	'' -11.78 1.58 -645.82
129	'' 69.96 -0.03 -672.76
130	'open' 98.73 10.97 -728.97
131	'talk' 95.5 11.09 -763.01
132	'instance_and_chapter_done' 95.5 11.09 -763.01
