1	'starting_point_Behind_Enemy_Lines' -254.74 35.88 -240.22
2	'talk' -277.23 33.19 -223.63
3	'get_disquise' -277.67 33.23 -228.47
4	'port-and-wait_until_no_one_is_at_canon_and_charge_then_next_port' -304.75 4.09 -123.3
5	'take' -365.59 3.24 -116.76
6	'plant' -317.44 0.24 -94.68
7	'safeport_wait_until_charges_and_canon_is_free' -442.36 15.95 -16.27
8	'take' -440.3 3.06 -8.34
9	'stealth_and_place' -454.08 1.36 13.22
10	'safeport_you_now_the_drill' -501.95 37.28 53.77
11	'take' -518.29 1.11 78.84
12	'stealth_and_place' -514.77 0.72 92.84
13	'port_here_for_safe_detonate' -569.19 4.27 110.53
14	'achievment_ghost_completed' -569.19 4.27 110.53
15	'next_kill_this_one_just_choose_random_dialogue' -587.02 8.68 141.1
16	'talk' -606.39 31.74 190.84
17	'take' -605.11 31.82 193.09
18	'destroy_the_complete_ice_wall' -599.84 30.7 243.28
19	'kill' -584.24 4.36 301.21
20	'take' -577.86 8 279.58
21	'destroy_complete_wall' -573.26 1.65 322.65
22	'kill' -588.42 1.44 346.84
23	'take' -580.91 5.64 369.92
24	'destroy_complete_wall' -591.91 3.29 377.9
25	'port' -565.23 3.2 451.62
26	'talk' -533.18 10.62 510.44
27	'instance_done' -533.35 10.62 510.25
28	'talk' -538.13 10.63 522.38
29	'talk_with_Braham' -393.13 150.52 1224.83
30	'get_emp' -559.33 9.42 482.1
31	'use_emp' -271.79 49.26 167.28
32	'use_emp' 120.41 64.91 243.26
33	'use_emp' 126.71 180.39 780.16
34	'kill_veteran_effigy' -549.94 103.36 884.07
35	'kill_all_next_ports_are_kill_as_well_so' 266.3 105.58 765.47
36	'' 299.23 95.65 740.02
37	'' 54.19 104.62 666.51
38	'' -5.89 117.52 587.91
39	'' -160.62 72.24 572.94
40	'' -155.34 82.26 604.93
41	'' -189.96 86.12 575.06
42	'' -95.74 52.68 499.57
43	'' -172.8 54.07 463.92
44	'Tribune_Spawn_only_do_if_many_ppl_are_here_if_not_port_next' 49.07 107.24 365.34
45	'' 130.53 86.1 338.1
46	'' 146.28 106.22 373.15
47	'' 264.44 103.02 586.02
48	'' 322.74 86.35 527.59
49	'' 165.98 122.69 728.54
50	'' 53.81 104.66 666.76
51	'' 84.27 120.39 733.12
52	'' 178.46 128.73 690.19
53	'' 99.73 122.8 724.04
54	'' 105.5 125.68 732.95
55	'' 45.71 109.07 699.16
56	'' 54.25 104.53 665.68
57	'' 28.69 102.17 681.13
58	'' -157.62 83.4 605.37
59	'' -187.4 84.85 580.71
60	'' -162.5 73.42 573.25
61	'' -131.75 66.13 583.16
62	'' -172.13 54.15 463.09
63	'' -229.6 84.29 493.16
64	'thats_the_last_one_when_you_did_the_Tribune_a_while_back_next_ports_are_so_you_get_this_done_even_without_the_Tribune' -229.3 84.32 492.77
65	'if_you_dont_need_that_skip_the_ports_and_look_for_the_next_one_to_go_will_be_called' -229.3 84.32 492.77
66	'' -249.64 77.46 483.14
67	'' -237.62 58.78 451.26
68	'' -242.78 52.71 428.95
69	'' -237.43 47.74 413.73
70	'' -211.33 22.66 337.48
71	'' 25.74 101.51 679.3
72	'' 52.54 104.38 665.65
73	'' 45.89 108.95 696.45
74	'' 82.23 117.86 724.77
75	'' 107.89 125.64 739.58
76	'' 103.2 121.5 712.01
77	'' 141.05 120.09 717.15
78	'' 152.65 146.92 560.28
79	'' 154.47 149.27 543.78
80	'' 183.06 149.83 548.03
81	'' 175.25 148.64 528.58
82	'last_for_killing_next_ports_will_be_next_story_part' -254.28 79.83 523.81
83	'instance_start_A_Simple_Negotiation' -544.88 10.62 512.53
84	'talk' -532.17 12.04 521.77
85	'talk' -528.36 11.53 522.06
86	'talk' -536.59 10.62 522.04
87	'talk_and_wait' -526.39 10.62 519.42
88	'kill' -537.02 10.62 514.41
89	'talk' -532.02 12.04 521.46
90	'instance_done' -532.62 12.04 521.04
91	'starting_Pantheon_of_the_Wild' -393.32 150.52 1224.86
92	'talk_with_shrine' -358.05 144.17 603.49
93	'interact' -358.05 144.17 603.49
94	'after_talking_is_over_next_ports_will_b_e_for_the_minigame' -360.12 144.51 604.12
95	'' -401.91 154.96 615.64
96	'' -405.94 158.84 634.14
97	'' -399.34 158.83 652.71
98	'' -379.02 154.12 665.3
99	'' -368.17 152.23 662.32
100	'' -356.47 152.55 669.9
101	'' -359.25 153.2 626.52
102	'' -375.57 159.69 680.14
103	'' -393.81 168.04 678.43
104	'' -407.56 175.96 697.95
105	'' -386.74 169.2 692.91
106	'' -351.45 150.47 718.34
107	'' -339.22 157.98 686.43
108	'' -339.08 159.66 703.19
109	'' -345.82 170.13 726.65
110	'' -346.05 170.8 735.66
111	'' -354.26 171.02 743.8
112	'' -359.28 167.94 736.26
113	'' -355.21 167.79 727.82
114	'' -382.76 164.78 744.99
115	'' -400.74 178.59 797.1
116	'' -395.05 179.94 817.91
117	'' -395.66 181.65 838.75
118	'' -411.45 185.95 864.67
119	'' -432.67 222.57 912.09
120	'' -444.51 224.94 905.13
121	'' -457.37 232.44 907.9
122	'' -447.35 230.17 916.15
123	'' -425.33 222.33 925.22
124	'' -415.06 220.49 924.68
125	'' -391.46 224.45 871.84
126	'' -389.27 201.11 807.43
127	'' -363.76 171.66 786.52
128	'' -367.18 174.69 802.5
129	'' -383.91 178.81 798.76
130	'' -409.58 186.33 808.98
131	'' -412.57 183.84 801.95
132	'' -429.22 183.78 794.74
133	'' -426.69 184.96 809.76
134	'wolverine_totem_now' 454.01 135.26 471.05
135	'do_all_the_stuff_you_need_here_then_use_next_port_for_last_totem' 454.01 135.26 471.05
136	'talk_interact' 560.83 238.56 795.4
137	'after_talking_you_will_fly' 560.01 238.32 795.16
138	'use_ports_while_in_bird_form' 547.9 238.19 790.35
139	'' 456.5 238.53 769.36
140	'' 249.24 245.22 731.89
141	'' 107.68 221.2 624.45
142	'' -186.98 115.69 492.57
143	'' -262.4 89.69 265.48
144	'' -162.28 64.03 -53.97
145	'' -154.31 22.26 90.08
146	'' 124.12 37.3 -137.1
147	'' 454.45 213.45 102.08
148	'' 555.85 262.26 718.1
149	'now_get_back_to_brahambolus' -391.72 150.52 1224.13
150	'take_first_statue_of_eagle' -389.56 150.77 1227.29
151	'put_it_here' -389.89 150.49 1213.55
152	'take_owl' -385.53 150.79 1225.37
153	'put_here' -379.64 151.75 1224.59
154	'next_one' -386.22 150.92 1228.92
155	'put' -382.98 152.01 1231.97
156	'last_one' -386.47 150.67 1222.53
157	'put_here' -400.2 150.56 1222.38
158	'wait_for_talking' -392.16 150.53 1224.52
159	'next_up_one_charr,onedragon,onechampion' -374.54 153.99 1240.31
160	'port' -386.92 171.23 1286.64
161	'port' -396.24 186.65 1322.91
162	'port' -400.3 198.05 1352.34
163	'port' -402.62 203.86 1398.53
164	'port' -412.71 212.5 1443.42
165	'kill' -412.51 215.02 1452.39
166	'port' -421.84 217.72 1491.23
167	'port_kill' -439.57 229.29 1537.44
168	'port' -468.11 232.07 1540.63
169	'kill' -494.26 233.93 1554.75
170	'kill' -562.08 247.36 1530.47
171	'take_bloodcollector' -563.92 247.79 1529.29
172	'take_in_the_blue_stuff' -558.86 247.74 1521.95
173	'take_in_the_blue_stuff' -485.29 233.04 1558.36
174	'when_you_have_10_stacks_go_up' -512.57 236.66 1556
175	'port' -589.62 253.6 1500.47
176	'port' -603.19 261.04 1462.51
177	'kill' -611.02 267.64 1431.05
178	'port' -604.76 274.72 1390.7
179	'kill' -591.9 283.82 1344.25
180	'kill' -488.24 311.68 1288.29
181	'inspect' -492.09 316.86 1328.08
182	'get_Bazooka' -450.25 316.71 1301.66
183	'port_here_and_shoot_up_to_open_a_path' -471.49 315.99 1303.54
184	'wait_until_doors_are_open' -496.78 316.85 1321.79
185	'ENDBOSS_time' -493.52 316.95 1377.65
186	'des' -460.73 316.96 1400.49
187	'' -467.65 316.95 1407.75
188	'' -468.93 316.95 1418.17
189	'' -464.45 316.95 1427
190	'kill_bangar' -496.58 316.95 1419.47
191	'' -476.38 317.38 1453.27
192	'' -494.66 316.95 1446.72
193	'' -516.31 316.95 1445.24
194	'' -529.56 316.95 1452.67
195	'after_fight_etc_listen_to_his_words_and_wait' -503 316.96 1380.96
196	'use_portal_to_get_out' -492.34 316.96 1358.3
197	'EPILOGUE' -218.57 6.3 157.46
198	'talk' -271.61 2.75 219
199	'Instance_and_Chapter_done_after_talking_is_over' -271.61 2.75 219
