1	'talk' -264.21 2.43 209.31
2	'talk' 62.64 470.67 328.36
3	'talk' 60.84 474.64 186.25
4	'instance-start-Primordus-Rising' 69.67 470.67 344.47
5	'talk' 88.79 295.58 792.69
6	'kill' 100.9 298.39 765.87
7	'use_portal' 134.33 295.06 722.91
8	'Defend-area' -258.72 3.81 -612.73
9	'help_gorrik_etc' -378.08 45.66 -598.78
10	'clear_area' -410.7 44.24 -657.3
11	'kill_elite' -430.96 3.78 -693.4
12	'talk' -436.25 3.56 -696.93
13	'instance_done' -436.25 3.56 -696.93
14	'talk_with_the_aurene' -265.92 2.39 209.65
15	'instance_start_Defending_Tyria' -99.15 5.39 44.51
16	'to_the_shit_stuff' -368.57 35 -857.41
17	'start' -412.12 41.04 -858.16
18	'take' -356.46 37.88 -890.33
19	'repair' -349.37 45.61 -954.26
20	'take' -279.48 34.51 -928.97
21	'repair' -285.93 27.91 -886.52
22	'take' -356.44 38.05 -891.74
23	'repair' -260.93 27.32 -877.46
24	'take' -306.5 29.56 -797.86
25	'repair' -349.94 35.26 -818.47
26	'take' -280.31 34.51 -926.48
27	'repair' -191.05 34.03 -970.74
28	'take' -277.65 34.51 -928.17
29	'repair' -316.01 34.59 -897.42
30	'take' -209.05 21.5 -879.12
31	'repair' -176.16 24.76 -888.57
32	'take' -224.69 19.34 -805.86
33	'repair' -298.78 38.13 -953.35
34	'take' -306.19 29.63 -796.93
35	'repair' -248.43 36.92 -954.07
36	'take' -355.42 37.87 -891.14
37	'repair' -186.72 23.97 -901.95
38	'rescue' -408.23 52.81 -995.62
39	'rescue' -395.95 51.89 -993.16
40	'rescue' -395.53 51.9 -935.13
41	'rescue' -434.28 51.78 -955.94
42	'rescue' -390.25 52.87 -1013.54
43	'rescue' -413.74 52.09 -1005.84
44	'rescue' -308.57 34.17 -749.59
45	'rescue' -264.4 25.85 -723.31
46	'rescue' -285.66 38.3 -693.54
47	'rescue' -264.86 38.32 -727.13
48	'rescue' -250.4 24.3 -758.96
49	'rescue' -212.84 24.13 -740.51
50	'rescue' -182.8 19.39 -721.92
51	'rescue' -285.27 38.31 -723.62
52	'rescue-point' -435.12 41.12 -857.89
53	'killnow' -338.69 34.44 -858.94
54	'now-meet-taimi' -647.84 65.32 -925.75
55	'mp' -494.73 75.61 -1151.25
56	'after-escord-boss-time' -506.01 80.02 -1098.35
57	'finalboss-time' -277.05 26.7 -864.69
58	'loot' -259.43 27.95 -857.06
59	'tphub' -233.09 20.86 -857
60	'next_fuck_mission_Brisban_leggo' -99.11 5.53 43.92
61	'do_event_stuff' 1142.19 38.12 -272.01
62	'start' 1248.27 45.46 -376.94
63	'harder' 1234.06 48.77 -386.69
64	'easy' 1228.24 45.76 -367.49
65	'Mortar-Pod' 1176.12 36.81 -291.01
66	'Mortar-Pod' 1168.57 37.74 -295.79
67	'Mortar-Pod' 1143.2 38.73 -265.66
68	'Mortar-Pod' 1133.49 39.4 -301.4
69	'Mortar-Pod' 1162.2 43.25 -227.08
70	'Mortar-Pod' 1140.8 47.14 -215.16
71	'Mortar-Pod' 1185.52 59.85 -175.31
72	'Mortar-Pod' 1106.9 37.36 -263.34
73	'Mortar-Pod' 1139.04 47.56 -215.19
74	'Mortar-Pod' 1164.87 44.77 -222.87
75	'Bucket' 1160 38.2 -289.65
76	'Fire' 1160.82 38.95 -296.67
77	'Fire' 1179.54 37.44 -273.36
78	'Fire' 1151.09 39.79 -291.1
79	'Fire' 1128.01 39.98 -286.61
80	'Fire' 1128.65 39.99 -300.59
81	'Fire' 1137.77 41.4 -244.89
82	'Fire' 1214.8 71.69 -163.94
83	'Fire' 1203.98 72.54 -157.09
84	'Fire' 1126.68 41.94 -246.56
85	'Fire' 1161.08 38.98 -297.17
86	'Fire' 1151.69 39.74 -290.89
87	'now-kill' 1145.11 37.75 -273.3
88	'talk_with_caithe_and_guys_until_event_start_then_run_with_them' 1141.62 38.03 -274.77
89	'end_of_escord' 722.51 82.41 424.15
90	'endboss' 627.53 79.23 414.91
91	'end_of_mission' 613.82 86.18 398.34
92	'next_gendarran' -98.41 5.54 43.28
93	'start' 286.33 6.24 -638.41
94	'harder' 291.51 6.52 -609.14
95	'easy' 281.96 6.52 -609.54
96	'rescue' 208.49 18.76 -432.38
97	'rescue' 215.12 11.82 -302.05
98	'rescue' 192.81 15.77 -252.22
99	'rescue' 140.16 16.36 -262.23
100	'rescue' 108.59 18.56 -305.85
101	'rescue' 164.03 19.15 -307.65
102	'rescue' 248.54 5.59 -337.24
103	'rescue' 316.29 20.24 -403.72
104	'rescue' 399.33 6.32 -346.79
105	'rescue' 393.88 13.05 -227.03
106	'rescue' 351.46 16.42 -257.11
107	'rescue' 274.06 2.71 -225.58
108	'rescue' 372.39 7.24 -310.58
109	'rescue' 431.81 8.84 -358.37
110	'rescue' 442.44 18.93 -374.16
111	'rescue' 244.06 18.91 -385.54
112	'rescue' 122.53 23.62 -359.83
113	'rescue' 150.22 24.15 -392.6
114	'rescue' 172.35 18.47 -346.31
115	'rescue' 267.06 6.97 -306.13
116	'rescue' 248.57 5.59 -336.31
117	'rescue' 272.61 2.72 -225.4
118	'rescue' 193.41 15.85 -250.88
119	'rescue' 177.27 20.86 -406.57
120	'rescue' 245.47 30.57 -445.93
121	'port-here-for-evac' 288.38 2.05 -537.65
122	'now-get-a-water-bucket-from-here' 114.79 18.52 -333.16
123	'Fire' 138.35 25.49 -367.97
124	'Fire' 182.2 22.05 -387.52
125	'Fire' 226.42 19.26 -404.18
126	'Fire' 242.32 19.39 -401.06
127	'Fire' 412.61 8.85 -375.69
128	'Fire' 376.02 6 -356.74
129	'Fire' 362.04 5.51 -328.67
130	'Fire' 365.94 7.35 -321.23
131	'Fire' 365.34 6.96 -311.35
132	'Fire' 372.84 10.48 -299.92
133	'Fire' 391.72 8.48 -313.3
134	'now-kill-them' 235.11 12.09 -297.56
135	'kill' 114.27 27.04 -385.67
136	'escort-her' 283.4 2.89 -556.85
137	'kill-waves' -417.35 4.82 -28.35
138	'for-achievment-dont-get-hit-by-aoes-until-boss-is-dead!' -417.35 4.82 -28.35
139	'Group_North' -460.39 16.69 53.5
140	'Group_Middle' -414.26 4.85 -27.65
141	'Group-South' -412.65 6.71 -87.37
142	'boss' -491.69 4.24 -60.57
143	'Fissure' -474.75 5.44 -44.21
144	'Fissure' -463.56 16.65 51.64
145	'Fissure' -407.71 5.82 -18.32
146	'boss' -404.11 5.8 -19.4
147	'Fissure' -339.75 5.06 6.43
148	'Fissure' -381.45 34.12 80.54
149	'Fissure' -330.9 45.71 125.58
150	'boss' -391.94 58.89 138.58
151	'MP' -144.15 0.37 -347.57
152	'tp-to-hub' -467.14 17.23 65.35
153	'Defending_Tyria_done_next_part_Roaring_FLames' -125.98 2.41 72.59
154	'talk_with_aurene' -266.81 2.58 211.43
155	'next_stop_FIelds_of_Ruin' -98.85 5.54 44.11
156	'start' -835.32 85.07 -462.8
157	'harder' -830.25 85.82 -471.12
158	'easy' -840.8 85.65 -445.57
159	'rescue' -696.9 80.24 -466.63
160	'rescue' -669.68 74.24 -484.06
161	'rescue' -642.58 73.2 -520.7
162	'rescue' -655.91 72.97 -548.92
163	'rescue' -681.61 73.77 -544.89
164	'rescue' -687.23 73.83 -544.52
165	'rescue' -708.25 73.48 -559.16
166	'rescue' -705.76 74.55 -536.77
167	'rescue' -754.98 73.1 -552.37
168	'rescue' -762.74 74.44 -541.7
169	'rescue' -750.6 74.43 -539.46
170	'rescue' -758.33 74.63 -526.07
171	'rescue' -732.31 73.87 -529.6
172	'rescue' -792.54 73.81 -548.03
173	'rescue' -814.76 74.6 -545.21
174	'rescue' -838.41 77.28 -557.95
175	'rescue' -834.89 77.28 -549.56
176	'rescue' -826.09 77.28 -549.53
177	'rescuepoint' -817.08 85.08 -453.39
178	'talk' -720.96 85.96 -434.69
179	'talk' -798.49 85.78 -458.99
180	'talk' -528.76 72.94 -937.05
181	'talk' -554.15 74.51 -958.5
182	'talk' -525.8 74.78 -975.75
183	'talk' -485.63 74.95 -971.51
184	'talk' -513.23 72.98 -948.7
185	'talk' -535.01 74.84 -900.17
186	'talk' -550.47 73.28 -906.79
187	'talk' -551.02 74.6 -862.72
188	'talk' -570.45 74.38 -661.47
189	'talk' -638.51 74.54 -554.62
190	'talk' -660.38 74.41 -528.8
191	'talk' -706.17 72.55 -563.57
192	'talk' -742.69 73.71 -539.31
193	'talk' -734.74 74.93 -561.96
194	'talk' -754.34 74.86 -565.58
195	'talk' -774.21 85.75 -440.08
196	'talk' -722.61 85.96 -434.35
197	'talk' -666.21 74.27 -535.99
198	'talk' -678.62 74.43 -561.77
199	'talk' -636.22 74.77 -553.64
200	'take' -769.32 74.53 -535.32
201	'give' -484.36 85.97 -767.65
202	'killl' -464.43 85.41 -728.63
203	'now-boss' -725.04 56.73 -711.48
204	'loot' -733.24 57.5 -787.46
205	'mp' -718.1 80.14 -805.8
206	'tp-hub' -733.93 57.69 -800.76
207	'next_up_is_Thunderhead_Peaks' -98.72 5.54 43.7
208	'start' 344.49 329.93 1200.35
209	'harder' 347.8 330.28 1227.9
210	'easy' 338.86 330.29 1232.95
211	'take' 364.58 294.68 1335.15
212	'heal' 349.79 294.5 1336
213	'take' 364.55 294.68 1335.21
214	'heal' 368.79 294.44 1324.99
215	'' 364.19 294.63 1334.7
216	'heal' 374.54 294.23 1322.66
217	'' 365.4 294.77 1335.15
218	'heal' 368.46 294.41 1325.09
219	'' 364.5 294.64 1334.32
220	'heal' 374.3 294.19 1321.18
221	'' 365.29 294.78 1335.89
222	'heal' 349.81 294.49 1336.24
223	'' 364.14 294.67 1335.55
224	'heal' 351.09 297.35 1345.16
225	'' 364.21 294.67 1335.77
226	'heal' 350.65 297.31 1345.08
227	'' 364.22 294.68 1335.97
228	'heal' 347.03 297.33 1349.94
229	'' 364.77 294.73 1335.94
230	'heal' 347.19 297.33 1349.74
231	'' 365.39 294.77 1335.27
232	'heal' 312.7 297.5 1370.38
233	'' 364.85 294.72 1335.41
234	'heal' 312.15 297.47 1369.66
235	'spar' 333.63 297.32 1370.17
236	'spar' 323.5 294.17 1347.8
237	'spar' 338.59 294.25 1343.81
238	'take-again' 364.5 294.69 1335.36
239	'heal' 374.1 294.22 1321.79
240	'' 364.29 294.66 1335.39
241	'heal' 368.18 294.39 1324.91
242	'' 363.55 294.41 1334.65
243	'heal' 374.28 294.23 1322.12
244	'' 364.46 294.7 1335.93
245	'heal' 369.02 294.44 1326.26
246	'' 363.62 294.55 1335.1
247	'heal' 349.51 294.49 1336.54
248	'' 364.83 294.73 1335.79
249	'heal' 338.76 295.15 1286.69
250	'' 364.79 294.7 1334.98
251	'heal' 350.81 297.31 1344.92
252	'' 364.98 294.75 1335.88
253	'heal' 350.73 297.29 1344.73
254	'' 364.42 294.68 1335.42
255	'heal' 368.57 294.43 1324.43
256	'' 363.97 294.57 1334.34
257	'heal' 367.9 294.36 1324.84
258	'' 364.47 294.68 1335.38
259	'heal' 374.03 294.25 1322.21
260	'' 364.02 294.67 1335.82
261	'heal' 374.46 294.25 1322.86
262	'' 364.27 294.66 1335.08
263	'heal' 313.66 297.26 1369
264	'' 364.36 294.68 1335.71
265	'heal' 312.85 297.45 1370.13
266	'' 364.79 294.7 1335.09
267	'heal' 367.83 294.35 1324.72
268	'Spar' 303.31 296.22 1333.91
269	'Spar' 290.72 294.48 1328.66
270	'Spar' 290.16 294.15 1321.6
271	'Spar' 283.38 295.02 1326.3
272	'Spar' 266.07 294.1 1315.24
273	'Spar' 260.95 294.46 1313.7
274	'Spar' 259.85 294.82 1308.23
275	'Spar' 263.88 294.31 1300.27
276	'kill' 289.53 305 1241.49
277	'kill-and-help' 75.52 288.41 1341.7
278	'' -3.34 262.04 1325.72
279	'' 4.31 262.02 1295.51
280	'' 21.29 262.52 1266.7
281	'' 110.39 296.16 1216.56
282	'' 59.64 290.41 1195.94
283	'' 45.1 290.87 1190.58
284	'' 4.13 298.22 1179.62
285	'' -15.45 300.96 1187.5
286	'' -68.73 313.06 1197.04
287	'' -86.99 248.4 1275.14
288	'' -99.89 249.94 1246.91
289	'' -111.15 250.52 1227.06
290	'' -149.48 241.73 1213.77
291	'' -192.93 227.27 1218.47
292	'' -226.3 227.17 1213.33
293	'' -127.22 233.48 1286.96
294	'' -199.6 200.21 1327.85
295	'' -240.12 199.26 1338.95
296	'' -246.15 199.73 1301.38
297	'' -278.24 199.56 1294.95
298	'' -319.12 195.69 1349.47
299	'' -349.97 196.14 1350.82
300	'' -351.8 196.08 1350.7
301	'' -391.76 199.13 1344.99
302	'' -402.53 199.14 1311.03
303	'' -331.14 199.13 1218.46
304	'' -428.78 199.14 1406.18
305	'' -610.62 172.56 1369.48
306	'kill-endboss' -625.9 172.59 1343.25
307	'MP' -688.17 173.78 1275.5
308	'loot' -605.07 172.66 1248.25
309	'tp-hub' -600.39 172.4 1235
310	'instance_start_Jormags_World' 51.18 474.73 200.2
311	'talk' 52.44 600.69 197.6
312	'talk_with_Aurene' -267.51 2.86 211.07
313	'next_doric_Lake' -99.29 5.52 43.87
314	'start' -383.13 42.67 -459.7
315	'harder' -371.69 42.67 -431.65
316	'easy' -367.03 41.74 -476.56
317	'kill5' -247.3 26.55 -426.66
318	'get' -295.18 33.41 -614.93
319	'give' -329.68 41.57 -626.25
320	'get' -351.2 41.74 -508.65
321	'give' -396.42 42.69 -303.63
322	'get' -341.5 41.75 -209.65
323	'give' -391.07 42.68 -241.34
324	'get' -347.8 41.75 -350.78
325	'give' -393.57 42.68 -287.83
326	'get' -303.29 37.05 -417.98
327	'give' -367.24 42.69 -643.88
328	'get' -276.86 26.56 -568.32
329	'give' -331.14 41.43 -648.39
330	'get' -357.9 41.75 -478.29
331	'give' -393.55 42.68 -621.6
332	'rescue' -348.39 41.74 -509.77
333	'rescue' -356.3 47.76 -391.55
334	'rescue' -320.16 40.3 -325.7
335	'rescue' -307.93 27.09 -213.2
336	'rescue' -309.74 26.91 -272.61
337	'rescue' -336.85 42.65 -188.38
338	'rescue' -326.71 35.15 -126.73
339	'rescue' -389.47 26.78 -12.25
340	'rescue' -378.78 27.29 3.97
341	'rescue' -321.8 26.96 18.25
342	'rescue' -306.35 27.15 7.78
343	'rescue' -288.55 26.71 13.78
344	'rescue-them-here' -406.89 42.46 -165.22
345	'follow-them' -336.9 41.76 -252.83
346	'to-here' 16.55 48.61 -107.83
347	'Defeat-5-waves--' -4.44 56.4 -7.26
348	'Lakeside-now' 358.55 56.68 -319.61
349	'now-endboss-time' 71.46 31.19 -331.72
350	'boss' -41.97 27.43 -330.26
351	'loot' -73.97 26.51 -329.61
352	'MP' -143.55 109.48 -320.23
353	'tp-to-hub' -93.46 26.32 -326.76
354	'next_snowden_Drift' -99.5 5.47 43.87
355	'start' 352.56 25.69 -503.8
356	'harder' 363.71 28.74 -515.97
357	'easy' 345.78 26.43 -510.72
358	'rescue' 368.84 28.6 -515.83
359	'rescue' 372.29 41.62 -566.04
360	'rescue' 383.49 35.55 -527
361	'rescue' 398.64 39.04 -540.42
362	'rescue' 416.68 49.26 -565.08
363	'rescue' 290.92 37.5 -543.57
364	'rescue' 333.38 25.14 -479.8
365	'rescue' 437.93 15.28 -483.95
366	'rescue-point1' 302.02 76.82 -619.24
367	'light' 289.37 86.25 -665.35
368	'light' 347.36 76.08 -622.21
369	'light' 329.4 62.63 -582.42
370	'light' 319.06 39.13 -555.01
371	'light' 340.59 27.1 -516.78
372	'light' 369.59 25.76 -493.76
373	'light' 431.4 61.67 -565.26
374	'light' 390.53 64.01 -592.76
375	'light' 323.38 77.06 -619.99
376	'light' 274.22 78.67 -618.94
377	'rescue' 370.35 41.03 -565.51
378	'rescue' 357.76 35.89 -556.37
379	'rescue' 325.79 19.29 -516.48
380	'rescue' 369.23 28.24 -514.67
381	'rescue' 429.13 41.5 -546.87
382	'rescue' 417.3 50.04 -566.37
383	'finalrescue' 303.55 76.44 -618
384	'killnow' 346.82 67.41 -595.9
385	'escord-now-untilboss' 380.45 64.06 -590.36
386	'escort-start' 371.61 69.46 -601.97
387	'after-escort-endboss-area' 1287.07 135.98 -509.97
388	'in-case-you-die-port-here' 1285.39 133.97 -545.04
389	'loot' 1296.33 134.04 -551.5
390	'MP' 1267.22 206.65 -467.9
391	'tp-to-hub' 1238.62 136.84 -505.94
392	'talk_with_Aurene' -266.79 2.63 212.37
393	'Next_Stop_Caledon_Forest' -99.06 5.53 44.09
394	'start' -557.25 49.66 400.79
395	'harder' -555.94 51.09 410.77
396	'easy' -549.92 50.55 386.97
397	'rescue' -446.51 55.81 488.1
398	'' -437.21 55.64 505.56
399	'' -437.21 55.64 505.56
400	'' -446.85 56.76 542.67
401	'' -458.75 56.6 541.51
402	'' -452.64 56.64 535.69
403	'' -410.37 57.05 572.47
404	'' -383.55 57.69 568.82
405	'' -402.52 54.59 495.18
406	'' -335.48 60.11 545.03
407	'' -311.7 65.8 539.91
408	'rescue-point' -260.94 69.12 534.89
409	'repair' -282.17 66.62 558.77
410	'repair' -297.73 67.71 542.63
411	'repair' -311.47 65.1 518.52
412	'repair' -220.15 66.9 582.21
413	'repair' -236.07 67.53 574.75
414	'rescue-again-if-not-full' -305.78 63.98 596.11
415	'' -408.99 56.88 573.58
416	'' -384.09 57.68 567.76
417	'' -334.85 60.16 544.67
418	'' -311.18 65.89 540.48
419	'point' -263.21 69.12 536.55
420	'now-kill' -280.63 66.71 556.36
421	'' -398.33 56.98 537.09
422	'wait-then-escord' -266.48 68.6 543.71
423	'escord-end' 84.54 76.39 604.02
424	'attackrun-end-Ice-Wall' 368.98 25.98 290.37
425	'attack-ice-wall' 446.07 23.16 280.44
426	'now-boss-time-good-luck' 473.77 23.21 282.01
427	'Death-port1' 487.23 23.22 284.09
428	'Deathport2' 654.36 22.97 285.98
429	'fire1' 625.99 23.66 280.59
430	'fire2' 589.39 23.95 285.44
431	'fire3' 544.28 23.54 277.94
432	'MP' -31.99 -0.14 435.13
433	'loot' 668.63 24.26 288.01
434	'hub' 679.7 14.32 240.96
435	'talk_to_Aurene' -267.06 2.7 210.65
436	'instance_start_Wildfire' -264.47 2.4 206.1
437	'talk_with_Spirits' -7.42 1186.04 -182.29
438	'channel' 32.08 1166.09 -224.58
439	'port' 73.14 1082.32 -292.68
440	'when_lava_gone_port_here_channel' 54.21 1020.71 -166.91
441	'port' 5.76 907.38 -278.12
442	'next_channel' 94.84 860.48 -212.24
443	'port' -35.28 753.85 -231.06
444	'port' 47.06 732.05 -232.02
445	'port' -3 672.78 -226.52
446	'channel_then_jump' 87.74 447 -243.33
447	'kill' -139.75 448 -203.59
448	'wait' -144.05 449 -213.93
449	'channel_spirit' -135.28 450 -208.41
450	'channel_spirit' -134.92 451 -219.15
451	'channel_spirit' -133.73 452 -197.51
452	'channel_spirit' -142.4 453 -199.29
453	'Channel_the_Blessing' -137.81 454 -201.78
454	'after_braham_goes,_back_at_Aurene_talk_with_her' -267.6 455 213.04
455	'next_mission_' -98.24 456 43.66
456	'start' 205.1 3.41 1134.44
457	'harder' 253.68 8.02 1152.49
458	'easy' 237.48 7.84 1140.98
459	'rescue' -15.89 1.06 1006.19
460	'rescue' -82.7 0.03 984.36
461	'rescue' -100.13 0.16 977.21
462	'rescue' -127.03 -0.56 966.4
463	'rescue' -155.62 1.31 982.33
464	'rescue' -178.84 -0.22 962.25
465	'rescue' -234.14 0.47 969.9
466	'rescue' -175.26 5.91 1100.98
467	'rescue' -180.33 5.97 1105.08
468	'rescue' -173.88 5.88 1147.53
469	'rescue' -172.14 6.01 1152.77
470	'rescue' -168.83 6.01 1146.42
471	'rescue' -106.22 1.89 1020.38
472	'rescue' -108.26 3.07 1015.91
473	'rescue' -112.62 2.92 1016.03
474	'rescue-point' 240.11 6.38 1159.17
475	'supplies' 45.29 13.53 1098.63
476	'bring' 207.43 4.54 1089.25
477	'' 45.86 13.42 1098.01
478	'' 202.08 4.23 1088.63
479	'' 45.86 13.77 1096.23
480	'' 204.67 4.34 1089.25
481	'' 44.4 13.84 1098.26
482	'' 205.96 4.46 1088.45
483	'' 46.89 13.54 1096.7
484	'' 203.37 4.26 1089.58
485	'' 46.7 13.49 1097.1
486	'' 208.14 4.63 1088.46
487	'' 44.76 14.17 1096.83
488	'' 208.72 4.54 1094.49
489	'' 46.03 13.63 1095.75
490	'' 203.38 4.3 1088.32
491	'' 44.38 14.22 1096.51
492	'' 207.65 4.64 1087.11
493	'' 45.51 13.99 1096.89
494	'' 207.74 4.69 1086.08
495	'' 45.97 13.55 1097.58
496	'' 212.75 5 1090.81
497	'now-kill-some-mobs' 9.44 14.32 1064.16
498	'now-to-the-next-stage' 13.96 32.76 815.39
499	'deliver-woodpile' -100.02 72.41 739.26
500	'' -16.5 51.27 687.05
501	'' -146.83 85.92 708.98
502	'' 5.43 17.36 626.07
503	'' -146.94 85.92 709.28
504	'now-5-waves-of-mobs' -61.37 54.43 731.22
505	'now-endboss-time' -58.4 36.78 826.17
506	'boss' -288.98 1.53 835.69
507	'' -248.63 1.23 845.51
508	'' -352.34 1.04 909.38
509	'' -433.52 1.09 833.8
510	'use' -323.56 5.48 709.09
511	'' -322.69 5.47 713.06
512	'' -323.4 5.47 711.35
513	'loot' -336.05 0.79 737.82
514	'MP' -308.37 -24.31 976.15
515	'TP-to-hub' -303.89 0.64 730.77
516	'next_mission' -98.65 5.54 44.21
517	'Start' 238.82 44.7 890
518	'Make-it-harder' 244.17 44.1 899.45
519	'make-it-easy' 232.69 45.09 885.46
520	'Emblem' 303.95 38.97 755.94
521	'Emblem' 298.09 41.46 732.52
522	'Emblem' 279.68 32.87 686.9
523	'Emblem' 242.55 27.38 678.38
524	'Emblem' 353.84 17.55 654.15
525	'Emblem' 434.82 24.61 580.78
526	'Emblem' 342.85 10 576.24
527	'Emblem' 231.12 19.77 585.35
528	'Emblem' 192.36 17.86 642.53
529	'Turret' 324.28 23.19 615.74
530	'Turret' 325.19 21.56 628.33
531	'Turret' 379.95 24.49 757.8
532	'Turret' 409.54 24.29 667.59
533	'Turret' 222.09 24.27 638.42
534	'Turret' 224.19 24.8 623.14
535	'Turret' 200.11 47.77 760.82
536	'Turret' 270.26 42.86 720.06
537	'Turret' 449.57 23.78 553.09
538	'Turret-agiain-if-dead' 224.96 24.91 637.48
539	'now-kill-mobs-maybe-they-killed-around-20-30-by-now-so-you-have-to-kill-only20-leggo' 274.97 38.26 705.73
540	'now-after-that-is-done-escord-him' 326.49 22.24 623.68
541	'after-escord-done-kill-waves-for-achievm-challenges-must-be-active-then-help-factions' 714.94 37.96 615.76
542	'get-the-mastery-point-skip-if-you-already-have-it' 742.15 61.21 835.33
543	'now-kill-boss' 895.82 53.4 724.91
544	'get-loot' 965.85 53.54 772.48
545	'tp-back-to-hub' 972.62 53.44 784.84
546	'talk_with_Aurene' -267.06 2.69 214.68
547	'get_in_the_story' -147.95 2.38 17.66
548	'Dragonstorm_start_spawn' 42.46 157.15 274.6
549	'destroy_and_retake_area' 5.6 120.4 76.19
550	'take_on_the_champs' 31.63 99.41 -2.29
551	'braham_' 1.18 99.58 -18.9
552	'kill' -78.72 135.55 165.08
553	'kill' 36.15 150.26 209.96
554	'kill' 159.16 152.82 204.29
555	'help_them' 14.41 99.51 5.67
556	'and_kill_both_of_them_now' 14.84 99.5 5.06
557	'port_to_attack_dragon' -5.3 119.42 81.15
558	'port_to_attack_jormag' 57.21 129.37 -120.06
559	'get_in_there_again' 1.25 99.32 -23.45
560	'port_again_to_attack_primordus' -7.6 119.01 79.2
561	'port_again_to_attack_jormag' 58.16 128.94 -116.98
562	'break_them_again' 5.11 99.31 -25.19
563	'empower_crystal' 0.29 120.05 75.94
564	'instance_done' -29.88 215.04 -264.72
565	'Starting_Champions_End' -144.85 2.37 17.51
566	'port' -10.54 118.42 83.12
567	'clear' -14.7 114.2 69.69
568	'after_map_opens_up_help_them' 147.54 99.11 15.37
569	'talk' 79.6 99.14 10.56
570	'End_of_Chapter' 79.6 99.14 10.56
