1	'Citadel' 51.8173 210.203 519.926
2	'TheSpiritholme"Camp"' 35.0913 146.513 1126.17
3	'Woodhaven' -487.768 124.226 454.636
4	'GodsloreCamp' -681.502 5.05582 323.656
5	'Garrison' -63.0467 87.788 144.165
6	'DawnïsEyrie' 451.393 163.739 484.456
7	'Stargrove' 766.481 69.7632 382.453
8	'AscensionBay' -818.06 16.3751 -229.426
9	'RedvaleRefuge' -630.096 37.1434 -600.798
10	'edbriar' -299.567 77.0816 -500.887
11	'Championïs-Demesne' -6.15366 10.0414 -1060.33
12	'Greenlake' 378.502 47.6159 -572.396
13	'Greenwater-Lowlands' 672.314 4.9066 -658.95
14	'AskalionHills' 904.9 109.278 -164.781
15	'Ruin1' -164.468 12.4588 -21.1978
16	'Ruin2' -238.986 0.12167 -302.821
17	'Ruin3' -10.3787 30.978 -501.091
18	'Ruin4' 215.757 85.7846 -330.413
19	'Ruin5' 188.705 22.7831 -66.7642
