1	'MCLains-Lager' -916.44 126.26 -653.6
2	'Dustwhisper-Well' 31.35 100.39 -1086.65
3	'Bauer-Gehöft' 906.92 147.42 -599.66
4	'Boettigers-Versteck' -1073.56 83.08 370.21
5	'Roys-Zuflucht' 994.49 103.07 274.79
6	'Hamms-Labor' -22.26 99.8 842.24
7	'Parched-Outpost' -391.64 165.09 -573.74
8	'Kurbelwellen-Depot' 370.77 221.96 -762.98
9	'Ewige-Nekropole' 753.91 184.52 614.79
10	'Odel-Akademie' -700.14 138.39 723.56
11	'Feste-Links' -1080.21 167.55 -104.11
12	'Feste-Rechts' 1076.56 168.81 -113.28
13	'Feste-Oben' -39.78 129.44 243.46
14	'Sentry' -646.6 123.84 -654.44
15	'Sentry' -2.02 95.5 -806.18
16	'Sentry' 698.63 169.35 -746.29
17	'Sentry' -902.49 41.96 299.14
18	'Sentry' -778.51 57.56 404.55
19	'Sentry' 755.94 77.71 396.74
20	'Sentry' 587.62 103.54 808.1
21	'Sentry' -395.75 67.92 608.35
22	'' 136.38 23.98 -524.38
23	'' -253.73 34.78 -430.69
24	'' -221.6 19.67 -201.54
25	'' -31.81 3.08 23.74
26	'' 187.01 29.47 -215.54
