1	'' -211.73 34.15 212.69
2	'TP_Divinity' -471.14 91 735.07
3	'Story' 245.59 98.27 174.95
4	'Inn' 328.58 85.48 289.76
5	'Petra' 336.2 84.98 320.3
6	'Big_Nose_Ted' 333.9 105.12 313.02
7	'Petra' 331.6 84.98 315.65
8	'TP_Queensdale' 89.32 123.36 -626.02
9	'Francis' -840.41 29.52 487.13
10	'Story' -1182.04 32.04 315.75
11	'Jake' -1059.58 35.58 41.03
12	'Chest' -1028.05 35.74 49
13	'Francis' -840.61 29.47 486.54
14	'WP_Salma_Story' 247.89 98.39 176.76
15	'Barb_Trigger' 332.77 84.98 302.48
16	'Andrew' 324.17 95.05 315.56
17	'Thackray' 332.37 84.98 300.72
18	'Shaemoor_WP_Story' -91.34 72.55 733.17
19	'Bandit_clothes' -35.18 61.95 774.87
20	'Door' -32.92 37.14 824.46
21	'Della' 48.93 0.89 867.8
22	'Uptown_Johnny' 18.78 1.25 863.35
23	'Fuses' 27.1 2.95 787.55
24	'Blaize' 37.9 0.57 866.77
25	'DR_Story' 119.49 166.09 -10.23
26	'Logan' 158.9 167.12 26.85
27	'Salma_Story' 246.87 98.37 177.38
28	'' 252.11 92.76 216.18
29	'' 282.22 93.75 200.2
30	'' 295.3 93.88 214.67
31	'' 279.91 102.48 193.08
32	'' 276.99 92.67 211.77
33	'Francis' 325.72 86.44 386.36
34	'Logan_Story' 121.59 166.08 -7.73
35	'Logan' 154.72 165.98 27.12
36	'' 172.35 148.13 31.78
37	'Finish' 141.11 145.59 12.28
