1	'tp' 1465.93 51.5954 -187.322
2	'tp' -541.043 16.3961 -1444.42
3	'ore' -935.585 52.3249 327.026
4	'tp' 538.153 2.2543 1008.43
5	'ore' 712.758 10.7965 -603.305
6	'tp' -659.955 22.2681 1196.53
7	'ore' 693.188 -0.267418 1431.85
8	'ore' -307.56 24.9225 1383.88
9	'tp' -685.439 30.6626 562.7
10	'ore' 1095.48 52.8757 4.71061
11	'ore' -595.409 72.8981 381.822
12	'tp' 1181.2 9.80788 -683.829
13	'tp' 20.849 34.1415 -1468.74
14	'tp' -313.936 80.2462 688.477
15	'ore' -1189.95 115.235 -241.04
16	'tp' -1234.93 150.659 310.894
17	'tp' -454.707 143.69 1324.32
18	'ore' 902.131 46.2564 -120.437
19	'tp' -409.225 60.5455 -669.021
20	'ore' -158.474 154.819 1723.11
21	'tp' 576.461 153.872 -630.246
22	'ore' -307.697 77.8668 745.828
23	'tp' 45.3364 58.5679 -987.075
24	'ore' -694.993 0.518064 440.826
25	'tp' -423.487 11.5994 -1026.47
26	'ore' 917.701 -51.4397 112.537
27	'ore' -1323.52 68.2716 373.68
28	'tp' -1362.27 47.2105 680.82
29	'ore' 586.52 85.0878 279.624
30	'ore' -664.7 62.3145 355.907
31	'tp' -734.651 3.61575 1146.51
32	'ore' 35.0972 90.2032 -500.287
33	'tp' 283.718 24.3069 1208.09
34	'tp' -194.784 40.5591 537.278
35	'ore' 1088.45 79.3636 -530.878
36	'tp' -855.64 68.5116 725.253
37	'ore' -1071.49 159.37 -172.954
38	'tp' -472.557 118.481 -937.68
39	'ore' -1484.5 34.4594 -534.523
40	'tp' -1431.53 10.7923 -594.956
41	'ore' -1356.84 50.8723 28.2519
42	'ore' 935.628 24.0127 -357.425
43	'ore' 978.266 40.8458 -637.383
44	'tp' -1420.51 92.2507 363.588
45	'ore' -918.124 43.1785 621.546
