1	'Lion's_Arch_South_Portal' 331.268 40.0758 -495.457
2	'Bloodtide_Coast_South_Portal' 654.819 11.2698 -1036.4
3	'Sparkfly_Fen_South_Waypoint' 347.693 70.3808 -1115.85
4	'Wood_1' -422.058 27.5146 -777.243
5	'Wood_2' -415.721 27.5146 -774.951
6	'Wood_3' -409.494 27.5074 -778.279
7	'Wood_4' -407.712 27.5582 -785.19
8	'Malchor's_Leap_Portal' -1165.79 66.555 -551.034
9	'Wood_1' 1048.26 78.6339 -561.561
10	'Wood_2' 1047.4 78.3936 -557.979
11	'Wood_3' 1043.95 78.8482 -556.142
12	'Wood_4' 1039.57 80.0721 -558.837
13	'Wood_5' 1039.41 80.5128 -562.82
14	'Pagga's_Waypoint' 1261.76 37.5218 -450.545