1	'JP1_METRICA_PROVINCE' 691.431 77.023 51.1901
2	'JP2_METRICA_PROVINCE' 588.021 48.948 18.9505
3	'ZONE' 688.779 40.1407 867.501
4	'JP1_CALEDON' 543.993 55.2382 -772.542
5	'JP2_CALEDON' 333.816 2.46895 -740.844
6	'JP3_CALEDON' 366.068 82.3504 -653.495
7	'JP4_CALEDON' 569.461 27.3233 -1369.42
8	'JP5_CALEDON' -654.311 53.9561 -180.187
9	'ZONE' -584.982 10.2686 1393.34
10	'ZONE' 1233.55 83.9396 890.641
11	'JP1_KESSEX' 1166.36 93.0745 -733.048
12	'ZONE' 652.465 64.0099 701.374
13	'JP1_QUEENSDALE' 1272.69 56.632 -827.102
14	'ZONE' 1246.82 37.0876 240.375
15	'JP1_GENDARRAN' -387.885 46.3175 -534.982
16	'JP2_GENDARRAN' -341.002 86.7131 -602.993
16	'CHEST_GENDARRAN' 845.267 33.7595 -680.076
17	'ZONE' 178.073 23.1086 698.532
18	'JP1_HARRATHI' -816.611 4.01152 961.176
19	'ZONE' 565.824 41.3258 -972.444
20	'ZONE' 290.136 3.31279 -661.653
21	'JP1_LIONS' 826.071 83.0998 462.821
22	'JP2_LIONS' 704.527 2.8487 -500.819
23	'KEY' -203.554 46.3196 42.0846
24	'KEY' -403.91 38.9881 90.5282
25	'KEY' -485.398 48.257 155.799
26	'KEY' -583.869 97.6133 454.424
27	'JP3_CHEST' -594.509 95.4117 340.838
28	'ZONE' 195.755 48.3355 328.523
29	'JP1_SOUTHSUN' -523.928 47.9674 361.618
30	'JP2_SOUTHSUN' -675.68 71.9194 368.252
31	'JP3_SOUTHSUN' 834.085 72.6131 -453.778
32	'ZONE' 801.977 41.617 -371.761
33	'ZONE' 322.87 39.6557 -477.046
34	'JP1_BLOODTIDE' -525.536 29.1501 825.099
35	'ZONE' 653.513 6.8385 -1021.69
36	'JP1_SPARKFLY' 924.367 36.2469 -1043.82
37	'JP2_SPARKFLY' 894.744 6.93344 -938.982
38	'ZONE' 354.414 64.6955 -1102.02
39	'JP1_STRAITS' 224.157 95.4097 -380.697
40	'ZONE' -1147.42 63.4513 -540.712
41	'ORB1' 911.781 -28.3617 -705.365
42	'ORB2' 1133.97 -15.8774 -734.46
43	'ORB3' 1118.36 53.1418 -740.32
44	'ORB4' 1053.54 22.8352 -722.976
45	'ORB5' 1069.09 10.8442 -738.705
46	'ORB6' 1003.91 86.1569 -719.326
47	'ORB7' 1026.07 88.3287 -735.625
48	'ORB8' 1064.29 97.0737 -725.242
49	'ORB9' 1130.38 106.644 -746.711
50	'ORB10' 1094.87 109.345 -715.177
51	'ORB11' 932.288 53.8482 -726.806
52	'ORB12' 1084.26 61.1313 -761.372
53	'JP1_MALCHOR' 1139.71 63.2367 -732.339
54	'SMUG1' 932.972 18.698 -448.976
55	'SMUG2' 919.145 17.4847 -468.725
56	'SMUG3' 937.773 35.2606 -455.658
57	'SMUG4' 945.096 17.5808 -417.215
58	'SMUG5' 922.123 48.3012 -441.489
59	'SMUG6' 943.464 44.9126 -410.875
60	'JP2_MALCHOR' 927.831 57.1332 -459.556
61	'ZONE' -363.52 74.5723 -689.438
62	'JP1_CURSED' -132.543 111.922 -1150.96
63	'ZONE' 457.719 117.038 1425.67
64	'ZONE' 1439.37 66.8701 -317.85
65	'ZONE' 1155.99 34.1089 203.681
66	'EARTH' 1320.37 23.8766 619.694
67	'WIND' 1317.28 139.647 842.894
68	'WATER' 1379.86 53.987 409.467
69	'FIRE' 1288.26 128.679 610.863
70	'JP1_MAELSTROM' 1302.36 77.5935 626.81
71	'ZONE' -96.686 28.9599 910.004
72	'JP1_TIMBER' 822.052 31.781 1240.45
73	'JP2_TIMBER' 367.55 35.091 -1121
74	'ZONE' 386.104 85.4992 1183.54
75	'JP1_DREDGE' -715.276 81.8332 -1030.3
76	'JP2_DREDGE' -768.472 107.239 -769.768
77	'ZONE' -729.018 72.6128 200.222
78	'JP1_LONAR' -599.813 106.408 -903.277
79	'BOMB' -606.423 150.309 -618.359
80	'JP2_LONAR' -456.479 130.066 -926.714
81	'JP3_LONAR' -115.937 65.8111 1198.98
82	'ZONE' 390.25 192.502 1746.49
83	'JP1_SNOW' 1508.02 33.9169 186.28
84	'ZONE' 1442.34 73.3498 524.164
85	'JP1_WAYFARER' -623.637 127.664 59.3268
86	'ZONE' 341.292 259.258 1571.2
87	'JP1_FROSTGORGE' -205.733 65.0682 462.828
88	'ZONE' 1071.22 15.1542 23.6128
89	'JP1_FIREHEART' 583.537 44.4855 -818.136
90	'JP2_FIREHEART' -336.995 6.43549 -980.627
91	'ZONE' 1179.28 9.62875 -686.386
92	'JP1_IRON' -705.644 11.256 -947.28
93	'ZONE' 692.647 13.8237 -695.356
94	'JP1_BLAZERIDGE' 702.645 23.6169 -640.103
95	'JP2_BLAZERIDGE' 494.67 127.987 1383.75
96	'JP3_BLAZERIDGE' 428.445 68.3761 1397.11
97	'ZONE' 530.605 51.2007 -1464.63
98	'JP1_RUINS' -1141.72 63.5431 676.209
99	'ZONE' 530.895 2.39538 1000.31
100	'ZONE' -687.138 44.5864 -509.545
101	'JP1_PLAINS' 1204.26 66.1361 -723.39
102	'JP2_PLAINS' 1264.38 65.8192 -735.632
103	'ZONE' -313.595 79.9746 686.91
104	'JP1_DIESSA' 571.852 80.8577 -472.164
