1	'1jormag' -79.2975 269.905 698.739
2	'2jormag' -267.683 319.582 588.701
3	'3jormag' -135.983 309.609 400.528
4	'4jormag' -166.408 310.531 14.3612
5	'5jormag' -259.824 317.16 -213.694
6	'6jormag' -427.023 314.002 -450.287
7	'7jormag' -553.618 209.987 -647.374
8	'8jormag' -684.597 180.634 -451.818
9	'9jormag' -710.045 268.821 -214.257
10	'10jormag' -357.692 136.35 -28.3104
11	'11jormag' -490.958 234.355 210.488
12	'12jormag' -395.51 226.821 100.239
13	'13jormag' -623.973 158.71 93.946
14	'14jormag' -852.654 83.6695 33.4738
15	'15jormag' -579.92 189.34 330.588
16	'16jormag' -779.313 287.279 315.381
17	'17jormag' -758.269 314.201 505.214
18	'18jormag' -646.375 375.977 677.702
19	'19jormag' -437.691 283.26 682.351
20	'20jormag' -542.68 225.912 552.354
21	'21jormag' 326.125 190.721 -130.968
22	'22jormag' 341.772 189.375 -360.871
23	'23jormag' 511.332 173.495 -499.559
24	'24jormag' 640.955 221.181 -531.846
25	'25jormag' 946.483 179.497 -336.977
26	'26jormag' 1039.19 166.502 -606.483
27	'27jormag' 1182.56 164.114 -555.348
28	'28jormag' 1449.96 133.641 -482.084
29	'29jormag' 1501.45 71.4234 -339.399
30	'30jormag' 1124.02 105.513 49.8203
31	'31jormag' 911.149 276.244 75.8564
32	'32jormag' 667.969 196.882 317.249
33	'33jormag' 764.379 168.768 507.274
34	'34jormag' 923.381 174.087 545.485
35	'35jormag' 1356.01 223.878 612.006