1  	'Start1' 993.827160494 188.888888889 -67.9012345679
2  	'Wait_turn' 696.296296296 259.259259259 259.259259259
3  	'UNLOCK' 1096.87 158.053 569.386
4  	'Turn' 1065.43209877 198.765432099 585.185185185
5  	'Turn' 1325.92592593 245.679012346 291.358024691
6  	'Chest' 1241.97530864 154.320987654 544.444444444
7 	'Start2' 402.469135802 227.160493827 -88.8888888889
8 	'Turn' 467.901234568 179.012345679 -132.098765432
9 	'Turn' 422.222222222 202.469135802 -428.395061728
10 	'Break' 382.902 182.832 -222.385
11	'Chest' 376.543209877 187.654320988 -191.358024691
12	'Start3' 1551.85185185 220.987654321 -392.592592593
13	'Wait_turn' 1483.95061728 128.395061728 -365.432098765
14	'break' 1312.34567901 106.172839506 -504.938271605
15	'turn' 1513.27 172.253 -433.823
16	'turn' 1267.90123457 167.901234568 -508.641975309
17	'Chest' 1149.38271605 156.790123457 -304.938271605
18	'Start4' 362.962962963 122.222222222 423.456790123
19	'Turn' 530.864197531 81.4814814815 476.543209877
20	'Break' 629.825 63.7189 444.22
21	'use' 667.231 46.5408 420.879
22	'Turn' 686.419753086 50.6172839506 414.814814815
23	'Chest' 692.592592593 66.6666666667 337.037037037