1	'PoI1' -44.8723 96.3852 186.192
2	'PoI2' 21.7873 27.1543 186.477
3	'PoI3' -131.377 36.5841 203.601
4	'PoI4' 42.7788 83.4729 39.0058
5	'PoI5' 33.7734 127.256 73.2305
6	'PoI6' 39.7421 125.047 19.8548
7	'PoI7' 140.228 91.1784 23.2505
8	'PoI8' 135.245 89.2417 69.7352
9	'PoI9' 180.98 12.2073 54.5545
10	'PoI10' 2.04188 29.8679 -45.1485
11	'PoI11' -81.0051 0.517299 -44.8844
12	'PoI12' 40.7007 11.8383 -82.7425
13	'PoI13' 158.112 33.506 -105.871
14	'PoI14' 70.4962 51.3058 -90.4225
15	'PoI15' -73.7803 54.189 -29.3829
16	'PoI16' -107.468 58.2034 46.1423
17	'PoI17' -120.904 60.5213 103.817
18	'PoI18' -113.439 11.8231 24.0941
19	'PoI19' 116.786 1.57148 103.206
