1	'Jade_Shard' -15.47 83.399 446.524
2	'Jade_Shard' -121.93 28.885 321.492
3	'Jade_Shard' -259.285 -33.477 90.574
4	'Jade_Shard' -313.748 -0.229 30.168
5	'Jade_Shard' -182.456 -0.265 -283.609
6	'Jade_Shard' -195.804 0.063 -318.043
7	'Jade_Shard' -260.808 1.548 -378.888
8	'Jade_Shard' -258.991 1.394 -587.554
9	'Jade_Shard' 81.111 37.958 -882.554
10	'Jade_Shard' 112.479 36.261 -857.512
11	'Jade_Shard' 184.089 37.645 -865.527
12	'Jade_Shard' 244.187 36.797 -873.889
13	'Jade_Shard' 61.672 37.21 -220.033
14	'Jade_Shard' 304.671 74.131 -235.086
15	'Jade_Shard' 370.18 93.249 -87.986
16	'Jade_Shard' 339.261 108.882 38.634
17	'Jade_Shard' 352.044 116.709 59.547
18	'Jade_Shard' 364.268 114.702 48.889
19	'Jade_Shard' 305.566 113.05 26.223
20	'Jade_Shard' -79.094 38.492 353.181
21	'Jade_Shard' -159.116 4.509 250.433
22	'Jade_Shard' -213.301 3.347 179.838
23	'Jade_Shard' -245.973 -2.454 156.461
24	'Jade_Shard' -157.063 -0.276 -257.503
25	'Jade_Shard' -222.192 1.897 -306.206
26	'Jade_Shard' -269.371 7.491 -311.868
27	'Jade_Shard' -197.896 -0.25 -649.836
28	'Jade_Shard' 266.813 38.862 -858.624
29	'Jade_Shard' 309.448 40.793 -893.296
30	'Jade_Shard' 296.427 38.608 -850.922
31	'Jade_Shard' 333.249 114.755 55.966
32	'Jade_Shard' -41.62 45.057 395.946
33	'Jade_Shard' -151.668 10.478 269.964
34	'Jade_Shard' -229.502 -52.206 58.928
35	'Jade_Shard' -59.212 4.36 -238.896
36	'Jade_Shard' -48.055 2.048 -276.472
37	'Jade_Shard' -12.52 5.289 -251.011
38	'Jade_Shard' -98.666 -0.277 -282.777
39	'Jade_Shard' -175.1 0.89 -701.261
40	'Jade_Shard' 147.92 38.759 -849.046
41	'Jade_Shard' 206.122 36.798 -887.222
42	'Jade_Shard' 307.154 37.705 -821.207
43	'Jade_Shard' 345.735 129.027 69.384
44	'Jade_Shard' -63.058 57.956 405.626
45	'Jade_Shard' -121.223 18.616 302.446
46	'Jade_Shard' -231.926 -32.524 135.487
47	'Jade_Shard' -273.446 -22.257 20.075
48	'Jade_Shard' -300.363 1.865 -357.353
49	'Jade_Shard' -284.192 2.629 -638.703
50	'Jade_Shard' -187.217 6.971 234.47
51	'Jade_Shard' -304.372 -3.202 99.067
52	'Jade_Shard' 363.732 93.868 -161.938
53	'Jade_Shard' 302.85 82.269 -127.085
54	'Jade_Shard' -225.781 2.951 185.06
55	'Jade_Shard' -78.21 6.057 -741.076
56	'Jade_Shard' -340.471 -0.467 105.123
57	'Jade_Shard' -168.546 -0.13 -320.35
58	'Jade_Shard' -173.647 0.951 -688.187
59	'Jade_Shard' -1.912 47.369 440.962
60	'Jade_Shard' 241.758 74.665 -143.572
61	'Jade_Shard' -152.169 0.689 -704.628
62	'Jade_Shard' 43.593 29.324 -223.454
63	'Jade_Shard' -213.901 1.299 163.85
64	'Jade_Shard' -211.236 -64.479 88.848
65	'Jade_Shard' 327.903 82.684 -1.118
66	'Jade_Shard' -80.683 0.143 -255.453
67	'Jade_Shard' -260.571 7.861 -627.104
68	'Jade_Shard' 443.587 138.567 132.238
69	'Jade_Shard' 64.284 39.413 -210.533
70	'Jade_Shard' -292.085 1.038 -597.078
71	'Jade_Shard' 265.92 84.217 -86.97
72	'Jade_Shard' -246.218 -41.356 48.065
73	'Jade_Shard' -48.079 59.771 415.82
74	'Jade_Shard' -140.408 -0.258 -687.249
75	'Jade_Shard' -223.936 -0.215 -650.313
76	'Jade_Shard' -245.774 -0.043 -645.723
77	'Jade_Shard' -55.75 5.712 -757.224
78	'Jade_Shard' -356.15 -0.666 55.593
79	'Jade_Shard' -301.427 1.86 -570.273
80	'Jade_Shard' -218.596 3.856 -612.604
81	'Jade_Shard' 475.297 41.579 61.099
82	'Jade_Shard' -185.381 -0.168 -710.053
83	'Jade_Shard' 355.618 56.64 -346.274
