1	'PoI1' -226.013 1.80956 -147.045
2	'PoI2' -364.923 41.741 -454.619
3	'PoI3' -189.651 8.19766 -695.037
4	'PoI4' -403.834 -0.837494 -759.169
5	'PoI5' 19.0833 35.7115 -711.191
6	'PoI6' 254.475 45.8921 -572.129
7	'PoI7' 425.001 89.619 -392.331
8	'PoI8' -23.6917 4.44063 133.437
9	'PoI9' 374.105 126.933 122.27
10	'PoI10' 43.9439 41.3768 377.739
11	'PoI11' 276.077 112.564 655.324
12	'PoI12' 349.406 234.148 836.55446	
13	'PoI13' 104.116 119.556 845.994
14	'PoI14' -198.288 119.835 785.066
15	'PoI15' -329.102 123.771 874.072
16	'PoI16' -435.226 126.648 730.046
