1	'Ember-stock-1' 692.1 98.67 664.57
2	'Throw-on-mobs1' 425.6 -0.49 315.21
3	'Stock2' 870.59 122.48 589.57
4	'throw2' 775.24 163.6 137.35
5	'stock3' 871.59 122.48 588.47
6	'throw3' -348.02 170.64 -575.44
7	'stock4' 871.68 122.48 588.62
8	'throw4' 1054.37 -0.49 547.57
9	'stock5' 871.03 122.49 588.72
10	'throw5' 598.64 -0.48 531.58
11	'stock6' 871.15 122.48 588.16
12	'throw6' 776.06 164.42 122.62
13	'stock7' 871.71 122.48 588.24
14	'throw7' 412.1 -0.49 324.83
15	'stock8' 692.13 98.68 664.28
16	'throw8' -276.54 150.92 -196.73
17	'stock9' 871.68 122.48 587.26
18	'throw9' 1047.57 -0.49 538.41
19	'stock10' 871.86 122.48 588.27
20	'throw10' -318.41 240.32 821.55
21	'END' 886.44 128.51 804.04
