1	'PoI1' 1131.49 428.039 362.555
2	'PoI2' 864.616 394.392 270.776
3	'PoI3' 778.987 466.392 447.223
4	'PoI4' 579.973 408.039 522.809
5	'PoI5' 554.981 450.573 301.789
6	'PoI6' 478.64 796.741 263.042
7	'PoI7' 215.81 706.703 360.249
8	'PoI8' 862.918 344.003 18.2802
9	'PoI9' 1099.69 470.082 -321.85
10	'PoI10' 767.217 392.802 -491.618
11	'PoI11' 516.656 1047.98 -155.356
12	'PoI12' 213.815 818.225 -43.3266
13	'PoI13' 241.14 624.007 -421.51
14	'PoI14' 102.589 420.672 -316.381
15	'PoI15' -88.2969 494.68 -483.497
16	'PoI16' 127.277 463.877 -8.33726
17	'PoI17' -127.796 919.448 38.2401
18	'PoI18' -250.375 584.339 389.559
19	'PoI19' -356.829 667.723 170.713
20	'PoI20' -600.325 710.192 365.661
21	'PoI21' -897.609 381.853 430.369
22	'PoI22' -843.509 519.351 -0.211667
23	'PoI23' -939.062 468.901 -304.822
24	'PoI24' -594.275 733.362 -374.869
25	'PoI25' -366.317 479.294 -221.835
26	'PoI26' -596.591 882.06 -191.121
