1    'Lama1' 714.53 54.31 -384.66
2    'Lama2' 244.55 100.69 -156.61
3    'Lama3' -746.05 144.68 -175.86
4    'Coin1' 492.6 6.16 -651.17
5    'Coin2' 434.23 25.16 -680.83
6    'Coin3' 322.8 21.86 -515.23
7    'Coin4' 265.19 56.8 -592.39
8    'Coin5' 294.69 55.77 -501.75
9    'Coin6' 396.25 21.15 -595.74
10   'Coin7' 391.23 26.38 -516.07
11   'Coin8' 449.3 72.99 -449.74
12   'Coin9' 497.82 23.21 -434.64
13   'Coin10' 513.08 59.31 -488.88
14   'Coin11' 513.1 116.02 -469.85
15   'Coin12' 516.01 45.96 -432.29
16   'Coin13' 385.91 96.95 -388.23
17   'Coin14' 279.03 37.59 -423.47
18   'Coin15' 314.2 52.2 -216.27
19   'Coin16' 237.2 41.68 -308.48
20   'Coin17' 356.42 9.82 -260.64
21   'Coin18' 490.2 31.51 -294.63
22   'Coin19' 534.76 16.88 -154.8
23   'Coin20' 204.25 75.46 -682.66
24   'Coin21' 225.38 67.72 -630.63
25   'Coin22' 190.36 30.62 -642.34
26   'Coin23' 54.42 30.84 -647.08
27   'Coin24' 93.11 38.81 -578.17
28   'Coin25' 10.95 46.03 -508.48
29   'Coin26' 170.02 30.97 -481.34
30   'Coin27' 623.3 39.04 -268.18
31   'CoinUplands1' -64.29 60.2 -352.02
32   'CoinUplands2' 120.19 41.32 -356.69
33   'CoinUplands3' 39.49 90.26 -385.77
34   'CoinUplands4' 289.37 0.78 -192.76
35   'CoinUplands5' 181.78 83.56 -231.3
36   'CoinUplands6' 230.05 39.3 -154.85
37   'CoinUplands7' 98.75 63.47 46.77
38   'CoinUplands8' 25.01 74.27 94.15
39   'CoinUplands9' -75.39 68.49 75.25
40   'CoinUplands10' -110.4 47.6 83.31
41   'CoinUplands11' -228.36 66.1 59.48
42   'CoinUplands12' -364.66 33.21 69.99
43   'CoinUplands13' -646.78 -2.17 17.49
44   'CoinUplands14' -680.99 18.94 3.65
45   'CoinUplands15' -695.85 71.15 -191.94
46   'CoinUplands16' -572.1 24.85 -283.26
47   'CoinUplands17' -507.3 85.31 -280.34
48   'CoinUplands18' -341.74 108.23 -213.45
49   'CoinUplands19' -179.42 127.15 -191.95
50   'CoinUplands20' -325.9 102.05 -361.21
51   'CoinUplands21' -273.52 129.81 -406.64
52   'CoinUplands22' -234 125.9 -378.17
53   'CoinUplands23' -170.76 111.23 -335.6
54   'CoinUplands24' -250.3 121.93 -645.38
55   'CoinUplands25' -296.39 110.93 -684.48
56   'CoinUplands26' -270.84 57.36 -660.43
57   'CoinUplands27' -72.68 78.17 -217.55
58   'CoinUplands28' -5.98 100.85 -89.62
59   'CoinUplands29' -189.01 70.18 -65.97
60   'CoinUplands30' -473.35 65.65 -159.02
61   'Coinchallengercliffs1' -474.62 132.96 -220.98
62   'Coinchallengercliffs2' -569.73 80.8 -497.51
63   'Coinchallengercliffs3' -593.09 35.18 -457.79
64   'Coinchallengercliffs4' -711.93 57.78 -698.45
65   'Coinchallengercliffs5' -460.52 55.1 -459.79
66   'Coinchallengercliffs6' -623.29 90.46 -677.49
67   'Coinchallengercliffs7' -712.5 18.97 -542.55
68   'Coinchallengercliffs8' -365.08 165.15 -659.23
69   'Coinchallengercliffs9' -376.27 169.91 -708.48
70   'Coinchallengercliffs10' -361.61 124.69 -477.91
71   'Coinchallengercliffs11' -663.47 145.8 -183.06
72   'Coinchallengercliffs12' -661.79 194.25 -722.4
73	 'Coin' 278.951 35.7401 -424.599
74	 'Coin' 410.263 37.4743 -235.205
75	 'Coin' 40.7051 58.9515 -622.582
76	 'Coin' -681.085 17.6793 2.68513
77	 'Coin' -376.294 168.741 -708.443