1	'PoI1' -623.612 34.7994 -818.767
2	'PoI2' -360.538 13.4172 -800.455
3	'PoI3' -259.996 87.9336 -665.812
4	'PoI4' -410.874 148.301 -544.993
5	'PoI5' -223.24 105.777 -375.429
6	'PoI6' -704.549 94.9399 -416.437
7	'PoI7' -600.747 2.58537 -556.026
8	'PoI8' -603.504 76.7868 -245.327
9	'PoI9' -418.587 6.44608 -112.098
10	'PoI10' 41.5705 5.58333 -47.8503
11	'PoI11' 130.79 50.3167 -271.642
12	'PoI12' 41.5898 65.4248 -461.393
13	'PoI13' 370.077 16.6902 -266.409
14	'PoI14' 382.739 16.7117 -370.288
15	'PoI15' 644.342 19.3867 -414.796
16	'PoI16' 482.453 107.895 -527.776
17	'PoI17' 391.166 50.208 -554.572
18	'PoI18' 383.84 46.4077 -679.772
19	'PoI19' 218.56 24.8013 -678.995
20	'PoI20' 110.203 66.4063 -578.151
21	'PoI21' 164.551 36.981 -442.542
22	'PoI22' 464.108 27.3906 -119.323
