1	'type=tgmp.plant.tgmpmushrooms.portobellomushrooms' 445.887 16.522 -573.818
2	'type=tgmp.plant.tgmpmushrooms.portobellomushrooms' 423.279 17.33 -555.017
3	'type=tgmp.ore.normal.iron' 469.862 32.239 -475.696
4	'type=tgmp.ore.normal.iron' 418.417 50.266 -465.506
5	'type=tgmp.ore.normal.iron' 172.146 40.042 -524.426
6	'type=tgmp.ore.normal.iron' 33.223 22.591 -694.909
7	'type=tgmp.wood.soft' 70.002 31.123 -861.112
8	'type=tgmp.wood.soft' 151.202 40.549 -982.731
9	'type=tgmp.plant.tgmprootvegetables.rootvegetables' 196.599 56.737 -830.972
10	'type=tgmp.wood.soft' 499.07 37.965 -761.053
11	'type=tgmp.wood.soft' 612.771 33.851 -814.84
12	'type=tgmp.wood.soft' 621.8 35.84 -889.501
13	'type=tgmp.wood.soft' 539.023 37.981 -805.082
14	'type=tgmp.ore.normal.silver' 738.597 80.16 -911.717
15	'type=tgmp.plant.grapes' 660.396 41.854 -999.426
16	'type=tgmp.plant.grapes' 671.707 41.435 -1008.792
17	'type=tgmp.plant.grapes' 663.697 43.238 -1023.176
18	'type=tgmp.plant.grapes' 658.062 44.95 -1034.785
19	'type=tgmp.plant.grapes' 659.647 45.786 -1045.501
20	'type=tgmp.plant.grapes' 675.622 43.639 -1033.847
21	'type=tgmp.plant.grapes' 686.178 44.583 -1047.793
22	'type=tgmp.plant.grapes' 686.758 42.064 -1025.231
23	'type=tgmp.plant.tgmprootvegetables.rootvegetables' 804.037 59.797 -1051.01
24	'type=tgmp.ore.normal.iron' 899.205 59.596 -1066.501
25	'type=tgmp.ore.normal.silver' 967.193 50.523 -824.015
26	'type=tgmp.ore.normal.silver' 940.1 68.376 -660.499
27	'type=tgmp.wood.soft' 943.7 69.831 -624.708
28	'type=tgmp.ore.normal.silver' 907.664 70.958 -586.032
29	'type=tgmp.ore.normal.iron' 752.877 53.498 -551.571
30	'type=tgmp.ore.normal.iron' 716.237 52.331 -596.801
31	'type=tgmp.ore.normal.silver' -101.62 24.349 -345.355
32	'type=tgmp.wood.soft' -101.901 19.139 -326.37
33	'type=tgmp.plant.tgmprootvegetables.rootvegetables' -113.847 17.551 -213.483
34	'type=tgmp.wood.soft' -56.764 18.671 -150.018
35	'type=tgmp.plant.onions' -277.306 19.764 -81.206
36	'type=tgmp.plant.zucchini' -398.021 9.433 -122.317
37	'type=tgmp.wood.soft' -497.672 16.529 20.456
38	'type=tgmp.plant.zucchini' -589.456 8.838 43.806
39	'type=tgmp.plant.tgmprootvegetables.rootvegetables' -626.507 12.314 65.013
40	'type=tgmp.wood.soft' -476.306 20.082 60.892
41	'type=tgmp.plant.tgmpherbs.youngherbs' -269.185 8.439 44.604
42	'type=tgmp.plant.kale' -208.018 5.761 34.643
43	'type=tgmp.plant.tgmprootvegetables.rootvegetables' -410.834 14.919 183.223
44	'type=tgmp.wood.soft' -434.054 16.589 189.956
45	'type=tgmp.plant.onions' -133.903 8.192 183.675
46	'type=tgmp.plant.kale' 171.041 18.37 254.68
47	'type=tgmp.wood.soft' 158.814 21.661 293.629
48	'type=tgmp.plant.onions' 384.319 6.233 480.828
49	'type=tgmp.wood.seasoned' 526.154 8.813 492.09
50	'type=tgmp.ore.normal.iron' 597.934 57.585 480.697
51	'type=tgmp.ore.normal.iron' 553.921 68.262 356.809
52	'type=tgmp.ore.normal.iron' 725.443 29.558 518.943
53	'type=tgmp.plant.tgmpmushrooms.portobellomushrooms' 850.539 43.367 547.469
54	'type=tgmp.ore.normal.iron' 784.84 17.599 574.303
55	'type=tgmp.plant.onions' 774.59 16.459 603.37
56	'type=tgmp.ore.normal.iron' 763.701 19.987 616.386
57	'type=tgmp.ore.normal.silver' 730.471 22.976 622.931
58	'type=tgmp.ore.normal.gold' 661.21 25.26 689.813
59	'type=tgmp.ore.normal.iron' 829.29 23.116 622.476
60	'type=tgmp.ore.normal.iron' 783.066 7.093 743.526
61	'type=tgmp.ore.normal.iron' 781.244 15.802 745.365
62	'type=tgmp.ore.normal.iron' 851.879 6.297 734.675
63	'type=tgmp.ore.normal.iron' 919.518 27.061 776.951
64	'type=tgmp.ore.normal.iron' 1008.954 56.063 743.967
65	'type=tgmp.ore.normal.gold' 851.24 61.796 870.41
66	'type=tgmp.plant.zucchini' 632.567 1.403 870.066
67	'type=tgmp.wood.seasoned' 606.513 6.6 905.718
68	'type=tgmp.plant.tgmpherbs.youngherbs' 666.847 5.441 948.768
69	'type=tgmp.ore.rich.silver' 671.062 6.503 1007.617
70	'type=tgmp.wood.soft' 575.941 8.588 915.224
71	'type=tgmp.ore.normal.silver' 486.24 4.408 967.59
72	'type=tgmp.plant.onions' 474.07 14.548 801.272
73	'type=tgmp.wood.soft' 290.747 10.554 752.635
74	'type=tgmp.ore.rich.iron' 281.41 22.525 881.018
75	'type=tgmp.plant.kale' 53.237 6.114 690.975
76	'type=tgmp.plant.tgmpherbs.youngherbs' -42.004 23.877 705.387
77	'type=tgmp.ore.normal.gold' -0.921 43.575 1001.712
78	'type=tgmp.plant.tgmpmushrooms.portobellomushrooms' 216.605 12.097 1018.041
79	'type=tgmp.wood.seasoned' -140.202 17.1 913.082
80	'type=tgmp.wood.seasoned' -264.124 20.476 863.606
81	'type=tgmp.wood.seasoned' -184.952 26.363 715.316
82	'type=tgmp.wood.soft' -53.348 4.59 606.352
83	'type=tgmp.plant.kale' -227.664 11.712 529.341
84	'type=tgmp.plant.zucchini' -88.777 14.947 454.455
85	'type=tgmp.plant.tgmprootvegetables.rootvegetables' 41.284 51.006 523.729
86	'type=tgmp.wood.soft' -127.67 50.862 375.621
87	'type=tgmp.wood.soft' -279.31 29.062 394.914
88	'type=tgmp.wood.seasoned' -341.998 19.092 400.554
89	'type=tgmp.wood.seasoned' -415.951 20.844 455.242
90	'type=tgmp.plant.tgmpherbs.youngherbs' -679.795 18.697 -119.041
91	'type=tgmp.wood.soft' -801.443 11.727 -28.948
92	'type=tgmp.ore.normal.silver' -939.202 11.804 6.945
93	'type=tgmp.ore.normal.iron' -930.724 16.276 -182.481
94	'type=tgmp.plant.tgmpherbs.youngherbs' -915.936 77.959 -961.515
95	'type=tgmp.plant.onions' -1001.066 90.414 -987.708
96	'type=tgmp.plant.tgmpherbs.youngherbs' -1011.635 96.618 -1028.257
97	'type=tgmp.plant.onions' -953.352 89.518 -1025.016
98	'type=tgmp.plant.tgmpmushrooms.portobellomushrooms' -1049.1 79.116 -870.461
99	'' -1029.24 90.56 -978
100	'' -307.27 17.51 -841.07
101	'' -221.7 49.45 -979.8
102	'' 62.19 23.54 -707.23
103	'' 154.24 40.32 -732.95
104	'' 127.74 15.16 -743.05
105	'' 143.28 58.57 -844.72
106	'' 210.26 57.7 -830.13
107	'' 312.52 36.2 -905.74
108	'' 399.72 44.66 -726.17
109	'' 405.7 42.34 -650.12
110	'' 522.7 35.48 -639.18
111	'' 605.06 29.43 -607.81
112	'' 565.97 42.53 -702.01
113	'' 699.36 53.33 -698.96
114	'' 658.89 43.01 -622.78
115	'' 752.14 55.58 -603.73
116	'' 531.46 17.66 -523.47
117	'' 552.39 18.63 -141.96
118	'' 595.28 26.49 -20.08
119	'' 713.37 40.67 225.02
120	'' 621.9 28.17 256.44
121	'' 551.3 53.88 409.82
122	'' 664.11 42.87 434.54
123	'' 676.75 44.4 476.83
124	'' 721.2 11.6 598.52
125	'' 653.69 72.23 527.15
126	'' 650.7 18.35 704.98
127	'' 716.57 6.87 793.25
128	'' 854.86 8.88 704.47
129	'' 550.94 11.56 759.49
130	'' 409.13 15.47 743.6
131	'' 308.26 7.26 594.26
132	'' 218.83 1.83 725.37
133	'' 347.76 20.56 876.73
134	'' 398.94 7.38 791.58
135	'' 468.3 -10.69 672.43
136	'' 490.79 8.18 666.85
137	'' 350.71 10.74 548.31
138	'' 532.62 11.1 514.14
139	'' 80.32 31.51 833.97
140	'' 169.78 22.92 818.49
141	'' -116.35 63.54 807.02
142	'' -255.97 15.45 640.79
143	'' -320.11 12.65 655.34
144	'' -380.76 13.38 628.86
145	'' -310.96 8.95 512.24
146	'' -313.92 31.63 370.62
147	'' -377.01 20.4 347.4
148	'' -69.5 8.96 209.63
149	'' 1.45 2.4 125.54
150	'' -77.04 15 -11.92
151	'' 18.2 37.63 -89
152	'' -87.01 25.02 -99.82
153	'' -86.41 20.36 -48.24
154	'' -225.9 23.28 -126.67
155	'' -373.01 14.58 -22.35
156	'' -491.43 8.41 -119
157	'' -570.27 8.9 -77.09
158	'' -722.53 14.18 12.66
159	'' -821.02 8.82 -27.24
160	'' -734.15 12.45 96.43
161	'' -934.77 53.53 325.59
162	'' 893.88 39.77 443.74
163	'' 921.9 16.14 419.01
164	'' 985.67 14.14 418.46
165	'' 1083.47 20.81 334.27
166	'' 911.46 7.89 364.2
167	'' 963.31 65.39 149.15
168	'' 290.37 19.38 -590.19
169	'' 242.11 16.76 -598.83
170	'' 926.57 48.34 -958.98
171	'' 872.23 48.44 -1022.27
172	'' 999.78 60.46 -1014.45
173	'' 678.03 40.03 -972.16
174	'' 701.63 56.5 -893.3
175	'' 1017.32 46.5 776.58
176	'' 204.89 19.77 -242.58
177	'' 181.89 30.8 -316.25
178	'' 163.79 33.98 -377.72
179	'' 150.24 46.78 -449.18
180	'' 1076.03 61.62 -620.44
181	'' 955.83 71.13 -1013.7
182	'' 619.26 32.13 -735.44
183	'' 209.91 42.81 -911.11
184	'' 354.87 32.19 -847.16
185	'' 105.52 39.61 -974.82
186	'' -7.51 30.62 -954.36
187	'' 52.29 21.95 -861.51
188	'' 95.35 29.67 -912.23
189	'' 10.47 21.73 -762.52
190	'' 79.02 18.32 -782.76
191	'' 206.05 21.1 -97.46
192	'' 143.1 42.99 -37.6
193	'' 63.51 23.14 -30.31
194	'' -44.89 25.67 -29.64
195	'' -351.82 21.72 -131.75
196	'' -549.31 9.26 -109.3
197	'' -542.73 9.46 -48.65
198	'' -698.32 10.12 56.35
199	'' -779.75 9.35 41.76
200	'' -820.39 10.92 -41.04
201	'' -811.58 10.59 -7.41
202	'' -871.16 9.27 -53.58
203	'' -930.07 11.92 48.97
204	'' -908.45 15.94 -196.27
205	'' -916.96 17.12 -205.84
206	'' -908.62 18.09 -246.39
207	'' -160.02 12.48 -305.07
208	'' -168.43 19.69 -335.92
209	'' 76.98 8.28 122.01
210	'' -21.9 8.21 213.32
211	'' 222.83 46.5 349.1
212	'' 450.95 39.32 293.85
213	'' 496.82 77.7 216.45
214	'' 635.23 44.54 314.84
215	'' 649.23 50.11 452.96
216	'' 421.99 -6.58 624.77
217	'' 99.47 29.37 809.49
218	'' 105 42.21 1014.49
219	'' 211.46 9.47 978.89
220	'chest' 262.22 21.7 1018.68
221	'' 290.86 19.7 1023.26
222	'' -80.57 17.88 990.39
223	'' -168.08 40.91 857.86
224	'' -247.59 16.98 835.45
225	'' -277.33 12.94 744.86
226	'' -121.96 11 658.88
227	'' -350.11 21.18 274.18
228	'' 646.34 5.18 935.04
229	'' 688.57 6.86 975.48
230	'' 705.95 2.54 962.14
231	'' 720.38 2.39 917.37
232	'' 703.52 2.6 915.41
233	'' 815.49 8.61 707.27
234	'' 791.4 17.95 621.07
235	'' 823.19 27.7 537.95
236	'' 987.97 40.75 854.07
237	'' 1051.88 47.75 952.03
238	'' 866.94 31.04 929.01
239	'' 849.41 19.5 127.29
240	'' 812.49 45.18 30.27
241	'' 896.94 57.35 216.59
242	'' -969.66 82.29 -934.29
243	'' -1023.5 74.97 -649.53
244	'chest' -602.98 27.52 317.34
245	'' 1003.79 10.53 370.49
246	'' 967.41 8.93 348.26
247	'' 211.6 24.92 46.38
248	'' -1042.16 95.78 -1009.04
249	'' -1040.75 77.31 -695.24
250	'' -1091.55 63.75 -640.61
251	'' -607.15 4.24 -170.07
252	'' -663.37 5.93 -136.33
253	'' -754.37 14.43 -65.18
254	'' -831.26 13.29 -167.68
255	'' -661.27 22.21 -40.67
256	'' -1023.89 41.13 762.16
257	'Grand_Chest' -1141.86 63.32 675.3
258	'' -166.89 42.49 849.45
259	'' -108.23 47.88 836.87
260	'' -169.4 49.42 763.67
261	'' -251.35 18.1 530.32
262	'' -23.63 2.47 553.78
263	'' 195.3 14.25 630.22
264	'' 165.8 18.24 241.94
265	'' -122.54 11.07 226.1
266	'' -201.23 10.48 210.49
267	'' -410.35 19.02 298.26
268	'' -481.28 16.05 126.72
269	'' -137.25 22.06 -88.63
270	'' -224.38 5.85 14.18
271	'' -38.84 16.66 -80.02
272	'' 165.69 35.5 -21.7
273	'' 183.57 18.99 -109.17
274	'' 332.78 51.45 -408.83
275	'' 208.04 40.42 -459.96
276	'' 110.01 20.96 -596.68
277	'' 44.25 22.89 -705.69
278	'' 212.73 44.76 -721.29
279	'' 87.64 34.83 -849.23
280	'' 118.64 51.51 -990.98
281	'' 476.85 34.09 -806.86
282	'' 643.8 38.15 -689.92
283	'' 768.9 90.39 -808.28
284	'' 979.36 50.23 -842.73
285	'' 982.8 61.77 -726.25
286	'' 1032.86 61.99 -654.72
287	'' 1089.93 60.68 -603.17
288	'' 753.6 50.28 -527.69
289	'' -163.64 65.46 -524.56
290	'' -166.97 67.63 -590.55
291	'' 496.89 6.44 523.02
292	'' 678.05 6.26 651.87
293	'' 878.35 7.35 386.71
294	'' 945.66 40.71 519.62
295	'' 1099.09 23.48 450.07
296	'' 1085.81 23.27 456.32
297	'' 1096.51 19.78 365.91
298	'' 716.29 36.02 685.02
299	'' 697.86 5.13 780.81
300	'' 565.97 1.82 778.34
301	'' 523.54 14.94 778.44
302	'' 384.65 14.44 754.4
303	'' 653.75 2.16 894.98
304	'' -16.1 43.5 999.72
305	'' 67.08 34.12 973.33
306	'' 213.39 13.52 1054.56
307	'' -312.31 42 -911.21
308	'' 678.95 22.39 102.01
309	'' 708.46 25.78 64.46
310	'' 926.67 19.51 110.78
311	'' 315.45 23.7 -558.65
312	'' 307.68 26.65 -539.96
313	'' 217.27 20.14 -593.78
314	'' 187.01 44.74 -762.34
315	'' 259.01 53.23 -769.39
316	'' 212.19 56.25 -893.59
317	'' 447.65 33.93 -806.39
318	'' 388.95 60.51 -918.97
319	'' 646.22 34.4 -778.16
320	'' 654.73 38.7 -944.97
321	'' 785.33 43.77 -1004.26
322	'' 976.05 63.91 -792.51
323	'' 1015.61 61.41 -663.26
324	'' 755.3 54.78 -619.09
325	'' -111.49 19.03 -327.45
326	'' -399.13 12.05 143.25
327	'' -351.63 19.83 194.72
328	'' -341.54 21.13 293.1
329	'' 247.21 53.67 317.15
330	'' 375.2 33.35 218.68
331	'' 419.15 55.2 109.34
332	'' 523.35 68.94 194.13
333	'' 479.77 78.87 246.82
334	'' 408.28 -0.84 596.93
335	'' 402.71 13.67 710.46
336	'' 431.29 0.98 609.75
337	'' 600.86 46.12 521.69
338	'' 711.3 35.14 642.72
339	'' 745.3 6.63 868.51
340	'' 757.32 75.65 884.59
341	'' 853.45 49.54 897.67
342	'' 886.63 58.55 1024.95
343	'' 723.56 5.22 874.61
344	'' 1037.63 37.49 619.38
345	'' 220.25 19.63 816.33
346	'' 152.11 23.75 987.75
347	'' 27.71 37.78 943.74
348	'' -111.8 49.97 741.6
349	'' -255.23 14.94 633.14
350	'' -237.37 17.87 861.03
351	'' 118.7 64.84 561.31
352	'' -886.02 14.99 63.4
353	'' -865.4 6.86 9.36
354	'' -940.96 11.25 40.8
355	'' -932.81 16.87 -203.82
356	'' -958.82 25.78 -281.74
357	'' -949.54 79.18 -917.02
358	'' -1033.58 79.65 -893.62
359	'' 797.83 16.22 313.3
360	'' 926.92 35.13 337.1
361	'' 51.49 12.38 63.12
362	'' 155.17 12.94 -79.71
363	'' -1038.05 10.77 303.62
364	'' 270.81 53.68 -269.58
365	'' 197.99 35.19 -383.53
366	'' 885.23 18.16 653.19
367	'' 710.94 35.21 643.3
368	'' 678.63 6.37 652.27
369	'' 729.81 22.95 622.54
370	'' 823.96 27.71 538.37
371	'' 803.92 47.34 401.67
372	'' 785.47 17.61 574.98
373	'' 650.04 17.48 586.12
374	'' 556.09 4.79 640.21
375	'' 527.18 8.89 493.96
376	'' 431.38 0.99 609.77
377	'' 421.74 -6.66 624.02
378	'' 267.22 2.24 694.79
379	'' 431.01 14.71 754.15
380	'' 547.12 3.12 821.93
381	'' 584.11 24.03 962.31
382	'' 758.68 76.27 908.12
383	'' 663.45 6.03 768.7
384	'' 507.26 35.72 -642.91
385	'' 349.32 52.42 -416.64
386	'' 121.25 18.34 -668.3
387	'' 249.92 51.67 -737.85
388	'' 216.49 35.03 -401.66
389	'' 81.56 31.74 -872.57
390	'' 301.09 61.17 -973.08
391	'' 365.49 61.26 -952
392	'' 683.91 48.1 -680.87
393	'' 830.14 85.27 -832.99
394	'' 956.32 71.15 -1012.9
395	'' 956.01 68.95 -976.06
396	'' 993.18 62.54 -706.45
397	'' -119.21 18.92 -174.88
398	'' 33.04 18.51 -50.95
399	'' 124.98 25.47 -89.21
400	'' -613.73 10.07 46.22
401	'' -719.68 20.39 -82.43
402	'' -774.27 12.37 5.69
403	'' -870.5 9.12 46.82
404	'' -104.12 14.21 264.34
405	'' 500.57 49.12 332.08
406	'' -23.47 7.65 649.51
407	'' -2.65 5.17 594.16
408	'' -35.3 28.24 824.89
409	'' -188.89 23.36 807.69
410	'' -180.85 16.42 909.06
411	'' -126.71 19.89 931.46
412	'' -300.22 10.29 554.84
413	'' -405.3 32.55 652.1
414	'' -1001.31 90.57 -1001.73
415	'' 785.99 16.94 312.81
416	'' 858.46 6.22 362.25
417	'' 960.51 6.93 361.82
418	'' 902.88 36.83 322.05
419	'' 561.63 36.2 158.33
420	'' 197.64 31.14 -314.92
421	'' -974.78 74.21 -714.04
422	'' 340.24 23.08 -557.69
423	'' 559.9 16.83 -474.92
424	'' 34.6 23.67 -760.44
425	'' -93.43 45.48 -906.65
426	'' -197.01 58.48 -974.34
427	'' 181.51 34.73 -973.3
428	'' 235.03 39.82 -967.57
429	'' 590.23 61.28 -1004.13
430	'' 909.22 58.33 -1035.74
431	'' 1004.36 63.37 -948.51
432	'' 858.12 60.72 -586.14
433	'' -25.55 52.15 -341.82
434	'' 59.38 14.89 -198.22
435	'' 158.1 23.34 -224.29
436	'' 61.67 38.69 -78.38
437	'' 104.78 43.3 -64.27
438	'' -453.51 17.76 196.58
439	'' -265.09 18.7 170.74
440	'' 7.4 4.69 112.53
441	'' -216.25 13.24 113.79
442	'' -62.51 14.95 258.38
443	'' -220.68 13.71 173.82
444	'' -16.18 4.01 131.13
445	'' 862.35 40.72 455.47
446	'' 948.72 40.27 543.23
447	'' 1008.28 17.73 448.17
448	'' 958.66 39.93 574.83
449	'' 920.52 42.57 587.15
450	'' 535.2 9.52 699.42
451	'' 752.32 35.34 794.39
452	'' 1071.44 46.39 889.36
453	'' 438.48 5.98 941.1
454	'' 312.27 8.1 741.51
455	'' 178.54 5.09 665.63
456	'' 221.61 21.06 554.88
457	'' -67.6 4.73 592.44
458	'' -97.08 8.8 636.9
459	'' -167.55 7.19 505.13
460	'' -113.92 31.54 501.75
461	'' -135.62 17.73 911.32
462	'' 208.25 14.29 1067.16
463	'' 241.74 23.35 1070.34
464	'' 219.75 25.19 1074
465	'' -916.89 15.47 -189.18
466	'' -942.94 78.81 -933.27
467	'' -1037.77 90.48 -957.28
468	'' 774.76 44.51 226.51
469	'' 815.19 26.86 137.16
470	'' 1050.68 59.72 113.44
471	'' 315.59 18.04 16.94
472	'' 389.41 40.76 218.2
