1	'Train' -983.873 81.3235 -851.98
2	'Train' -985.121 81.3997 -864.194
3	'Repair' -952.279 82.6237 -897.641
4	'Turret' -989.494 81.4293 -856.899
5	'Turret' -1006.18 81.3701 -856.732
6	'Turret' -1009.3 69.3907 -834.479
7	'Turret' -1009.11 69.5033 -808.889
8	'Turret' -993.031 69.6937 -795.039
9	'Turret' -963.607 74.8622 -785.75
10	'train-again' -984.908 81.4501 -867.433
11	'Train-again' -983.351 81.2464 -852.963
12	'Train-again' -983.659 81.3448 -851.478
13	'train' -986.373 81.4461 -864.139
14	'start-here-and-talk-with-every-trainee-to-kill-all-by-one' -996.715 69.3801 -831.649
15	'te' -1013.01 69.3956 -832.359
16	'te' -1016.05 69.4084 -812.569
17	'tr' -1006.58 69.7441 -802.461
18	'Tr' -996.62 69.735 -798.846
19	'Tr' -975.389 70.7595 -800.482
20	'Heart-completed-after' -990.727 69.3759 -808.641
21	'Propaganda' -792.333 57.7413 -768.033
22	'Propaganda-Style!-Wup-wup' -751.467 57.7366 -737.022
23	'Propa' -734.069 57.7247 -702.729
24	'Propa' -709.993 57.9432 -704.649
25	'Propa' -698.816 57.9836 -750.712
26	'Propa' -702.723 57.8049 -800.426
27	'Door&Kill' -766.566 57.7405 -750.746
28	'Propa' -749.711 67.4881 -630.175
29	'Door' -764.439 63.6638 -639.955
30	'Door-again&Kill' -764.439 63.6638 -639.955
31	'Opa-Propaganda-Style' -778.962 68.2739 -643.005
32	'propo' -789.002 63.4127 -682.717
33	'Door&Kill' -825.338 63.6618 -693.551
34	'Propa-Heart-completed' -828.492 70.5001 -814.739
35	'Shifting-Rocks&Kill' -322.862 50.1354 -916.986
36	'Shifting-Rocks' -350.418 51.8143 -917.256
37	'Rocks' -329.588 48.6875 -985.828
38	'Rocks' -337.544 48.5302 -976.158
39	'Rocks' -328.396 53.8926 -1031.12
40	'Rocks' -275.867 46.7356 -1026.63
41	'ROcks' -252.668 41.1865 -1009.45
42	'Rocks' -227.931 40.8621 -969.397
43	'Rocks' -199.541 42.2398 -937.058
44	'Motivate-Him' -172.36 44.2966 -926.593
45	'Motivate-her-Heart-completed' -141.523 44.8891 -894.485
46	'Extra-Miner' -260.702 24.8633 -901.872
47	'Exrta-Miner' -283.619 24.1151 -881.503
48	'Extra-Miner' -304.442 17.7902 -838.554
49	'Extra-Miner' -298.746 3.79954 -836.486
50	'Extra-Miner' -286.248 1.35353 -834.419
51	'BUsh&Kill-if-enemy-spawns' -831.32 12.7488 -195.757
52	'Bush&Kill' -791.535 21.6799 -158.894
53	'Bush&Kill' -693.256 20.1588 -123.384
54	'Bush&Kill' -652.471 22.8764 -41.9074
55	'Bush&Kill' -700.353 10.2136 -21.7906
56	'Bush6Kill' -780.114 13.621 -59.0723
57	'Bush&Kill' -766.665 9.76381 35.3304
58	'Bush&Kill' -833.927 12.9386 -197.262
59	'Bush&Kill' -789.784 21.8527 -158.143
60	'Bush&Kill' -693.164 20.065 -122.251
61	'Bush&Kill' -654.316 22.6068 -41.2486
62	'Bush&Kill-Heart-completed' -699.36 10.1457 -22.052
63	'Metal' 254.627 56.8396 -992.24
64	'Metal' 316.674 60.2542 -937.071
65	'Metal' 391.95 60.405 -915.194
66	'Metal' 362.278 32.8872 -834.586
67	'Metal' 313.645 34.4937 -859.326
68	'Metal' 284.893 40.5561 -841.688
69	'Metal' 254.279 56.4216 -991.214
70	'Metal' 316.592 60.1988 -936.618
71	'Metal' 392.502 60.673 -915.348
72	'Metal' 360.888 33.1303 -835.197
73	'Metal' 345.166 51.5573 -892.251
74	'Metal' 290.598 51.0285 -923.23
75	'Metal' 284.836 40.5648 -842.334
76	'Metal' 312.578 34.2691 -859.166
77	'metal' 255.454 56.4922 -991.593
78	'Metal' 316.478 60.0817 -936.951
79	'Metal' 390.71 60.2874 -915.749
80	'Metal' 313.808 34.2724 -860.583
81	'Metal' 285.263 40.5286 -841.429
82	'Metal' 290.432 51.033 -923.805
83	'Metal' 343.211 51.0202 -892.745
84	'metal' 255.745 56.2938 -992.163
85	'Give-him-Metal-Heart-Completed' 242.89 44.8571 -987.145
86	'Supplies' 364.498 46.9965 -520.241
87	'Supplies' 410.352 54.2731 -400.597
88	'Supplies' 346.813 52.3559 -416.492
89	'Supplies' 375.626 54.7209 -455.358
90	'andnow-you-kill-all-ogre&companions-in-here-to-completede-heart' 383.947 54.0603 -416.049
91	'Barrel' 121.035 5.11119 210.902
92	'Barrel' 25.277 1.32412 190.003
93	'Remove&Kill' 156.276 10.4197 115.834
94	'Remove&Kill' 194.679 14.0903 119.745
95	'Remove&Kill' 193.627 19.7704 65.803
96	'Barrrel' 206.236 25.5964 0.991359
97	'Remove&Kill' 173.195 27.21 -7.31419
98	'Remove&Kill' 113.733 29.7034 -4.43166
99	'Remoe&Kill' 70.1742 23.0431 -15.8091
100	'Remove&Kill' 35.2559 21.4409 -29.7858
101	'Remove&Kill-Heart-completed' 57.1235 27.2222 -60.7306
102	'Repair' 366.066 9.20622 416.265
103	'Repair' 369.81 8.98787 409.609
104	'Repair' 372.007 9.5745 406.475
105	'Charr-Mine' 326.247 14.9438 284.277
106	'Reload' 361.944 10.2899 300.797
107	'Reload' 400.56 10.8656 315.492
108	'Reload' 410.237 10.1222 337.064
109	'Repair' 389.695 8.16618 350.686
110	'Reload' 436.331 13.1826 352.618
111	'Reload' 430.139 9.64518 382.595
112	'Repair' 418.769 8.99805 381.144
113	'Reload' 444.364 9.72337 397.878
114	'Reloaqd' 439.238 10.0948 414.692
115	'Reload' 452.461 13.5555 424.251
116	'Reload' 445.589 12.169 434.716
117	'Reload2-mines' 451.705 10.7989 449.111
118	'Reload' 441.526 8.67125 467.57
119	'Extra-Mine' 424.767 6.76612 483.902
120	'Extra-Mine' 405.197 6.15482 477.728
121	'Extra-Mine' 379.018 5.97887 487.671
122	'Formation' -634.674 -36.5843 849.483
123	'Formation' -604.255 -52.2278 872.056
124	'Formation' -570.639 -44.9655 877.014
125	'Formation' -553.825 -26.298 831.537
126	'Formation' -538.053 -15.29 837.202
127	'Formation' -554.38 -30.9269 896.213
128	'Formation' -584.574 -35.0121 936.133
129	'Formation' -575.823 -27.8212 954.957
130	'Formation' -564.226 -32.6389 935.642
131	'Formation' -548.728 -25.9898 940.923
132	'Formation' -587.146 -46.1516 790.666
133	'Crysta' -607.643 -54.6442 793.997
134	'Crystal' -616.013 -54.5687 768.599
135	'Crystal' -655.976 -26.4163 643.867
136	'Crystal' -667.292 -24.9839 665.976
137	'Crystal' -688.185 -15.0494 652.868
138	'Crystal' -611.254 -37.9507 718.716
139	'Crystal-Heart-completed' -604.675 -27.7629 720.109
140	'Sampler' -791.172 48.0257 876.683
141	'Water' -814.183 51.1856 911.369
142	'Capaciter&Kill-when-mob-spawns' -916.767 67.6705 919.66
143	'Capacitor&Kill-when-mob-spawns' -952.415 49.0739 849.212
144	'Capacitor&Kill-when-mob-spawns' -887.045 40.6153 803.626
145	'Capacitor&Kill-when-mob-spawns' -859.468 39.1088 739.394
146	'Water' -834.651 41.4981 732.61
147	'Capacitor&Kill-when-mob-spawns' -857.735 35.0278 668.089
148	'Capacitor&Kill-when-mob-spawns' -921.502 32.1566 685.248
149	'Capacitor&Kill-when-mob-spawns' -895.031 34.8503 725.333
150	'Capacitor&Kill-when-mob-spawns' -893.471 37.6964 627.154
151	'Water' -851.763 32.5842 567.019
152	'Kill-Spark' -913.13 32.5667 701.306
153	'Kill-Spark' -918.231 32.4543 742.867
154	'Kill-Branded-human-around-here-Heart-completed' -872.677 42.1333 837.545
155	'Kill-2-Harpys' 768.166 5.24047 820.674
156	'Kill-Harpys' 935.602 38.3427 965.388
157	'Kill-mobs' 932.346 41.273 1010.63
158	'Kill-Harpy' 874.407 43.8402 962.21
159	'Kill-Egg&Harpys' 869.353 33.1288 934.83
160	'Kill-3-Harpys' 1026.3 40.8929 929.522
161	'Kill-mobs' 980.034 44.7022 981.246
162	'Kill-mob' 1025.76 48.246 983.166
163	'Kill-2-Eggs' 954.877 13.4867 874.289
164	'Kill-2-Eggs-Heart-completed' 936.144 6.7531 852.751
165	'2-Extra-Eggs' 922.655 7.39495 834.585
166	'Kill-Char' 11.9362 39.1759 987.094
167	'Kill-Char&Morta' 58.9295 32.3356 995.065
168	'Kill-Chars' 98.1417 29.2663 976.829
169	'Kill' 142.083 24.7133 991.737
170	'Suppplies' 184.742 18.4846 994.291
171	'Kill-2-Chars' 196.281 15.7581 1006.44
172	'Turret-2-Chars-battle-plans' 203.925 14.284 1050.31
173	'CHar-With-Mortar' 234.734 10.4635 1018.1
174	'Char' 263.42 21.0254 1043.68
175	'Char' 258.024 21.6789 1066.33
176	'Char' 231.244 24.6145 1056.19
177	'Kill&Plans' 233.503 23.348 1077.5
178	'Supplies-Heart-completed' 267.943 22.3301 1068.25
179	'Extra-Supplies' 109.684 26.8966 973.643
180	'GIve-him-Battle-plans-if-Heart-is-not-full' 63.6541 17.4651 796.068
181	'Shell' -369.516 21.4761 -75.2241
182	'Mine' -435.163 2.39848 -38.9157
183	'Mine' -432.679 1.26633 -109.39
184	'Mine' -514.644 12.5329 -166.469
185	'Shell' -342.48 9.76529 -174.74
186	'Shell' -273.386 22.8804 -127.549
187	'Shell' -309.164 17.8146 -68.3106
188	'Shell' -316.38 10.9676 8.05259
189	'Shell' -297.244 8.47182 41.2069
190	'Mine' -303.407 14.8253 80.5302
191	'Mine' -378.093 7.69172 29.9224
192	'Shell' -213.481 5.82088 17.7571
193	'Shell' -174.206 20.7241 -70.4916
194	'Shell' -216.984 20.8968 -155.828
195	'Shell' -339.69 9.26573 -176.594
196	'Shell-again' -371.043 21.2726 -72.8184
197	'Shell-again' -309.901 17.5028 -65.4731
198	'Shell-agian' -273.488 22.8698 -127.375
199	'Now-kill-some-chars-to-completed-Heart' -287.262 15.0804 -30.872
