1	'PoI1' 228.64 10.9004 1020.32
2	'PoI2' 451.709 -11.0574 639.682
3	'PoI3' 336.919 8.57682 403.042
4	'PoI4' 72.1953 51.9457 415.046
5	'PoI5' 109.432 5.26373 177.16
6	'PoI6' 871.475 58.8104 -580.116
7	'PoI7' 792.098 100.862 -759.588
8	'PoI8' 201.315 53.1735 -865.122
9	'PoI9' 383.67 66.4946 -281.653
10	'Poi10' 17.9884 20.8814 -260.679
11	'PoI11' -125.431 56.3897 -511.515
12	'PoI12' -404.785 41.3877 721.293
13	'PoI13' -825.993 67.309 970.953
14	'PoI14' -538.651 18.5006 272.631
15	'PoI15' -568.724 76.3469 -415.375
16	'PoI16' -485.067 85.1729 -674.98
17	'PoI17' -300.26 55.6863 -1073.42
18	'PoI18' -408.772 61.9795 -933.783
19	'PoI19' -473.689 88.3555 -1031.22
20	'PoI20' -720.692 58.0859 -766.59
