1	'WP1' -894.883 74.3008 -814.319
2	'WP2' -638.938 74.9055 -456.325
3	'WP3' -458.594 85.9662 -756.094
4	'WP4' -24.8183 21.7188 -871.653
5	'WP5' -145.584 38.7965 -414.953
6	'WP6' -887.659 12.9055 -172.517
7	'WP7' -923.667 18.4754 373.292
8	'WP8' -677.106 18.1972 885.422
9	'WP9' -287.559 25.4484 886.051
10	'WP10' -256.879 12.6532 588.637
11	'WP11' -308.902 20.2069 152.069
12	'WP13' 508.754 43.4641 -568.443
13	'WP14' 827.152 38.9758 -240.342
14	'WP15' 101.24 20.5113 -189.905
15	'WP16' 95.947 29.74 335.925
16	'WP17' 667.886 11.3616 601.116
17	'WP18' 445.952 4.06245 913.913
