1	'coin01' -195.812 -3.504 -748.07
2	'coin02' 95.325 8.565 -295.699
3	'coin03' -121.11 7.381 6.201
4	'coin04' -33.99 20.301 -177.052
5	'Coin5_CheckTableForTreeCarvings_GoToTreesToAccessReconCove' 280.87 43.0031 31.574
6	'Coin5_InsideReconCove' 706.914 0.814933 -111.072
7	'coin06' 454.485 19.741 -306.518
8	'coin07' 511.175 -21.443 -665.769
9	'coin08' 987.288 0.26 -559.931
10	'coin09' 1161.268 92.266 -46.798
11	'coin10' 816.191 -0.398 131.445
12	'coin11' 1039.435 -0.618 417.839
13	'coin12' 917.074 18.822 643.919
14	'coin13' 717.982 8.956 460.911
15	'coin14' 446.504 101.162 530.355
16	'coin15' 115.077 157.919 496.121
17	'coin16' -360.301 66.126 614.493
18	'coin17' -608.861 60.035 522.668
19	'coin18' -599.351 0.574 323.296
20	'coin19' -483.245 24.903 201.16
21	'coin20' -629.469 89.981 144.576
22	'coin21' -364.421 19.081 38.047
23	'coin22' -620.232 118.602 -413.37
24	'coin23' -503.841 99.469 -779.308
25	'coin24' -396.036 4.029 -496.251
26	'coin25' 202.115 3.34156 813.33
27	'coin26' -296.614 125.25 161.261
28	'coin27' -418.283 37.125 -317.651
29	'coin28' -506.588 57.487 1.039
30	'coin29' -617.16 65.361 -184.481
31	'coin30' -528.433 72.509 -328.406
