1	'PoI1' -354.483 36.534 -92.7382
2	'PoI2' -404.496 36.4461 -193.967
3	'PoI3' -523.174 38.5909 -21.0756
4	'PoI4' -585.968 66.7294 -151.463
5	'PoI5' -600.784 120.118 -250.746
6	'PoI6' -530.193 153.181 -339.157
7	'PoI7' -501.24 65.377 -314.044
8	'PoI8' -303.617 39.8271 -390.439
9	'PoI9' -481.57 67.7843 -593.673
10	'PoI10' -602.086 103.529 -672.376
11	'PoI11' -630.874 43.4273 311.403
12	'PoI12' -608.117 59.3806 495.337
13	'PoI13' -228.209 49.4431 547.736
14	'PoI14' -416.802 35.5895 152.03
15	'PoI15' -329.414 68.0318 156.298
16	'PoI16' -121.479 4.61869 117.209
17	'PoI17' 78.0768 56.2582 83.8652
18	'PoI18' -56.9649 31.8679 277.634
19	'PoI19' 199.348 108.598 487.984
20	'PoI20' 546.265 29.3728 669.03
21	'PoI21' 955.342 0.199251 551.312
22	'PoI22' 877.839 19.2325 598.007
23	'PoI23' 1053.34 87.4054 -163.574
24	'PoI24' 722.42 -11.0095 -147.658
25	'PoI25' 912.781 20.6775 -605.41
26	'PoI26' 760.526 106.51 -532.598
27	'PoI27' 460.405 17.9127 -287.447
28	'PoI28' 167.152 36.9851 -664.597
29	'PoI29' 500.435 -11.1829 -678.357
30	'PoI30' 290.994 42.9772 11.4967
31	'PoI31' 15.8636 23.5987 -114.656
