1	'start' 205.1 3.41 1134.44
2	'harder' 253.68 8.02 1152.49
3	'easy' 237.48 7.84 1140.98
4	'rescue' -15.89 1.06 1006.19
5	'rescue' -82.7 0.03 984.36
6	'rescue' -100.13 0.16 977.21
7	'rescue' -127.03 -0.56 966.4
8	'rescue' -155.62 1.31 982.33
9	'rescue' -178.84 -0.22 962.25
10	'rescue' -234.14 0.47 969.9
11	'rescue' -175.26 5.91 1100.98
12	'rescue' -180.33 5.97 1105.08
13	'rescue' -173.88 5.88 1147.53
14	'rescue' -172.14 6.01 1152.77
15	'rescue' -168.83 6.01 1146.42
16	'rescue' -106.22 1.89 1020.38
17	'rescue' -108.26 3.07 1015.91
18	'rescue' -112.62 2.92 1016.03
19	'rescue-point' 240.11 6.38 1159.17
20	'supplies' 45.29 13.53 1098.63
21	'bring' 207.43 4.54 1089.25
22	'' 45.86 13.42 1098.01
23	'' 202.08 4.23 1088.63
24	'' 45.86 13.77 1096.23
25	'' 204.67 4.34 1089.25
26	'' 44.4 13.84 1098.26
27	'' 205.96 4.46 1088.45
28	'' 46.89 13.54 1096.7
29	'' 203.37 4.26 1089.58
30	'' 46.7 13.49 1097.1
31	'' 208.14 4.63 1088.46
32	'' 44.76 14.17 1096.83
33	'' 208.72 4.54 1094.49
34	'' 46.03 13.63 1095.75
35	'' 203.38 4.3 1088.32
36	'' 44.38 14.22 1096.51
37	'' 207.65 4.64 1087.11
38	'' 45.51 13.99 1096.89
39	'' 207.74 4.69 1086.08
40	'' 45.97 13.55 1097.58
41	'' 212.75 5 1090.81
42	'now-kill-some-mobs' 9.44 14.32 1064.16
43	'^now-to-the-n_ext-stage' 13.96 32.76 815.39
44	'deliver-woodpile' -100.02 72.41 739.26
45	'' -16.5 51.27 687.05
46	'' -146.83 85.92 708.98
47	'' 5.43 17.36 626.07
48	'' -146.94 85.92 709.28
49	'now-5-waves-of-mobs' -61.37 54.43 731.22
50	'now-endboss-time' -58.4 36.78 826.17
51	'boss' -288.98 1.53 835.69
52	'' -248.63 1.23 845.51
53	'' -352.34 1.04 909.38
54	'' -433.52 1.09 833.8
55	'use' -323.56 5.48 709.09
56	'' -322.69 5.47 713.06
57	'' -323.4 5.47 711.35
58	'loot' -336.05 0.79 737.82
59	'MP' -308.37 -24.31 976.15
60	'TP-to-hub' -303.89 0.64 730.77
