1	'start' 1248.27 45.46 -376.94
2	'harder' 1234.06 48.77 -386.69
3	'easy' 1228.24 45.76 -367.49
4	'Mortar-Pod' 1176.12 36.81 -291.01
5	'Mortar-Pod' 1168.57 37.74 -295.79
6	'Mortar-Pod' 1143.2 38.73 -265.66
7	'Mortar-Pod' 1133.49 39.4 -301.4
8	'Mortar-Pod' 1162.2 43.25 -227.08
9	'Mortar-Pod' 1140.8 47.14 -215.16
10	'Mortar-Pod' 1185.52 59.85 -175.31
11	'Mortar-Pod' 1106.9 37.36 -263.34
12	'Mortar-Pod' 1139.04 47.56 -215.19
13	'Mortar-Pod' 1164.87 44.77 -222.87
14	'Bucket' 1160 38.2 -289.65
15	'Fire' 1160.82 38.95 -296.67
16	'Fire' 1179.54 37.44 -273.36
17	'Fire' 1151.09 39.79 -291.1
18	'Fire' 1128.01 39.98 -286.61
19	'Fire' 1128.65 39.99 -300.59
20	'Fire' 1137.77 41.4 -244.89
21	'Fire' 1214.8 71.69 -163.94
22	'Fire' 1203.98 72.54 -157.09
23	'Fire' 1126.68 41.94 -246.56
24	'Fire' 1161.08 38.98 -297.17
25	'Fire' 1151.69 39.74 -290.89
26	'now-kill' 1145.11 37.75 -273.3
27	'escort-until-here-now-boss' 673.91 74.22 431.15
28	'MP' 646.29 21.15 149.49
29	'Loot' 613.47 85.95 400.46
30	'tp-to-hub' 611.26 96.83 463.52
