1	'start' -557.25 49.66 400.79
2	'harder' -555.94 51.09 410.77
3	'easy' -549.92 50.55 386.97
4	'rescue' -446.51 55.81 488.1
5	'' -437.21 55.64 505.56
6	'' -437.21 55.64 505.56
7	'' -446.85 56.76 542.67
8	'' -458.75 56.6 541.51
9	'' -452.64 56.64 535.69
10	'' -410.37 57.05 572.47
11	'' -383.55 57.69 568.82
12	'' -402.52 54.59 495.18
13	'' -335.48 60.11 545.03
14	'' -311.7 65.8 539.91
15	'rescue-point' -260.94 69.12 534.89
16	'repair' -282.17 66.62 558.77
17	'repair' -297.73 67.71 542.63
18	'repair' -311.47 65.1 518.52
19	'repair' -220.15 66.9 582.21
20	'repair' -236.07 67.53 574.75
21	'rescue-again-if-not-full' -305.78 63.98 596.11
22	'' -408.99 56.88 573.58
23	'' -384.09 57.68 567.76
24	'' -334.85 60.16 544.67
25	'' -311.18 65.89 540.48
26	'point' -263.21 69.12 536.55
27	'now-kill' -280.63 66.71 556.36
28	'' -398.33 56.98 537.09
29	'wait-then-escord' -266.48 68.6 543.71
30	'escord-end' 84.54 76.39 604.02
31	'attackrun-end-Ice-Wall' 368.98 25.98 290.37
32	'attack-ice-wall' 446.07 23.16 280.44
33	'now-boss-time-good-luck' 473.77 23.21 282.01
34	'Death-port1' 487.23 23.22 284.09
35	'Deathport2' 654.36 22.97 285.98
36	'fire1' 625.99 23.66 280.59
37	'fire2' 589.39 23.95 285.44
38	'fire3' 544.28 23.54 277.94
39	'MP' -31.99 -0.14 435.13
40	'loot' 668.63 24.26 288.01
41	'hub' 679.7 14.32 240.96
