1	'start' -835.32 85.07 -462.8
2	'harder' -830.25 85.82 -471.12
3	'easy' -840.8 85.65 -445.57
4	'rescue' -696.9 80.24 -466.63
5	'rescue' -669.68 74.24 -484.06
6	'rescue' -642.58 73.2 -520.7
7	'rescue' -655.91 72.97 -548.92
8	'rescue' -681.61 73.77 -544.89
9	'rescue' -687.23 73.83 -544.52
10	'rescue' -708.25 73.48 -559.16
11	'rescue' -705.76 74.55 -536.77
12	'rescue' -754.98 73.1 -552.37
13	'rescue' -762.74 74.44 -541.7
14	'rescue' -750.6 74.43 -539.46
15	'rescue' -758.33 74.63 -526.07
16	'rescue' -732.31 73.87 -529.6
17	'rescue' -792.54 73.81 -548.03
18	'rescue' -814.76 74.6 -545.21
19	'rescue' -838.41 77.28 -557.95
20	'rescue' -834.89 77.28 -549.56
21	'rescue' -826.09 77.28 -549.53
22	'rescuepoint' -817.08 85.08 -453.39
23	'talk' -720.96 85.96 -434.69
24	'talk' -798.49 85.78 -458.99
25	'talk' -528.76 72.94 -937.05
26	'talk' -554.15 74.51 -958.5
27	'talk' -525.8 74.78 -975.75
28	'talk' -485.63 74.95 -971.51
29	'talk' -513.23 72.98 -948.7
30	'talk' -535.01 74.84 -900.17
31	'talk' -550.47 73.28 -906.79
32	'talk' -551.02 74.6 -862.72
33	'talk' -570.45 74.38 -661.47
34	'talk' -638.51 74.54 -554.62
35	'talk' -660.38 74.41 -528.8
36	'talk' -706.17 72.55 -563.57
37	'talk' -742.69 73.71 -539.31
38	'talk' -734.74 74.93 -561.96
39	'talk' -754.34 74.86 -565.58
40	'talk' -774.21 85.75 -440.08
41	'talk' -722.61 85.96 -434.35
42	'talk' -666.21 74.27 -535.99
43	'talk' -678.62 74.43 -561.77
44	'talk' -636.22 74.77 -553.64
45	'take' -769.32 74.53 -535.32
46	'give' -484.36 85.97 -767.65
47	'killl' -464.43 85.41 -728.63
48	'now-boss' -725.04 56.73 -711.48
49	'loot' -733.24 57.5 -787.46
50	'mp' -718.1 80.14 -805.8
51	'tp-hub' -733.93 57.69 -800.76
