1	'start' 286.33 6.24 -638.41
2	'harder' 291.51 6.52 -609.14
3	'easy' 281.96 6.52 -609.54
4	'rescue' 208.49 18.76 -432.38
5	'rescue' 215.12 11.82 -302.05
6	'rescue' 192.81 15.77 -252.22
7	'rescue' 140.16 16.36 -262.23
8	'rescue' 108.59 18.56 -305.85
9	'rescue' 164.03 19.15 -307.65
10	'rescue' 248.54 5.59 -337.24
11	'rescue' 316.29 20.24 -403.72
12	'rescue' 399.33 6.32 -346.79
13	'rescue' 393.88 13.05 -227.03
14	'rescue' 351.46 16.42 -257.11
15	'rescue' 274.06 2.71 -225.58
16	'rescue' 372.39 7.24 -310.58
17	'rescue' 431.81 8.84 -358.37
18	'rescue' 442.44 18.93 -374.16
19	'rescue' 244.06 18.91 -385.54
20	'rescue' 122.53 23.62 -359.83
21	'rescue' 150.22 24.15 -392.6
22	'rescue' 172.35 18.47 -346.31
23	'rescue' 267.06 6.97 -306.13
24	'rescue' 248.57 5.59 -336.31
25	'rescue' 272.61 2.72 -225.4
26	'rescue' 193.41 15.85 -250.88
27	'rescue' 177.27 20.86 -406.57
28	'rescue' 245.47 30.57 -445.93
29	'port-here-for-evac' 288.38 2.05 -537.65
30	'now-get-a-water-bucket-from-here' 114.79 18.52 -333.16
31	'Fire' 138.35 25.49 -367.97
32	'Fire' 182.2 22.05 -387.52
33	'Fire' 226.42 19.26 -404.18
34	'Fire' 242.32 19.39 -401.06
35	'Fire' 412.61 8.85 -375.69
36	'Fire' 376.02 6 -356.74
37	'Fire' 362.04 5.51 -328.67
38	'Fire' 365.94 7.35 -321.23
39	'Fire' 365.34 6.96 -311.35
40	'Fire' 372.84 10.48 -299.92
41	'Fire' 391.72 8.48 -313.3
42	'now-kill-them' 235.11 12.09 -297.56
43	'kill' 114.27 27.04 -385.67
44	'escort-her' 283.4 2.89 -556.85
45	'kill-waves' -417.35 4.82 -28.35
46	'for-achievment-dont-get-hit-by-aoes-until-boss-is-dead!' -417.35 4.82 -28.35
47	'Group_North' -460.39 16.69 53.5
48	'Group_Middle' -414.26 4.85 -27.65
49	'Group-South' -412.65 6.71 -87.37
50	'boss' -491.69 4.24 -60.57
51	'Fissure' -474.75 5.44 -44.21
52	'Fissure' -463.56 16.65 51.64
53	'Fissure' -407.71 5.82 -18.32
54	'boss' -404.11 5.8 -19.4
55	'Fissure' -339.75 5.06 6.43
56	'Fissure' -381.45 34.12 80.54
57	'Fissure' -330.9 45.71 125.58
58	'boss' -391.94 58.89 138.58
59	'MP' -144.15 0.37 -347.57
60	'tp-to-hub' -467.14 17.23 65.35
