1	'start' -383.13 42.67 -459.7
2	'harder' -371.69 42.67 -431.65
3	'easy' -367.03 41.74 -476.56
4	'kill5' -247.3 26.55 -426.66
5	'get' -295.18 33.41 -614.93
6	'give' -329.68 41.57 -626.25
7	'get' -351.2 41.74 -508.65
8	'give' -396.42 42.69 -303.63
9	'get' -341.5 41.75 -209.65
10	'give' -391.07 42.68 -241.34
11	'get' -347.8 41.75 -350.78
12	'give' -393.57 42.68 -287.83
13	'get' -303.29 37.05 -417.98
14	'give' -367.24 42.69 -643.88
15	'get' -276.86 26.56 -568.32
16	'give' -331.14 41.43 -648.39
17	'get' -357.9 41.75 -478.29
18	'give' -393.55 42.68 -621.6
19	'rescue' -348.39 41.74 -509.77
20	'rescue' -356.3 47.76 -391.55
21	'rescue' -320.16 40.3 -325.7
22	'rescue' -307.93 27.09 -213.2
23	'rescue' -309.74 26.91 -272.61
24	'rescue' -336.85 42.65 -188.38
25	'rescue' -326.71 35.15 -126.73
26	'rescue' -389.47 26.78 -12.25
27	'rescue' -378.78 27.29 3.97
28	'rescue' -321.8 26.96 18.25
29	'rescue' -306.35 27.15 7.78
30	'rescue' -288.55 26.71 13.78
31	'rescue-them-here' -406.89 42.46 -165.22
32	'follow-them' -336.9 41.76 -252.83
33	'to-here' 16.55 48.61 -107.83
34	'Defeat-5-waves' -4.44 56.4 -7.26
35	'Lakeside-now' 358.55 56.68 -319.61
36	'now-endboss-time' 71.46 31.19 -331.72
37	'boss' -41.97 27.43 -330.26
38	'loot' -73.97 26.51 -329.61
39	'MP' -143.55 109.48 -320.23
40	'tp-to-hub' -93.46 26.32 -326.76
