1	'start' -412.12 41.04 -858.16
2	'take' -356.46 37.88 -890.33
3	'repair' -349.37 45.61 -954.26
4	'take' -279.48 34.51 -928.97
5	'repair' -285.93 27.91 -886.52
6	'take' -356.44 38.05 -891.74
7	'repair' -260.93 27.32 -877.46
8	'take' -306.5 29.56 -797.86
9	'repair' -349.94 35.26 -818.47
10	'take' -280.31 34.51 -926.48
11	'repair' -191.05 34.03 -970.74
12	'take' -277.65 34.51 -928.17
13	'repair' -316.01 34.59 -897.42
14	'take' -209.05 21.5 -879.12
15	'repair' -176.16 24.76 -888.57
16	'take' -224.69 19.34 -805.86
17	'repair' -298.78 38.13 -953.35
18	'take' -306.19 29.63 -796.93
19	'repair' -248.43 36.92 -954.07
20	'take' -355.42 37.87 -891.14
21	'repair' -186.72 23.97 -901.95
22	'rescue' -408.23 52.81 -995.62
23	'rescue' -395.95 51.89 -993.16
24	'rescue' -395.53 51.9 -935.13
25	'rescue' -434.28 51.78 -955.94
26	'rescue' -390.25 52.87 -1013.54
27	'rescue' -413.74 52.09 -1005.84
28	'rescue' -308.57 34.17 -749.59
29	'rescue' -264.4 25.85 -723.31
30	'rescue' -285.66 38.3 -693.54
31	'rescue' -264.86 38.32 -727.13
32	'rescue' -250.4 24.3 -758.96
33	'rescue' -212.84 24.13 -740.51
34	'rescue' -182.8 19.39 -721.92
35	'rescue' -285.27 38.31 -723.62
36	'rescue-point' -435.12 41.12 -857.89
37	'killnow' -338.69 34.44 -858.94
38	'now-meet-taimi' -647.84 65.32 -925.75
39	'mp' -494.73 75.61 -1151.25
40	'after-escord-boss-time' -506.01 80.02 -1098.35
41	'finalboss-time' -277.05 26.7 -864.69
42	'loot' -259.43 27.95 -857.06
43	'tphub' -233.09 20.86 -857
