1	'start' 352.56 25.69 -503.8
2	'harder' 363.71 28.74 -515.97
3	'easy' 345.78 26.43 -510.72
4	'rescue' 368.84 28.6 -515.83
5	'rescue' 372.29 41.62 -566.04
6	'rescue' 383.49 35.55 -527
7	'rescue' 398.64 39.04 -540.42
8	'rescue' 416.68 49.26 -565.08
9	'rescue' 290.92 37.5 -543.57
10	'rescue' 333.38 25.14 -479.8
11	'rescue' 437.93 15.28 -483.95
12	'rescue-point1' 302.02 76.82 -619.24
13	'light' 289.37 86.25 -665.35
14	'light' 347.36 76.08 -622.21
15	'light' 329.4 62.63 -582.42
16	'light' 319.06 39.13 -555.01
17	'light' 340.59 27.1 -516.78
18	'light' 369.59 25.76 -493.76
19	'light' 431.4 61.67 -565.26
20	'light' 390.53 64.01 -592.76
21	'light' 323.38 77.06 -619.99
22	'light' 274.22 78.67 -618.94
23	'rescue' 370.35 41.03 -565.51
24	'rescue' 357.76 35.89 -556.37
25	'rescue' 325.79 19.29 -516.48
26	'rescue' 369.23 28.24 -514.67
27	'rescue' 429.13 41.5 -546.87
28	'rescue' 417.3 50.04 -566.37
29	'finalrescue' 303.55 76.44 -618
30	'killnow' 346.82 67.41 -595.9
31	'escord-now-untilboss' 380.45 64.06 -590.36
32	'escort-start' 371.61 69.46 -601.97
33	'after-escort-endboss-area' 1287.07 135.98 -509.97
34	'in-case-you-die-port-here' 1285.39 133.97 -545.04
35	'loot' 1296.33 134.04 -551.5
36	'MP' 1267.22 206.65 -467.9
37	'tp-to-hub' 1238.62 136.84 -505.94
