1	'start' 344.49 329.93 1200.35
2	'harder' 347.8 330.28 1227.9
3	'easy' 338.86 330.29 1232.95
4	'take' 364.58 294.68 1335.15
5	'heal' 349.79 294.5 1336
6	'take' 364.55 294.68 1335.21
7	'heal' 368.79 294.44 1324.99
8	'' 364.19 294.63 1334.7
9	'heal' 374.54 294.23 1322.66
10	'' 365.4 294.77 1335.15
11	'heal' 368.46 294.41 1325.09
12	'' 364.5 294.64 1334.32
13	'heal' 374.3 294.19 1321.18
14	'' 365.29 294.78 1335.89
15	'heal' 349.81 294.49 1336.24
16	'' 364.14 294.67 1335.55
17	'heal' 351.09 297.35 1345.16
18	'' 364.21 294.67 1335.77
19	'heal' 350.65 297.31 1345.08
20	'' 364.22 294.68 1335.97
21	'heal' 347.03 297.33 1349.94
22	'' 364.77 294.73 1335.94
23	'heal' 347.19 297.33 1349.74
24	'' 365.39 294.77 1335.27
25	'heal' 312.7 297.5 1370.38
26	'' 364.85 294.72 1335.41
27	'heal' 312.15 297.47 1369.66
28	'spar' 333.63 297.32 1370.17
29	'spar' 323.5 294.17 1347.8
30	'spar' 338.59 294.25 1343.81
31	'take-again' 364.5 294.69 1335.36
32	'heal' 374.1 294.22 1321.79
33	'' 364.29 294.66 1335.39
34	'heal' 368.18 294.39 1324.91
35	'' 363.55 294.41 1334.65
36	'heal' 374.28 294.23 1322.12
37	'' 364.46 294.7 1335.93
38	'heal' 369.02 294.44 1326.26
39	'' 363.62 294.55 1335.1
40	'heal' 349.51 294.49 1336.54
41	'' 364.83 294.73 1335.79
42	'heal' 338.76 295.15 1286.69
43	'' 364.79 294.7 1334.98
44	'heal' 350.81 297.31 1344.92
45	'' 364.98 294.75 1335.88
46	'heal' 350.73 297.29 1344.73
47	'' 364.42 294.68 1335.42
48	'heal' 368.57 294.43 1324.43
49	'' 363.97 294.57 1334.34
50	'heal' 367.9 294.36 1324.84
51	'' 364.47 294.68 1335.38
52	'heal' 374.03 294.25 1322.21
53	'' 364.02 294.67 1335.82
54	'heal' 374.46 294.25 1322.86
55	'' 364.27 294.66 1335.08
56	'heal' 313.66 297.26 1369
57	'' 364.36 294.68 1335.71
58	'heal' 312.85 297.45 1370.13
59	'' 364.79 294.7 1335.09
60	'heal' 367.83 294.35 1324.72
61	'Spar' 303.31 296.22 1333.91
62	'Spar' 290.72 294.48 1328.66
63	'Spar' 290.16 294.15 1321.6
64	'Spar' 283.38 295.02 1326.3
65	'Spar' 266.07 294.1 1315.24
66	'Spar' 260.95 294.46 1313.7
67	'Spar' 259.85 294.82 1308.23
68	'Spar' 263.88 294.31 1300.27
69	'kill' 289.53 305 1241.49
70	'kill-and-help' 75.52 288.41 1341.7
71	'' -3.34 262.04 1325.72
72	'' 4.31 262.02 1295.51
73	'' 21.29 262.52 1266.7
74	'' 110.39 296.16 1216.56
75	'' 59.64 290.41 1195.94
76	'' 45.1 290.87 1190.58
77	'' 4.13 298.22 1179.62
78	'' -15.45 300.96 1187.5
79	'' -68.73 313.06 1197.04
80	'' -86.99 248.4 1275.14
81	'' -99.89 249.94 1246.91
82	'' -111.15 250.52 1227.06
83	'' -149.48 241.73 1213.77
84	'' -192.93 227.27 1218.47
85	'' -226.3 227.17 1213.33
86	'' -127.22 233.48 1286.96
87	'' -199.6 200.21 1327.85
88	'' -240.12 199.26 1338.95
89	'' -246.15 199.73 1301.38
90	'' -278.24 199.56 1294.95
91	'' -319.12 195.69 1349.47
92	'' -349.97 196.14 1350.82
93	'' -351.8 196.08 1350.7
94	'' -391.76 199.13 1344.99
95	'' -402.53 199.14 1311.03
96	'' -331.14 199.13 1218.46
97	'' -428.78 199.14 1406.18
98	'' -610.62 172.56 1369.48
99	'kill-endboss' -625.9 172.59 1343.25
100	'MP' -688.17 173.78 1275.5
101	'loot' -605.07 172.66 1248.25
102	'tp-hub' -600.39 172.4 1235
