1	'Buy_Key' -1431.808 59.821 634.712
2	'W1Z1Chest_1' -1734.096 66.117 539.745
3	'BuyKey' -1431.808 59.821 634.712
4	'W1Z1Chest_2' -1415.806 78.9 576.813
5	'Buy_Key' -459.772 66.745 574.951
6	'W1Z2Chest_1' -644.855 49.93 600.568
7	'Buy_Key' -459.772 66.745 574.951
8	'W1Z2Chest_2' -370.353 89.353 571.47
9	'Buy_Key' -433.323 70.952 431.788
10	'W1Z3Chest_1' -738.338 84.267 495.496
11	'Buy_Key' -433.323 70.952 431.788
12	'W1Z3Chest_2' -570.235 74.152 384.648
12	'Buy_Key' -433.323 70.952 431.788
14	'W1Z3Chest_3' -371.961 72.129 491.263
