1	'W1Z1_1' -1360.455 74.003 544.138
2	'W1Z1_2' -1363.53 68.994 584.123
3	'W1Z2_1' -792.77 66.01 606.47
4	'W1Z2_2' -120.394 66.673 610.581
5	'W1Z2_3' -794.333 65.998 606.352
6	'W1Z2_4' -708.871 66.989 647.456
7	'W1Z2_5' -561.081 67.04 631.011
8	'W1Z2_6' -549.79 77.487 589.252
9	'W1Z2_7' -418.756 62.383 589.225
10	'W1Z2_8' -309.98 81.863 661.589
11	'W1Z2_9' -316.394 66.748 566.248
12	'W1Z2_10' -532.53 103.804 662.724
13	'W1Z2_11' -464.785 66.698 573.669
14	'W1Z2_12' -58.062 76.764 554.661
15	'W1Z2_13' -299.803 96.817 571.47
16	'W1Z2_14' -80.269 87.609 604.454
17	'W1Z2_15' -93.458 87.609 597.996
18	'W1Z3_1' -1046.273 78.273 455.139
19	'W1Z3_2' -947.075 74.003 364.986
20	'W1Z3_3' -960.813 55.661 456.868
21	'W1Z3_4' -913.033 56.886 443.662
22	'W1Z3_5' -400.011 76.706 392.482
23	'W1Z3_6' -403.809 68.809 467.512
