1	'Heart1' -877.552 26.8372 441.926
2	'Heart2' -883.402 8.04278 696.748
3	'Heart3' -813.749 23.9894 739.968
4	'Heart4' -1184.72 17.2332 756.396
5	'Heart5' -1195.33 36.2302 398.881
6	'Heart6' -207.225 35.1367 374.274
7	'Heart7' -246.952 12.1721 -56.1695
8	'Heart8' -264.635 8.36789 -430.039
9	'Heart9' -648.192 43.5772 -537.237
10	'Heart10' 428.093 2.16776 -267.933
11	'Heart11' 605.939 57.9115 63.4263
12	'Heart12' 1005.69 25.1863 261.453
13	'Heart13' 932.731 64.6409 -562.296
14	'Heart14' 136.377 7.93037 416.294
15	'Heart15' 1077.52 17.2916 660.563
16	'Heart16' 888.627 6.27068 818.142
17	'Heart17' 638.861 46.4072 588.30171
