1	'Scorched-Corn1' -894.267 28.038 431.579
2	'Scorched-Corn2' -899.914 28.1023 434.053
3	'Scorched-Corn3' -923.296 29.0867 443.359
4	'Scorched-Corn3' -931.531 29.6147 437.135
5	'Scorched-Corn4' -933.331 29.6981 433.886
6	'Wurm-Mound1' -930.349 28.7492 456.719
7	'Wurm-Mound2' -933.066 28.2957 493.22
8	'Wurm-Mound3' -909.172 26.9037 477.253
9	'Wurm-Mound4' -897.205 26.948 453.296
10	'Wurm-Mound5' -886.132 27.7083 434.812
11	'Wurm-Mound6-Heart-completed' -879.169 26.337 469.041
12	'Trap1' -784.172 -0.241537 533.832
13	'Trap2' -767.257 -0.699937 550.365
14	'Trap3' -781.321 -0.459698 571.35
15	'Trap4' -821.75 -0.474627 550.002
16	'Trap5' -834.044 -0.325485 568.57
17	'Trap6' -821.98 -0.507912 586.809
18	'Trap7' -822.364 -0.551638 610.982
19	'Trap8' -843.364 -0.43803 646.956
20	'Trap9' -823.047 -0.767129 664.686
21	'Trap10' -845.226 -0.744351 671.337
22	'Trap11-iflucky-Heart-completed' -860.063 -0.814197 697.045
23	'Trap12' -880.963 -0.933588 715.604
24	'Trap13' -903.881 -0.787973 736.661
25	'Trap14' -925.14 -0.905771 750.015
26	'Trap15' -936.108 -0.871148 756.824
27	'Eggs-if-heart-notfull-kill-all-eggs' -799.208 2.17491 641.748
28	'SmallLeak1' -823.407 12.1502 750.137
29	'SmallLeak2' -790.948 28.6614 712.523
30	'SmallLeak3' -789.216 27.6564 706.674
31	'SmallLeak4' -871.08 11.0096 816.352
32	'SmallLeak5' -901.928 12.34 838.084
33	'SmallLeak6' -936.002 11.0925 850.076
34	'SmallLeak7' -1002.2 26.4566 902.245
35	'SmallLeak8' -969.902 26.0421 890.765
36	'SmallLeak9' -867.647 47.3765 863.746
37	'SmallLeak10' -857.491 46.7802 860.428
38	'AwakeningElemental1' -847.438 47.1457 853.066
39	'Elemental2-Heart-completed' -887.237 45.6053 868.508
40	'Bush1' -1177.69 35.7586 371.525
41	'Bush2' -1163.79 38.1608 353.158
42	'Bush3' -1207.23 33.7855 368.55
43	'Bush4' -1233.79 35.1159 378.625
44	'Bush5' -1248.99 36.2925 348.737
45	'Bush6' -1203.82 32.9183 336.544
46	'BUsh7' -1182.54 32.5376 326.398
47	'Killbandit1' -1162.01 23.548 276.566
48	'Killbandit2/3' -1181.83 21.0561 222.538
49	'Stolenfeed+killbandit1' -1143.06 22.1671 250.684
50	'StolenFeed2+Killbandit' -1161.86 21.031 238.607
51	'StolenFeed3&4+Killbandit' -1176.4 21.0573 218.086
52	'StolenFeed5+KillBandit' -1166.64 18.0021 168.969
53	'StolenFeed6+killbandit' -1138.14 17.6823 164.088
54	'StolenFeed7+killbandit' -1134.84 17.3002 147.241
55	'StolenFeed8+killbandit' -1148.8 17.838 186.271
56	'SpiderEggSac1' -1196.04 18.2849 611.271
57	'SpiderEggSac2' -1226.35 19.1149 609.537
58	'SpiderEggSac3' -1211.52 18.0562 629.184
59	'SpiderEggSac4' -1183.28 18.3951 643.539
60	'SpiderEggSac5' -1157.66 18.3333 647.002
61	'SpiderEggSac6' -1192.41 18.342 666.635
62	'SpiderEggSac7' -1172.09 18.448 676.42
63	'SpiderEggSac8' -1145.76 18.5358 700.143
64	'SpiderEggSac9' -1156.42 18.6755 714.992
65	'SpiderEggSac10-Heart-Done' -1183.86 18.3763 712.627
66	'Centaur-Supply-Car1' -256.301 31.766 205.167
67	'CentaurSupplyCar2' -217.742 31.9004 147.633
68	'CentaurSupplyCar3' -148.01 29.4796 134.99
69	'CentaurSupplyCar4' -80.6107 32.0462 64.7273
70	'PileDirt1' -121.701 37.9267 51.0964
71	'LostTrinket1&2' -136.358 38.0648 57.6799
72	'LostTrinket3/6' -131.867 38.0465 55.3339
73	'LostTrinket7' -53.617 31.3376 99.5342
74	'LostTrinket8/10+PileofDirt' -43.3911 31.8776 102.72
75	'PileofDirt' -37.1907 36.0906 173.006
76	'LostTrinkets11/13Heart-Completed' -49.7323 37.3982 177.083
77	'Kill-Boar-Veteran-near-this-coord-20%/100%-after-kill' 552.458 30.8634 609.242
78	'Shiny1' 133.191 16.3139 242.453
79	'Shiny2' 138.233 13.7817 232.469
80	'Shiny3' 138.292 12.8576 226.451
81	'Shiny4' 141.351 13.2955 222.112
82	'SHiny5' 138.314 12.1765 212.991
83	'Shiny6' 65.3692 23.9348 301.525
84	'Shiny7' 55.2639 24.6995 304.791
85	'Shiny8' 48.1466 25.9995 307.781
86	'Shiny9' 93.7916 24.0342 339.237
87	'Kill' 57.9234 27.5748 299.256
88	'Kill2' 51 25.401 310.055
89	'Kill3' 85.709 21.382 315.358
90	'Kill4' 90.8013 19.8069 291.057
91	'Kill5' 122.03 15.0221 257.18
92	'Kill6' 46.8201 41.9821 252.333
93	'Kill7' 32.2944 51.4007 248.687
94	'Kill8' 77.2408 20.6197 241.011
95	'Kill9' 126.111 12.2801 217.258
96	'Shinyagainifrespawned1' 132.82 16.2598 243.46
97	'Shinyifrespawned2-Heart-Completed' 138.003 14.0402 233.382
98	'Nest1' 1144.6 18.4663 657.8
99	'Painting2' 1143.15 18.234 661.461
100	'Nest3' 1153.12 20.5087 645.494
101	'Nest4' 1220.4 33.917 671.2
102	'Rat5' 1135.87 18.5914 677.005
103	'Painting6' 1126.49 18.5869 686.353
104	'Nest7' 1098.27 17.8171 703.103
105	'Rat8' 1090.46 17.738 710.396
106	'Nest9' 1102.22 23.4321 737.182
107	'Rat10' 1109.29 23.8006 735.218
108	'Nest11' 1117.07 29.1076 751.066
109	'Nest12' 1152.58 29.5774 730.809
110	'Painting13' 1164.15 28.7203 725.106
111	'Painting14' 1167.31 28.3969 696.254
112	'Rat15' 1165.25 27.939 689.528
113	'Rat16' 1192.57 29.0459 736.73
114	'Nest17' 1199.13 30.1326 732.429
115	'Nest18' 1236.14 34.0199 728.714
116	'Rat19' 1210.84 31.2546 713.658
117	'Rat20' 1211.87 30.847 702.791
118	'Rat21' 1257.61 34.0541 689.31
119	'Nest22' 1202.94 31.7791 682.658
120	'Rat23' 1126.44 18.0814 625.663
121	'Nest24-Heart-Completed' 1089.79 17.7114 674.037
122	'Killskale1+reviveFisher1' 889.764 -1.17032 637.509
123	'KillSkale2' 886.19 0.947247 556.594
124	'KillSkale3' 844.073 4.0553 567.906
125	'KillSkale4' 847.118 1.78734 616.672
126	'KillSKale5' 838.668 2.82922 594.739141	
127	'KillSkale6' 890.071 1.29498 699.924
128	'KillArmoredFish7' 928.078 -30.4989 768.323
129	'kIllSkale8' 864.119 -15.7276 769.171
130	'PutCrabin-Cage' 912.453 -7.59754 694.714
131	'KillSkale9' 945.347 1.00001 595.138
132	'KillSkale10' 920.409 -0.897197 620.956
133	'PutCrabinCage11' 929.239 -42.4321 735.476
134	'KillSkale12' 917.704 -48.3069 758.142
135	'KillSkale13' 834.779 -5.05481 792.898
136	'PutCrabinCage14-Heart-Completed' 807.096 -4.76279 778.958
137	'Rat1' -252.498 12.1171 -31.4429
138	'Document2' -242.97 12.2985 -44.7952
139	'Document3' -242.625 12.1727 -52.4542
140	'Document4' -247.276 12.172 -62.4863
141	'Rat5' -235.765 12.172 -64.9344
142	'Rat6' -254.215 12.1724 -63.7864
143	'Rat7' -267.243 12.3066 -48.9538
144	'Rat8' -281.516 11.7367 -25.882
145	'Rat9' -294.824 12.1481 -25.2948
146	'Document10' -293.164 12.1426 -18.164
147	'Rat11' -291.984 12.1395 -19.2386
148	'Document12' -273.503 12.169 -15.5657
149	'Rat13' -294.378 12.1661 -13.9473
150	'Stakes14' -358.183 3.34337 -75.8036
151	'DeathMarker15' -390.282 1.11829 -83.4991
152	'Stakes16' -405.421 1.09324 -87.3881
153	'Stakes17' -423.452 0.898604 -80.7507
154	'Stakes18' -438.803 1.03733 -87.7776
155	'DeathMarker19' -453.43 1.39019 -85.312
156	'DeathMarker20' -486.787 1.86724 -88.0639
157	'Stakes21' -520.629 2.34524 -96.1765
158	'Stakes22' -530.34 3.07796 -112.679
159	'DeathMarker23' -558.519 7.59386 -131.429
160	'Stakes24-Heart-Completed' -574.466 9.68547 -128.906
161	'TakeaRifle-anddoWhattheSoldiersays-Heartcompleted-after-many-times' -661.806 43.4661 -525.575
162	'KillRack1' -192.986 40.1929 -636.713
163	'KillSupplies2' -173.602 42.6584 -665.776
164	'KillRack3' -167.002 42.7883 -678.162
165	'KillSupplies4' -178.354 42.768 -686.792
166	'KillRack5' -209.966 42.8129 -675.69
167	'KillSupplies6' -205.839 42.6961 -672.985
168	'KillRack7' -203.704 42.7806 -658.983
169	'KillRack&Supplies8' -105.673 39.208 -637.656
170	'KillRack9' -101.349 38.5442 -626.7
171	'KillSupplies11' -142.79 40.7412 -582.775
172	'KillRack12' -65.8327 61.2941 -529.174
173	'KillRack13' -82.4447 61.1486 -522.392
174	'KillRack14' -183.45 45.6881 -590.853
175	'KillSupplies15-Heart-completed' -175.622 45.6455 -595.222
176	'HelpSpirit1' 195.404 -0.777987 -354.299
177	'HelpSpirit2' 211.062 -0.396542 -368.819
178	'HelpSpirit3' 258.851 -0.300065 -439.246
179	'HelpSpirit4' 489.259 -0.499881 -578.502
180	'HelpSpirit5' 364.2 -0.134519 -678.229
181	'HelpSpirit6' 227.331 -0.586584 -588.22
182	'HelpSPirit7' 182.988 -0.586582 -533.886
183	'Spirit-8&9-may-be-not-onthe-exactspot-they-are-running' 194.889 -0.538535 -360.374
184	'HelpSpirit10' 374.433 -0.840905 -295.811
185	'CLoseportal12' 338.303 -0.888544 -220.361
186	'HelpSPirit13' 405.121 -0.881866 -204.028
187	'HelpSpirit14' 431.782 -0.491647 -325.494
188	'HelpSpirit15' 445.03 0.330228 -403.917
189	'HelpSpirit16' 558.095 2.16102 -361.851
190	'Closeportal&killmob' 500.799 0.751752 -304.411
191	'HelpSpirit16' 464.399 2.78104 -403.379
192	'HelpSPirit17' 496.094 -0.847117 -563.867
193	'HelpSPirit18' 627.5 -0.90711 -531.311
194	'HelpSpirit19' 684.329 -0.85458 -502.546
195	'HelpSpirit20' 608.866 -0.792497 -430.058
196	'HelpSpirit21' 404.8 -0.88235 -202.007
197	'HelpSPirit22-He-is-walkingalittle' 330.775 -0.867721 -316.268
198	'HelpSPirit23-Heart-completed' 268.628 -0.29781 -444.828
199	'Kill-The-Veteran-Boar-near-this-coord-40%/100%-Heart-after-kill' 670.346 65.2707 479.313
200	'GrabTailandKIll1' 551.967 44.9312 16.8343
201	'GrabTailandKill2' 556.62 44.8472 -23.4709
202	'GrabTail3andkill' 582.464 44.7302 -22.2652
203	'GrabTailandKill4' 606.74 46.6746 -0.528877
204	'TalktoEttin1-option1' 883.907 65.0395 -596.121
205	'TalktoEttin2-Option3' 868.957 67.2363 -650.475
206	'TalkEttin3' 907.849 63.1586 -642.026
207	'TalkEttin4-Option1' 929.087 62.0099 -657.807
208	'TalkEttin5' 863.542 70.1587 -679.348
209	'TalkEttin6-Option3' 827.103 70.9392 -673.679
210	'TalkEttin7' 921.667 66.657 -690.538
211	'Kill-The-Veteran-Boar-near-this-Coord-60%/100%-after-kill' 660.318 31.3009 683.946
212	'Grab-Tail1again-aftersome-time' 551.87 44.8951 15.7267
213	'Grab-Tail2-again' 557.022 44.8471 -22.4841
214	'Grabtail3again-aftersometime' 583.242 44.7168 -22.524
215	'Grabtail4-again' 607.211 46.674 -0.978954
216	'Killthe3-Tamini' 1120.88 92.2191 -532.154
217	'KillTHeVeteran-Heart-Completed' 1120.37 78.5316 -627.086
218	'Kill-All-Tamini-Heart-Completed-Did-you-loot-the-Chest?' 969.038 111.084 -269.227
219	'Tail1again' 551.56 44.9349 16.7258
220	'Tail2again' 556.785 44.8503 -23.3414
221	'Tail3again' 582.626 44.7349 -22.536
222	'Tail4again' 606.062 46.6724 -2.53363
223	'Talkand-drink-the-wine-HEart-completed' 576.123 45.1379 69.8016
224	'Kill-Boar-Near-coord-80%/100%-of-Heart' 552.458 30.8634 609.242
225	'Kill-All-Tamini-Heart-Completed-Did-you-loot-the-Chest?' 969.038 111.084 -269.227
226	'Give-NPC-The-Stolen-Goods' -1195.99 36.4127 397.696
227	'Extra-Rat' 1019.17 16.7818 686.793
228	'Extra-Rat' 966.994 11.9871 737.897
229	'Extra-Painting' 1045.35 17.1491 670.045
230	'Extra-Rat' 1049.42 17.5561 653.794
231	'Extra-Painting' 1046.13 17.5343 658.584
232	'Skale' 924.939 -0.838508 600.421
233	'Skale' 949.27 1.00912 569.919
234	'Skale' 925.397 0.249665 549.083
235	'Skale' 913.237 -0.83431 576.883
236	'Skale' 888.811 -0.837752 591.747
237	'Skale' 870.509 0.122617 574.448
238	'Skale' 843.314 3.95963 569.662
239	'Skale' 846.506 1.85736 616.949235	
240	'Extra-Spike' -613.747 13.1552 -133.547
241	'Extra-Death-Marker' -611.849 15.1038 -150.382
242	'Extra-Weapon-Rack' -149.277 39.0063 -650.747
243	'Extra-Rack&Supplies' -137.645 39.1161 -664.137
244	'Extra-Supplies' -149.9 39.1125 -669.613
245	'Extra-Portal&mobs' 280.507 -0.796391 -504.765
246	'Extra-Portal&Mobs' 385.246 -1.02324 -479.02
247	'Extra-Portal&mobs' 430.01 0.769454 -555.46
248	'Extra-Spirit' 230.027 -0.57886 -588.605
249	'Extra-Spirit' 180.709 -0.586578 -536.076
250	'Shiny-Extra' 133.191 16.3139 242.453
251	'Shiny-Extra' 138.233 13.7817 232.469
252	'Shiny-Extra' 138.292 12.8576 226.451
253	'Shiny-Extra' 141.351 13.2955 222.112
254	'Shiny-Extra' 138.314 12.1765 212.991
255	'Shiny-Extra' 65.3692 23.9348 301.525
256	'Shiny-Extra' 55.2639 24.6995 304.791
257	'Shiny-Extra' 48.1466 25.9995 307.781
258	'Shiny-Extra' 93.7916 24.0342 339.237
259	'Kill-Boar-Veteran-100%/100%-Heart-completed' 670.346 65.2707 479.313
