1	'PoI1' -591.461 26.1989 452.497
2	'PoI2' -923.42 26.9393 492.12
3	'PoI3' -1189.98 18.1522 678.865
4	'PoI4' -1177.94 33.2901 436.395
5	'PoI5' -764.729 85.8046 160.913
6	'PoI6' -263.231 12.1844 -51.1039
7	'PoI7' -530.162 10.0973 -188.383
8	'PoI8' -125.248 4.57678 -289.324
9	'PoI9' -901.172 7.25981 -307.023
10	'PoI10' -978.809 3.2441 -625.214
11	'PoI11' 896.248 42.7657 332.864
12	'PoI12' 670.146 46.485 569.143
13	'PoI13' 465.408 47.5975 267.003
14	'PoI14' 824.921 53.7266 35.9766
15	'PoI15' 575.065 44.7524 39.3519
16	'PoI16' 930.827 113.615 -231.008
17	'PoI17' 1243.51 96.0258 -167.624
18	'PoI18' 1096.45 72.8461 -642.937
19	'PoI19' 862.296 71.1632 -754.859
20	'PoI20' 552.905 3.26641 -348.356
21	'PoI21' 372.17 3.1816 -405.28338
