1	'WP1' -515.731 42.8152 541.647
2	'WP2' -793.985 27.3808 443.78
3	'WP3' -1164.57 18.1878 601.821
4	'WP4' -241.001 35.1679 381.666
5	'WP5' -203.04 3.74212 88.7285
6	'WP6' 550.858 44.8659 173.746
7	'WP7' 223.878 1.16072 521.537
8	'WP8' 1165.02 26.1938 668.529
9	'WP9' 956.064 36.9748 123.227
10	'WP10' 643.964 2.4362 -332.162
11	'WP11' 407.282 8.49944 -769.053
12	'WP12' 99.6059 35.7281 -370.835
13	'WP13' -132.361 42.5025 -571.051
14	'WP14' -623.817 15.3454 -154.954
15	'WP15' -700.615 43.063 -495.343
16	'WP16' -1064.74 25.7613 -287.915
