1	'Jade_Battery' 632.05 9.24 -682.26
2	'Jade_Battery' -1063.86 166.26 -78.18
3	'01' -788.55 218.54 260.9
4	'02' 1244.01 110.01 77.9
5	'03' -139.03 200.33 871.24
6	'04' -582.44 200.77 -410.7
7	'Jade_Battery' 1282.73 4.84 -665.14
8	'Jade_Battery' 345.68 301.57 457.8
9	'05' 1298.46 10.32 -637.56
10	'06' 343.03 303.14 424.76
11	'07(stealth)' 460.92 122.78 203.88
12	'08(stealth)' 562.74 190.21 284.49
13	'Jade_Battery' 1254.67 7.83 -605.38
14	'Jade_Battery' -175.5 115.28 4.1
15	'09' 871.07 324.48 643.47
16	'10' 124.45 234.9 -621.7
17	'11' -399.18 171.47 -550.83
18	'12' 93.37 274.51 -320.08
19	'Jade_Battery' 1380.19 31.49 -725.67
20	'Jade_Battery' -72.71 118.22 -34.09
21	'13' -65.74 145.04 -844.71
22	'Heart_NPC_1' 51.01 214.67 649.57
23	'14(heart)' 184.76 266.03 834.94
24	'15' 380.06 252.12 895.59
25	'16' 58.65 362.09 610.48
26	'Jade_Battery' 1287.87 50.12 -777.81
27	'Jade_Battery' 99.3 149.19 78.62
28	'Heart_NPC_1' 51.01 214.67 649.57
29	'17(heart)' 101.77 207.06 771.56
30	'18' 3.31 222.64 169.92
31	'19' 67.62 144.82 37.46
32	'20' -126.63 112.86 1.09
33	'Jade_Battery' 1244.33 82.44 -864.76
34	'Jade_Battery' 18.21 146.17 46.43
35	'21' -227.42 184.9 175.73
36	'22' -351.33 265.33 339.89
37	'23' 363.54 286.11 146.23
38	'24' 804.48 3.68 -567.84
39	'Jade_Battery' 1385.8 81.78 -750.08
40	'Jade_Battery' -9.84 198.62 134.42
41	'25' 626.74 6.04 -807.69
42	'26' 1315.72 35.96 -113.09
43	'27' 757.49 14.22 119.91
44	'28' 529.02 219.4 -46.37
45	'Jade_Battery' 811.35 3.73 -561.28
46	'Jade_Battery' -647.93 1.56 -841.59
47	'29' 359.03 169.03 -283.07
48	'30' 988.97 117.5 -79.48
49	'31' 516.23 75.24 -345.22
50	'32' 1280.36 50.16 -771.98
51	'Jade_Battery' 1149.83 127.68 43.82
52	'Jade_Battery' -128.99 200.33 872.42
53	'33' 1046.49 114.74 -764.09
54	'34' 1262.5 5.12 908.65
55	'35' 1280.48 28.98 154.81
56	'36' 1292.75 13.4 522.65
57	'Jade_Battery' 1191.44 142.56 174.37
58	'Jade_Battery' -847.22 213.47 54.04
59	'37' -325.75 184.99 16.1
60	'38' -1027.5 164.69 -157.82
61	'39' -285.86 184.32 -189.62
62	'40' -519.16 196.92 -373.32
63	'Jade_Battery' 1357.01 112.66 53.93
64	'Jade_Battery' -810.52 206.81 146.87
65	'41' -522.41 142.16 -128.83
66	'Heart_NPC_2' -1074.57 219.65 -538.14
67	'42(heart)' -1240.2 207.61 -770.5
68	'43' -950.15 245.84 -830.09
69	'44' -628.13 388.58 -646.54
70	'Jade_Battery' 1178.69 84.73 615.76
71	'Jade_Battery' 323.11 245.4 730.23
72	'Heart_NPC_2' -1074.57 219.65 -538.14
73	'45(heart)' -1238.56 199.46 -616.51
74	'46' -646.7 1.56 -882.11
75	'47' -1347.94 215.48 186.88
76	'48' -724.92 202.58 743.24
77	'Jade_Battery' 1219.87 55.88 521.31
78	'Jade_Battery' -602.44 201.94 -414.97
79	'49' -744.16 204.57 138.17
80	'50' -471.75 261.29 843.8
81	'51' 1246.52 7.56 -651.13
82	'52' -1069.25 219.65 -542.47
83	'Jade_Battery' 1256.19 33.05 526.34
84	'Jade_Battery' -582.91 202.23 -420.3
85	'53' 50.46 213.95 639.7
86	'54' 206.02 1.41 -878.51
87	'55' -870.31 239.74 19.5
88	'56' -1077.5 273.34 -590.94
89	'Station' -1044.12 218.18 -559.94
90	'Jade_Battery' 1245.04 19.52 627.03
91	'Jade_Battery' 1358.34 1.34 693.91
92	'57' -431.9 240.06 821
93	'58' 1277.7 122.71 -819.25
94	'59' -130.68 251.35 -69.35
