1	'7' -837.85 304.47 486.97
2	'1' -726.08 218.58 563.33
3	'27_-_need_4_columns_nearby' -460.29 274.97 717.22
4	'13_Center_Left_Right_trees' -264.67 220.5 779.87
5	'waypoint' 1177.78 84.68 635.38
6	'35' 1168.64 84.54 589.59
7	'21' 1110.17 147.45 584.88
8	'20' 834.74 204.22 538.83
9	'19' 462.68 285.49 718.32
10	'8' 1372.39 115.72 107.74
11	'9' 1027.03 233.75 250.57
12	'10' 899.32 128.23 -123.77
13	'22' 1056.58 205.53 -72.59
14	'23' 634.05 104.15 -283.45
15	'34' 337.68 240.13 -376.52
16	'28_interact_with_4_rocks' 242.22 242.15 -363.32
17	'4' 73.27 274.28 -335.93
18	'waypoint' 1303.01 9.55 -644.93
19	'5' 1052.84 114.45 -755.96
20	'25' 1249.65 109.48 -756.87
21	'24' 772.35 48.67 -680.88
22	'waypoint' -594.51 201.81 -407.15
23	'17' -497 207.65 -480.1
24	'33' -370.69 218.7 -597.88
25	'31__mulitple_stones_in_the_water' -3.94 156.08 -875.73
26	'30_mulitple_stones_in_the_water' -688.33 252.11 -850.72
27	'11_Interact_with_Bamboo_(right,_middle,_lef' -952.87 245.84 -829.12
28	'16' -1020.39 243.23 -514.67
29	'6' -989 277.53 -412.72
30	'32_interact_with_rocks' -907.5 155.67 -261.64
31	'15' -1281.86 200.28 -182.24
32	'waypoint' -810.82 205.06 100.53
33	'2' -796.97 233.57 185.2
34	'14' -1019.06 259.64 213.97
35	'12_Bamboo_(center,_left,_right)' -1358.33 275.47 85.55
36	'26' -1365.37 237.54 207.32
37	'29_interact_with_rocks' -466.41 231.82 -137.24
38	'3' -438.11 255.37 185.46
39	'18' 16.38 258.26 301.8
