1	'Heart1' -449.928 137.314 1309.24
2	'Heart2' -228.376 78.8981 1499.59
3	'Heart3' 179.228 160.233 1619.87
4	'Heart4' -95.1374 99.8917 1044.26
5	'Heart5' 501.84 217.649 982.283
6	'Heart6' 560.787 205.44 394.993
7	'Heart7' 454.324 167.428 326.938
8	'Heart8' -352.679 69.9487 200.77
9	'Heart9' -106.348 127.8 -198.514
10	'Heart10' -228.082 0.441652 -786.939
11	'Heart11' 158.416 125.141 -632.493
12	'Heart12' 442.775 136.486 -711.682
13	'Heart13' -384.775 -3.90379 -1199.98
14	'Heart14' -67.362 81.5415 -1554.24
15	'Heart15' 447.108 110.551 -1336.32
