1	'start_round3' 18.444 8.872 296.882
2	'round3_loot1' 44.426 32.042 334.675
3	'round3_loot2' 65.561 34.752 336.775
4	'round3_loot3' 117.62 24.249 309.057
5	'round3_loot4' 123.702 24.903 306.197
6	'round3_loot5' 127.797 27.073 303.573
7	'round3_loot6' 87.501 49.272 319.237
8	'round3_loot7' 84.081 50.209 317.248
9	'round3_loot8' 76.504 47.273 312.597
10	'round3_loot9' 138.649 55.558 272.52
11	'round3_loot10' 143.038 56.608 266.775
12	'round3_loot11' 146.584 57.614 261.515
13	'round3_loot12' 191.849 61.215 233.533
14	'round3_loot13' 189.38 79.862 247.478
15	'round3_loot14' 174.169 75.459 217.715
16	'round3_loot15' 170.563 75.524 214.984
17	'round3_loot16' 166.248 75.613 214.797
18	'round3_loot17' 218.683 64.984 173.738
19	'round3_loot18' 214.514 67.042 170.45
20	'round3_loot19' 218.141 66.764 167.301
21	'round3_loot20' 221.347 64.858 168.839
22	'round3_loot21' 192.793 63.911 163.624
23	'round3_loot22' 190.408 64.917 132.732
24	'round3_loot23' 159.287 67.576 157.042
25	'round3_loot24' 161.176 69.174 160.56
26	'round3_loot25' 162.164 69.742 163.984
27	'round3_loot26' 139.03 61.405 185.005
28	'round3_loot27' 135.07 59.162 190.347
29	'round3_loot28' 130.595 58.04 196.892
30	'round3_loot29' 125.387 57.4 203.349
31	'round3_loot30' 99.109 54.273 207.207
32	'round3_loot31' 88.805 52.704 328.585
33	'round3_loot32' 50.428 97.582 337.219
34	'round3_loot33' 31.505 105.479 313.959
35	'round3_loot34' 29 107.173 310.645
36	'round3_loot35' 31.12 105.571 307.512
37	'round3_loot36' 34.537 106.626 310.107
38	'round3_loot37' 32.74 93.755 284.245
39	'round3_loot38' 17.752 94.655 285.549
40	'round3_loot39' -14.834 99.356 256.87
41	'round3_loot40' -15.566 94.864 344.093
42	'round3_loot41' -43.463 98.347 334.637
43	'round3_loot42' -46.611 99.929 334.961
44	'round3_loot43' -49.129 100.024 335.219
45	'round3_loot44' -63.903 76.499 335.148
46	'round3_loot45' -98.246 102.188 344.005
47	'round3_loot46' -99.402 102.601 350.776
48	'round3_loot47' -101.107 103.737 358.704
49	'round3_loot48' -91.84 118.045 337.914
50	'round3_loot49' -134.881 122.24 322.383
51	'round3_loot50' -129.333 122.331 316.416
52	'round3_loot51' -108.756 134.791 344.047
53	'round3_loot52' -107.022 135.246 341.85
54	'round3_loot53' -105.524 136.262 339.727
55	'round3_loot54' 5.74 158.375 179.519
56	'round3_loot55' 16.049 144.155 172.77
57	'round3_loot56' 8.479 145.171 110.214
58	'round3_loot57' -27.682 157.845 194.475
59	'round3_loot58' -8.067 156.916 194.646
60	'round3_loot59' -69.041 163.149 175.706
61	'round3_loot60' -80.871 157.247 176.597
62	'round3_loot61' -80.043 136.05 200.191
63	'round3_loot62' -80.148 138.399 222.471
64	'round3_loot63' -88.502 139.416 230.462
65	'round3_loot64' -94.416 139.283 236.242
66	'round3_loot65' -129.716 150.03 233.079
67	'round3_loot66' -133.846 152.945 232.652
68	'round3_loot67' -138.742 152.622 231.661
69	'round3_loot68' -147.931 140.581 236.25
70	'round3_loot69' -123.549 135.54 266.149
71	'round3_loot70' -129.881 135.276 271.256
72	'round3_loot71' -118.117 135.239 272.648
73	'round3_loot72' -123.911 154.322 249.861
74	'round3_loot73' -129.733 165.06 283.979
75	'round3_loot74' -113.788 169.932 282.017
76	'round3_loot75' -142.785 139.419 296.601
77	'round3_loot76' -147.09 138.462 294.481
78	'round3_loot77' -151.941 139.509 291.204
79	'round3_loot78' -164.898 134.154 268.043
80	'round3_loot79' -203.223 145.528 246.938
81	'round3_loot80' -170.053 157.23 269.943
82	'round3_loot81' -41.577 168.948 168.721
83	'round3_loot82' -156.891 127.194 227.171
84	'round3_loot83' -205.397 127.038 236.784
85	'round3_loot84' -131.16 147.18 287.625
86	'round3_loot85' -61.957 108.162 350.772
87	'round3_loot86' -61.957 104.802 350.772
88	'round3_loot87' -61.957 99.817 350.772
89	'round3_loot88' -125.445 135.567 312.909
90	'round3_loot89' -124.959 134.809 317.392
91	'round3_loot90' -125.044 135.577 309.272
92	'round3_loot91' -68.058 122.229 332.967
93	'round3_loot92' -32.704 106.259 323.076
94	'round3_loot93' 73.434 93.986 285.198
95	'round3_loot94' 87.41 62.726 270.315
96	'round3_loot95' 78.018 67.81 278.744
97	'round3_loot96' 66.497 72.451 282.744
98	'round3_loot97' 80.585 57.8 297.2
99	'round3_loot98' 80.461 63.443 297.664
100	'round3_loot99' 80.461 67.371 297.664
101	'round3_loot100' 113.669 55.899 277.041
102	'round3_loot101' 113.669 62.108 277.041
103	'round3_loot102' 113.646 58.895 277.01
104	'round3_loot103' 116.98 55.447 281.959
105	'round3_loot104' 122.336 79.773 280.585
106	'round3_loot105' 127.143 53.873 298.662
107	'round3_loot106' 106.239 63.103 243.646
108	'round3_loot107' 107.718 63.914 241.13
109	'round3_loot108' 109.204 63.632 238.232
110	'round3_loot109' 186.478 21.896 343.483
111	'round3_loot110' 147.268 70.818 248.691
112	'round3_loot111' 143.861 69.385 166.731
113	'round3_loot112' 89.001 55.132 206.133
114	'round3_loot113' 122.619 64.945 219.331
115	'round3_loot114' 274.528 44.97 192.686
116	'finish_round3' 8.455 145.159 110.09
117	'' 18.74 116.09 102.74
118	'' -100.66 103.94 358.94
119	'' -99.64 102.78 352.29
