1	'start_round1' -46.145 1.776 285.268
2	'round1_loot1' -24.974 15.665 243.645
3	'round1_loot2' -27.405 15.93 242.376
4	'round1_loot3' -25.892 15.626 239.661
5	'round1_loot4' -23.121 15.912 241.287
6	'round1_loot5' -2.557 16.66 236.525
7	'round1_loot6' 48.982 16.576 229.715
8	'round1_loot7' 48.783 25.542 219.892
9	'round1_loot8' 54.355 23.852 218.113
10	'round1_loot9' 58.534 22.584 216.78
11	'round1_loot10' 115.285 24.899 164.731
12	'round1_loot11' 115.285 29.353 164.731
13	'round1_loot12' 115.285 33.458 164.731
14	'round1_loot13' 50.314 0.61 101.7
15	'round1_loot14' 50.314 6.818 101.7
16	'round1_loot15' 50.314 10.676 101.7
17	'round1_loot16' -43.655 0.753 89.393
18	'round1_loot17' -64.928 3.73 107.513
19	'round1_loot18' 66.35 -0.7 26.593
20	'round1_loot19' 118.697 2.469 51.952
21	'round1_loot20' 126.355 0.684 60.96
22	'round1_loot21' 132.657 0.165 68.257
23	'round1_loot22' 101.43 14.939 281.859
24	'round1_loot23' 44.739 21.313 263.82
25	'round1_loot24' 20.897 32.979 278.428
26	'round1_loot25' 11.524 32.993 282.196
27	'round1_loot26' 3.048 33.484 285.144
28	'round1_loot27' -4.161 26.5 286.898
29	'round1_loot28' -4.408 22.287 286.961
30	'round1_loot29' -4.237 18.964 286.823
31	'round1_loot30' -41.339 9.738 271.246
32	'round1_loot31' -65.324 22.101 307.69
33	'round1_loot32' -98.591 18.839 321.717
34	'round1_loot33' -86.027 25.993 315.402
35	'round1_loot34' -97.532 27.947 335.204
36	'round1_loot35' -81.726 28.68 352.743
37	'round1_loot36' -161.604 16.044 336.036
38	'round1_loot37' -144.264 17.265 315.155
39	'round1_loot38' -160.021 17.302 297.427
40	'round1_loot39' -179.512 13.934 312.166
41	'round1_loot40' -221.771 2.933 227.512
42	'round1_loot41' -214.779 3.419 214.599
43	'round1_loot42' -209.276 3.42 205.588
44	'round1_loot43' -262.273 -1.382 303.369
45	'round1_loot44' -284.421 -2.808 299.636
46	'round1_loot45' -154.627 2.839 210.426
47	'round1_loot46' -154.44 10.383 210.041
48	'round1_loot47' -154.314 18.658 210.055
49	'round1_loot48' -61.688 11.513 171.149
50	'round1_loot49' -70.243 11.298 176.266
51	'round1_loot50' -75.469 10.429 179.296
52	'round1_loot51' 73.825 9.105 55.271
53	'round1_loot52' 69.742 8.87 57.563
54	'round1_loot53' 127.132 13.194 88.463
55	'round1_loot54' 131.844 14.796 94.875
56	'round1_loot55' 133.803 13.988 98.386
57	'round1_loot56' 154.22 30.664 99.503
58	'round1_loot57' 254.154 16.368 112.012
59	'round1_loot58' 258.209 20.464 106.739
60	'round1_loot59' 261.985 18.575 102.895
61	'round1_loot60' 93.267 25.254 196.642
62	'round1_loot61' 90.806 27.423 204.182
63	'round1_loot62' 89.531 26.193 210.017
64	'round1_loot63' 71.031 11.806 248.09
65	'round1_loot64' 56.176 7.024 207.679
66	'round1_loot65' 64.838 28.656 262.638
67	'round1_loot66' -76.745 -25.976 206.891
68	'round1_loot67' 11.569 -22.786 229.226
69	'round1_loot68' -54.423 1.898 98.864
70	'round1_loot69' -203.664 15.295 263.964
71	'finish_round1' 11.368 -22.807 229.335
72	'' 132.88 0.15 68.39
73	'' -32.33 16.31 295.41
