1	'Tornflier' -31.8 64.164 107.395
2	'Tornflier' -93.689 144.352 287.134
3	'Tornflier' 122.524 79.077 278.863
4	'Tornflier' -27.269 114.076 325.646
5	'Tornflier' 183.546 61.608 254.506
6	'Tornflier' -77.379 104.362 329.547
7	'Tornflier' -132.616 123.057 325.884
8	'Tornflier' -43.196 2.503 271.283
9	'Tornflier' -67.958 138.609 157.779
10	'Tornflier' -17.086 140.961 198.526
11	'Tornflier' 37.781 2.014 232.127
12	'Tornflier' 75.605 1.22 230.335
13	'Tornflier' 37.823 10.399 313.893
14	'Tornflier' -143.298 141.877 238.494
15	'Tornflier' -105.04 133.627 294.266
16	'Tornflier' -147.45 123.207 294.665
17	'Tornflier' -216.202 110.014 238.531
18	'Tornflier' -175.32 128.294 225.119
19	'Tornflier' -26.286 152.657 109.891
20	'Tornflier' 8.819 39.749 -12.113
21	'Tornflier' -112.316 121.964 368.506
22	'Tornflier' -65.536 76.33 333.442
23	'Tornflier' -30.071 68.854 328.121
24	'Tornflier' -5.71 93.605 299.205
25	'Tornflier' 38.925 94.858 297.936
26	'Tornflier' 127.125 97.892 311.273
27	'Tornflier' 126.074 75.067 212.252
28	'Tornflier' 143.466 53.528 127.776
29	'Tornflier' 76.23 55.828 323.871
30	'Tornflier' -30.257 5.615 234.493
31	'Tornflier' 11.909 -21.653 222.814
