1	'start_round2' -115.613 0.789 -42.549
2	'round2_loot1' -118.068 0.907 -49.592
3	'round2_loot2' -120.284 0.795 -56.98
4	'round2_loot3' -122.303 0.499 -63.28
5	'round2_loot4' -134.645 21.382 -128.69
6	'round2_loot5' -188.219 1.95 -202.089
7	'round2_loot6' -196.509 3.302 -213.054
8	'round2_loot7' -193.994 2.842 -222.795
9	'round2_loot8' -257.002 14.6 -284.517
10	'round2_loot9' -263.111 16.254 -285.515
11	'round2_loot10' -214.817 27.18 -256.856
12	'round2_loot11' -130.437 28.368 -229.256
13	'round2_loot12' -130.437 36.927 -229.256
14	'round2_loot13' -122.045 54.547 -235.819
15	'round2_loot14' -122.045 58.565 -235.819
16	'round2_loot15' -122.143 48.945 -235.63
17	'round2_loot16' -82.344 1.693 -204.456
18	'round2_loot17' -78.351 1.693 -204.422
19	'round2_loot18' -74.349 1.693 -204.397
20	'round2_loot19' -55.497 -31.063 -257.038
21	'round2_loot20' -58.441 -34.58 -300.758
22	'round2_loot21' -98.851 -43.1 -302.274
23	'round2_loot22' -3.428 -35.267 -275.064
24	'round2_loot23' 21.555 -27.94 -287.429
25	'round2_loot24' 41.553 -14.148 -248.554
26	'round2_loot25' 42.054 -8.748 -222.963
27	'round2_loot26' -56.634 -15.262 -54.578
28	'round2_loot27' -76.246 1.693 -105.733
29	'round2_loot28' -60.643 -17.842 -186.308
30	'round2_loot29' -5.953 -17.631 -175.759
31	'round2_loot30' 75.547 -22.369 -149.702
32	'round2_loot31' 116.194 -1.492 -121.49
33	'round2_loot32' 122.542 12.601 -107.159
34	'round2_loot33' 121.037 12.029 -109.761
35	'round2_loot34' 119.242 9.335 -112.331
36	'round2_loot35' 175.023 17.518 -85.479
37	'round2_loot36' 218.144 -4.71 -106.818
38	'round2_loot37' 179.464 1.195 -152.119
39	'round2_loot38' 179.321 1.112 -163.597
40	'round2_loot39' 180.015 1.696 -176.406
41	'round2_loot40' 218.423 17.407 -209.014
42	'round2_loot41' 185.743 19.727 -223.009
43	'round2_loot42' 216.323 8.873 -267.011
44	'round2_loot43' 298.107 -18.626 -276.991
45	'round2_loot44' 263.338 -18.051 -318.466
46	'round2_loot45' 128.274 -3.155 -243.034
47	'round2_loot46' 116.562 1.693 -235.332
48	'round2_loot47' 122.992 1.693 -226.641
49	'round2_loot48' 127.776 1.693 -217.891
50	'round2_loot49' 84.488 1.693 -172.977
51	'round2_loot50' 75.866 1.693 -173.654
52	'round2_loot51' 68.916 1.693 -173.797
53	'round2_loot52' 87.923 -3.062 -236.755
54	'round2_loot53' 103.988 0.848 -273.053
55	'round2_loot54' 107.597 0.658 -277.231
56	'round2_loot55' 113.625 0.519 -274.091
57	'round2_loot56' 109.461 0.657 -269.241
58	'round2_loot57' 48.466 22.176 -229.601
59	'round2_loot58' 49.952 19.932 -251.633
60	'round2_loot59' 49.952 15.136 -251.633
61	'round2_loot60' 49.952 9.273 -251.633
62	'round2_loot61' -268.9 13.015 -286.198
63	'round2_loot62' 36.662 -10.873 -99.219
64	'round2_loot63' 17.449 -27.596 -137.967
65	'round2_loot64' 65.397 -29.174 -181.208
66	'round2_loot65' 10.063 2.285 -156.748
67	'round2_loot66' 12.014 14.208 -158.182
68	'round2_loot67' 10.226 12.253 -151.969
69	'round2_loot68' 9.228 6.098 -147.47
70	'round2_loot69' 22.451 24.617 -253.239
71	'round2_loot70' 25.756 24.037 -251.859
72	'round2_loot71' 30.662 24.097 -252.148
73	'round2_loot72' 48.204 34.623 -229.629
74	'round2_loot73' 48.341 30.682 -229.877
75	'round2_loot74' 48.341 26.952 -229.877
76	'round2_loot75' 30.211 11.154 -323.246
77	'round2_loot76' 3.372 -12.544 -219.661
78	'round2_loot77' 20.732 1.693 -183.579
79	'round2_loot78' -87.863 21.884 -137.16
80	'round2_loot79' 145.859 -7.41 -320.716
81	'round2_loot80' 192.125 -20.4 -364.63
82	'round2_loot81' 250.226 -17.86 -369.822
83	'round2_loot82' 269.863 -15.582 -199.765
84	'round2_loot83' 308.073 -24.845 -155.501
85	'round2_loot84' 299.071 -26.538 -119.727
86	'round2_loot85' 59.933 -34.194 -313.065
87	'round2_loot86' -278.713 -15.585 -154.309
88	'round2_loot87' -300.282 -51.21 -135.155
89	'round2_loot88' -268.432 -35.918 -89.173
90	'round2_loot89' -103.975 43.326 -144.771
91	'round2_loot90' -101.823 43.768 -146.092
92	'round2_loot91' -103.803 43.88 -148.298
93	'round2_loot92' 161.582 9.121 -276.809
94	'round2_loot93' 150.15 9.648 -280.499
95	'finish_round2' 145.884 -7.414 -320.791
96	'' -104.57 41.33 -144.9
