1	'First-spot' 25.49 140.32 224.34
2	'second-page' 29.88 140.14 226.75
3	'third-page' 8.49 140.13 222.55
4	'page' 39.65 139.67 191.99
5	'body' 55.98 140.2 228.19
6	'shovel' 112.23 130.11 192.84
7	'note' 26.41 130.14 189.92
8	'body' -65.71 119.14 240.96
9	'Object' -108.1 107.71 -67.48
10	'Object' -160.06 119.06 273.68
11	'book' -218.64 115.41 295.92
12	'corpse' 111.97 130.36 206.32
13	'corpse' 101.84 130.48 208.34
14	'corpse' 81.21 138.73 202.82
15	'Page' -12.65 148.91 117.25
16	'corpse' -75.4 162.69 31
17	'book' -214.85 118.98 300.32
