1	'starting-instance-Eye-of-the-Brandstorm' -111.46 8.09 -603.47
2	'talk' 584.99 2.56 -395.78
3	'talk' 594.41 1.52 -399.52
4	'port' 599.47 3.38 -373.45
5	'port' 281.51 1.94 -296.26
6	'port' 49.61 5.47 -231.33
7	'kill' 30.13 5.6 -232.07
8	'rescue' -15.89 9.72 -180.41
9	'rescue' -53.49 11.29 -151.59
10	'rescue' -82.09 11.48 -176.95
11	'port' -162.45 13.76 -199.24
12	'kill' -149.48 13.02 -202.13
13	'port' -290.34 22.23 -222.74
14	'rescue' -301.18 23.31 -269.03
15	'rescue' -350.91 32.85 -294.16
16	'rescue' -287.73 21.81 -309.85
17	'rescue' -269.34 22.16 -350.39
18	'rescue' -331.32 22.71 -351.02
19	'port' -346.66 28.37 -194.61
20	'kill' -346.55 28.38 -193.26
21	'port' -349.02 29.73 -134.52
22	'port' -372.4 20.99 -58.57
23	'destroy' -332.55 21.39 -47.56
24	'kill' -314.43 19.89 -55.18
25	'destroy' -409.59 66.87 -61.75
26	'kill' -379.66 21.16 -63.15
27	'destroy' -280.31 53.37 -119.21
28	'kill' -288.78 29.5 -105.51
29	'destroy' -340.5 1.58 182.86
30	'kill' -359.31 3.12 168.67
31	'destroy' -247.31 34.16 303.46
32	'kill' -307.16 26.19 292.87
33	'destroy' -211.43 26.44 150.63
34	'kill' -179.28 26.3 148.49
35	'kill-Wyvern' -254.15 1.05 171.52
36	'destroy' -254.5 1.42 155.03
37	'destroy' -323.54 1.32 200.41
38	'destroy' -246.68 2.26 243.28
39	'destroy' -303.7 1.37 162.42
40	'destroy' -233.33 2.64 201.95
41	'destroy' -290.15 1.74 243.35
42	'regroup' -283.83 1.62 212.66
43	'aurene' -312.33 1.68 227.84
44	'talk' -304.52 1.68 230.43
45	'instance-done' -304.52 1.68 230.43
46	'talk' -1345.43 0.63 -80.97
47	'travel' -1341.03 1.32 -110.54
48	'port' 451.79 1.65 537.06
49	'port' -1055.82 200.79 748
50	'talk' -1031.69 182.29 826.48
51	'do-heart-ports-are-the-next-ones-for-heart' -1032.6 182.29 826.54
52	'' -1014.24 182.62 854.68
53	'' -936.45 182.59 776.89
54	'' -1011.7 182.57 700.7
55	'' -957.54 182.53 830.24
56	'' -955.58 182.6 722.93
57	'' -1066.29 182.6 719.95
58	'' -1092.21 182.59 775.05
59	'' -1068.03 182.6 830.6
60	'' -1070.81 200.85 774.54
61	'' -1014.8 200.85 721
62	'' -1051.08 200.85 734.32
63	'' -973.88 200.85 736.21
64	'' -972.8 200.86 816.2
65	'' -1011.07 200.85 832.79
66	'' -956.26 200.85 779.2
67	'' -1054.64 200.87 816.36
68	'' -912.66 136.88 878.53
69	'' -870.75 136.87 776.68
70	'' -1012.4 136.87 633.72
71	'' -1111.84 136.88 676.26
72	'Heart-done-next-ports-are-again-story' -1084.66 149.22 737.22
73	'talk' -1032.12 182.29 825.48
74	'talk' -1167.05 127.5 936.2
75	'Nightfall' -1173.56 116.37 965.16
76	'talk' -1024.23 36.28 808.88
77	'talk' -743.81 77.49 -546.77
78	'port-here' -666.16 0.4 -837.43
79	'story-isntance-start-Champions-Dawn' -719.26 -0.01 -786.8
80	'interact' -725.63 0.05 -759.94
81	'port' -786.66 -0.4 -756.91
82	'instance-done' -792.27 -0.19 -758.15
83	'talk' -382.61 0.2 1022.83
84	'talk' -288.34 41.79 1053.87
85	'take' -299.16 -72.49 948.43
86	'talk' -451.15 3.21 968.99
87	'get-the-location-of-all-3-ingrediants-' -451.15 3.21 968.99
88	'Liquor' -465.75 75.56 924.87
89	'Dried-Wheat' -958.15 79.2 -274.2
90	'Mushrooms' 171.65 146.29 659.49
91	'Astral-Water' -849.69 128.76 706.78
92	'kill-get-key-open-chest' -171.8 28.84 798.99
93	'get-grog' -451.28 3.21 969.79
94	'talk' -288.34 41.8 1053.44
95	'instance-start-The-Hero-of-Istan' -196.55 86.69 147.95
96	'talk' -183.28 74.44 219.88
97	'port' -159.33 73.93 216.17
98	'port' -159.36 73.93 253.57
99	'talk' -117.6 31.77 391.46
100	'look-closer' -117.72 31.77 391.21
101	'cell-door-lock' -121.75 33.12 393.53
102	'take-key' -129.17 31.77 404.43
103	'free-him' -117.6 31.77 406.2
104	'get-gear' -138.54 31.68 408.81
105	'interact' -106.05 76.88 391.39
106	'kill' -147.93 76.82 405.34
107	'take-comunicator' -158.88 76.82 412.02
108	'give-her-the-coin' -157.67 76.82 413.28
109	'port' -179.09 83.27 341.88
110	'kill' -158.98 73.92 256.89
111	'port' -158.1 73.92 259.13
112	'end-of-instance' -158.1 73.92 259.13
113	'story-instance-start-The-First-City' 163.46 9.24 -494.93
114	'kill' 274.63 54.32 -109.89
115	'gather-here' 218.31 55.17 -33.73
116	'port-here' 365.36 92.79 131.12
117	'kill' 365.93 95.2 139.52
118	'port-here' 112.02 116.05 245.59
119	'pull-chain' 44.81 115.49 252.13
120	'pull-chain' -42.44 115.49 252.57
121	'Pull' -136.56 116.11 262.78
122	'kill' -161.11 116.35 230.73
123	'port-here' -140.95 53.44 -60.15
124	'kill' -97.04 53.63 -132.99
125	'Destroy' -41.8 63.72 -161.79
126	'Destroy' -33.94 62.7 -87.86
127	'port' -230.32 66.96 -241.47
128	'take' -315.82 53.94 -250.25
129	'put' -236.2 66.91 -198.47
130	'take' -386.53 55.35 -212.21
131	'put' -245.96 66.91 -198.3
132	'take' -197.91 59.02 -196.23
133	'put' -240.74 66.65 -183.26
134	'take' -274.1 54.56 -227.08
135	'put' -242.87 66.65 -183.93
136	'port' -236.31 53.44 -309.51
137	'port-here' -165.59 53.49 -317.65
138	'interact' -150.19 53.44 -305.37
139	'port' -62.97 54.13 -306.24
140	'talk' -45.73 54.14 -318.85
141	'endboss' -55.84 54.15 -315.33
142	'afterboss-talk' -39.67 54.14 -319.62
143	'chapter-done' -39.67 54.14 -319.62
