1	'instance-start-Seized' -1011.68 10.66 -10.37
2	'talk' -189.47 16.03 -31.26
3	'port' -223.24 16.03 -43.83
4	'talk' -245.23 17.5 -42.77
5	'key' -250.66 17.51 -49.25
6	'open' -247.88 17.5 -46.36
7	'port' -218.94 16.03 -49.19
8	'port' -281.75 1.02 -67.66
9	'talk' -306.71 1.09 -64.78
10	'stomp' -304.94 0.69 -67.25
11	'' -306.08 1.23 -62.57
12	'' -301.23 1.29 -59.87
13	'' -294.18 1.16 -63.21
14	'' -295.15 0.9 -53.21
15	'' -302.87 1.61 -48.79
16	'' -306.57 1.4 -53.39
17	'' -312.09 1.66 -47.21
18	'' -317.15 1.39 -54.02
19	'' -312.66 1.29 -59.7
20	'' -313.04 1.3 -62.48
21	'' -321.24 1.27 -59.37
22	'' -323.98 1.18 -57.42
23	'examine' -310.71 0.18 -80.2
24	'talk' -451.36 1.44 -211.8
25	'kill-infectet' -444.94 0.67 -183.08
26	'' -450.99 1.28 -205.14
27	'' -458.43 1.28 -201.88
28	'' -459.78 3.33 -207.87
29	'' -446.64 1.67 -215.74
30	'' -444.08 2.12 -229.75
31	'' -448.24 1.71 -241
32	'' -458.69 1.47 -247.41
33	'' -461.7 1.51 -233.18
34	'' -480.56 0.64 -235.39
35	'' -486.24 0.65 -235.13
36	'' -470.55 0.7 -220.56
37	'' -474.22 0.68 -211.41
38	'' -470.92 0.9 -209.05
39	'' -460.25 1.31 -203.98
40	'talk' -458.58 1.63 -219.71
41	'kill' -457.66 1.64 -218.84
42	'boss' -459.62 1.61 -222.98
43	'talk' -443.76 1.49 -211.29
44	'instance-done' -443.01 1.47 -210.76
45	'talk' -1350.63 0.49 -182.79
46	'port' 1456.46 251.08 391.73
47	'talk' 1540.06 232.67 486.9
48	'talk' 1370.14 250.89 377.05
49	'instance-start-Forearmed-is-Forewarned' 1360.38 250.81 382.47
50	'Arm' -829.03 0.51 576.6
51	'use-cloak-etc-and-do-the-first-part-manuell-after-that-cords-again' -829.03 0.51 576.6
52	'now-that-the-tutorial-is-over-next-port' -823.34 3.01 527.16
53	'port-here-then-next-ports-for-some-easy-awakened' -777.46 27.01 422.89
54	'1' -720.36 36.15 460.89
55	'2' -650.29 28.5 512.57
56	'3' -786.56 39.48 334.78
57	'4' -727.58 39.05 305.89
58	'1-enemy-around-here' -693.91 47.64 191.71
59	'1-enemy-around-here' -717.22 34.78 229.17
60	'enemy-around-here' -732.82 46.27 243.86
61	'2-enemys-around-here' -666.57 24.32 280.41
62	'1-enemy-around-here' -738.07 40.39 393.22
63	'2-enemys-patrouling-around-here-and-next-port-look-and-kill' -666.59 28.65 456.22
64	'2-enemys-patrouling-around-here-and-next-port-look-and-kill' -686.46 23.13 326.11
65	'now-do-the-rest-manually-until-bar-full' -722.41 36.35 299.27
66	'port' -682.81 25.2 -32.78
67	'port-to-the-MVP' -693.17 48.76 181.97
68	'grab-bombs' -696.59 50.21 178.28
69	'plant' -704.06 20.63 61.39
70	'destroy-and-plant-seed' -916.85 -0.84 -23.15
71	'destroy-with-mine' -980.95 25.88 -146.24
72	'destroy-with-mine' -600.03 24.32 96.45
73	'destroy-with-mine' -634.24 -0.82 103.24
74	'destroy-with-mine' -440.58 28.98 -2.12
75	'destroy-with-mine' -457.01 34.29 13.21
76	'destroy-with-mine' -434.28 34.32 169.93
77	'destroy-with-mine' -653.67 11.35 -113.33
78	'bombs-again' -696.32 48.86 179.32
79	'get-back-to-portal' -824.71 0.49 580.4
80	'defend-portal' -818.11 0.46 580.08
81	'port-here-now-after-last-wave-is-clear' -776.02 38.1 309.51
82	'instance-over' -776.02 38.1 309.51
83	'talk' -803.74 45.56 272.73
84	'talk' -1269.75 3.67 -505.52
85	'defeat-the-2-mobs' -1166.46 18.5 -326.73
86	'take' -1279.17 2.15 -494.18
87	'fire' -1199.11 31.73 -278.49
88	'talk' -1269.8 3.69 -506.36
89	'one-part-done' -1269.8 3.69 -506.36
90	'talk' -703.81 50.86 538.27
91	'talk' -883.12 36.33 947.43
92	'take-torch-and-do-it-manually' -852.79 31.38 837.66
93	'talk' -884.6 35.94 946.71
94	'talk' -875.11 79.57 1176.75
95	'burn' -769.55 80.3 1201.9
96	'talk' -795.45 80.25 1205.15
97	'talk' -887.94 79.9 1186.98
98	'break' -891.88 80.93 1183.92
99	'kill' -1223.33 76.97 771.64
100	'talk' -885.55 36.02 948.31
101	'part-done' -885.55 36.02 948.31
102	'talk' 255.04 61.65 551.31
103	'port-here' -36.88 43.36 721.11
104	'interact' -24.62 43.37 702
105	'interact' -69.88 71.43 707.36
106	'talk' 251.88 61.59 548.7
107	'talk' -107.83 105.21 12.66
108	'instance-start-Be-my-guest' -81.32 91.7 -26.54
109	'talk' -95.79 67.68 -97.58
110	'port' -299.71 63.52 -342.02
111	'kill' -297.41 63.5 -339.33
112	'talk' -254.23 64.65 -349.71
113	'port' -224.49 4.91 -644.31
114	'port' -248.91 7.15 -647.14
115	'port' -250.65 8.3 -838.47
116	'talk' -300.97 2.8 -852.5
117	'pull' -299.51 4.21 -839.04
118	'port' -320.16 8.26 -810.17
119	'examine' -326.96 11.13 -805.19
120	'Gate' -295.79 19.11 -779.85
121	'port' -285.28 19.15 -789
122	'Examine' -276.41 19.15 -784.55
123	'Examine' -272.59 19.15 -801.02
124	'Examine' -265.98 19.15 -790.59
125	'get-ring' -284.9 19.14 -782.78
126	'port' -261.21 19.15 -793.86
127	'interact-2-times' -261.21 19.15 -793.86
128	'interact' -286.39 27.51 -722.15
129	'kill' -302.24 27.5 -702.23
130	'listen' -311.95 27.49 -708.02
131	'interact' -333.52 27.48 -713.79
132	'interact' -349.73 27.49 -715.82
133	'interact' -341.26 28.28 -681.8
134	'kill' -343.72 28.29 -655.92
135	'interact' -369.58 28.19 -641.41
136	'interact' -393.71 28.6 -642.15
137	'interact' -404.71 28.17 -673.08
138	'interact' -426.89 28.24 -668.89
139	'kill' -439.26 28.28 -635.68
140	'port' -431.89 77.89 -566.56
141	'port' -457.36 77.89 -576.52
142	'solve-manually' -439.16 79.37 -545.26
143	'kill' -423.66 77.89 -547.89
144	'port' -473.95 77.88 -600.35
145	'ENDBOSS' -489.99 78.48 -627.86
146	'check-aurene' -497.63 77.87 -653.37
147	'Chapter-done' -502.14 78.48 -648.32
