1	'talk' 766.98 113.09 -1097.08
2	'instance' 759.78 113.09 -1107.02
3	'port' 1040.81 148.16 969.51
4	'port' 889.69 160.55 621.82
5	'talk' 779.76 173.87 230.1
6	'talk' 779.27 173.87 226.91
7	'talk' 739.36 176.07 200.39
8	'wait-a-little-then-talk' 741.36 176.07 247.26
9	'wait-a-little-then-talk' 791.4 176.09 203.08
10	'wait-a-little-then-talk' 789.79 176.07 244.11
11	'port' 766.18 173.98 224.81
12	'investigate' 768.13 176.17 167.36
13	'escort-ppl-here-kill-mobs' 887.34 183.21 223.22
14	'destroy' 961.84 189.83 214.84
15	'port--now-help-them-manually' 981.75 189.83 196.71
16	'kill-all' 1062.98 189.82 220.59
17	'destroy' 1094.79 192.79 158.02
18	'help-again-manual' 1094.94 192.79 151.69
19	'destroy' 1153.35 192.78 127.43
20	'kill' 1190.61 192.79 126.9
21	'help-again' 1199.23 194.3 74.1
22	'destroy' 1212.76 195.06 44.76
23	'kill' 1258.23 190.87 47.12
24	'destroy' 1298.06 189.82 47.17
25	'port' 1346.19 185.97 51.26
26	'regroup' 1387.76 180.3 61.65
27	'instance-done' 1387.76 180.3 61.65
28	'port' 267.72 150.88 80.71
29	'port' 232.96 155.61 163.24
30	'kill-then-wait' 213.71 155.66 166.95
31	'port-back-and-wait' 226.06 154.87 157.11
32	'Read' 198.22 196.09 255.63
33	'port' 100.07 209.84 378.58
34	'take-sample' 180.44 209.78 398.81
35	'wait-and-kill' 182.69 209.09 394.64
36	'port-back-to-him' 102.37 209.9 380.86
37	'port' 26.64 222.63 574.01
38	'take' -71.93 222.45 638.75
39	'take' -106.35 222.96 743.05
40	'take' -161.63 198.01 757.84
41	'kill' 540.05 50.56 -197.12
42	'talk' 391.82 179.62 967.77
43	'instance-start' -1068.46 79.78 111.95
44	'talk' -1063.52 73.5 -4.71
45	'port' -1031.46 69.53 -98.75
46	'use' -1022.18 69.63 -162.32
47	'port-wait' -1140.95 11.47 -424.05
48	'talk' -1144.26 14.07 -461.16
49	'kill' -1147.05 14.43 -483.81
50	'port' -1135.49 12.13 -567.56
51	'talk' -1129.73 12.94 -576.17
52	'kill' -1127.62 12.46 -574.38
53	'port-kill' -1272.24 28.42 -553.73
54	'after-spider-queen-run-around' -1125.59 12.46 -573.24
55	'ignite' -1126.47 13.35 -580.76
56	'port-and-wait-for-the-boys' -1138.57 11.76 -560.3
57	'port' -1149.06 11.47 -381.17
58	'kill' -1169.64 23.67 -351.3
59	'after-boss' -1177.39 23.67 -354.55
60	'port' -1141.82 11.88 -427.71
61	'port' -1152.2 12.41 -549.05
62	'port' -1119.59 13.38 -629.2
63	'talk' -1106.88 12.17 -546.83
64	'instance-done' -1106.88 12.17 -546.83
65	'talk' 550.05 357.63 24.35
66	'talk' -490.03 111.44 -114.95
67	'instance-start' -185.17 67.15 -406.81
68	'talk' -171.96 69.39 -456.97
69	'next-kill-zarifa-etc' -169.75 69.44 -455.48
70	'port' -33.95 75.04 -561.15
71	'next-boss-port' 110.55 112.2 -612.06
72	'next-port-boss' -134.22 105.43 -623.86
73	'next-port-boss' 78.83 108.43 -475.92
74	'last' -26.22 77.63 -559.6
75	'get' -29.84 77.63 -559.95
76	'talk' -174.8 69 -457.3
77	'instance-done' -174.8 69 -457.3
78	'starting-Storm-Tracking' -1067.99 79.43 109.59
79	'talk' -1116.92 13.08 -627.96
80	'port-use' -1120.17 12.85 -621.58
81	'talk' -1110 11.67 -598.55
82	'instance-done' -1109.98 11.65 -600.46
83	'port-story-instance-start' -581.71 73.01 -414.67
84	'defend-blish-until-its-done' -125.37 104.45 -1254.96
85	'port-when-map-opens' -130.61 103.71 -1132.57
86	'port' -128.46 102.76 -989.91
87	'port-and-wait-until-map-is-open' -73.79 114.95 -348.24
88	'port' -46.28 114.84 -160.09
89	'' -56.46 118.62 135.64
90	'' -224.91 120.26 229.41
91	'' -416.63 115.7 274.04
92	'port-and-waitr-here-until-it-goes-further' -272.56 109.75 640
93	'' -268.77 102.88 789.01
94	'' -274.19 135.35 920.41
95	'' -284.79 165.03 1040.43
96	'' -320.21 218.68 1264.12
97	'' -151.48 245.23 1339.59
98	'' 17.42 226.21 1340.55
99	'' 189.62 223.75 1293.19
100	'' 315.44 239.5 1316.11
101	'' 362.9 257.75 1430.01
102	'jump' 364.18 258.09 1437.61
103	'port' -1066.7 79.94 112.74
104	'talk' -1120.92 13.51 -630.56
105	'instance&Chapter-done' -1120.92 13.51 -630.56
