1	'Talk' -589.52 198.18 822.77
2	'instance-start' -583.19 198.18 812.21
3	'Talk' -402.58 15.15 -657.34
4	'Enter' -403.74 15.15 -655.64
5	'Talk' 179.09 46.68 -448.17
6	'port' 168.83 46.74 -430.7
7	'enter' 152.82 57.74 -413.5
8	'Talk' -27.04 63.45 -486.22
9	'watch' -30.33 64.05 -503.5
10	'do-the-event' -28.22 63.97 -516.57
11	'first-circle' -58.98 63.65 -518.48
12	'next-circle' -20.02 64.03 -503.46
13	'last-circle' -60.51 63.85 -513.7
14	'Talk' -95.04 64.06 -499.44
15	'port' -91.32 64.18 -483.96
16	'portal' -110.2 74.97 -474.63
17	'port-and-do-the-next-test-manual' -38.5 116.39 -349.43
18	'next-port-main-test-do-manual' -79.56 129.7 -243.86
19	'port-and-use-skill' -86.89 130.04 -220.75
20	'take-spear' -82.35 132.07 -191.34
21	'test-spear' -83.59 129.65 -199.26
22	'port' -51.62 130.26 -189.81
23	'portal' -32.97 143.13 -176.09
24	'port' -33.55 181.09 284.09
25	'port' 58.55 171.01 353.21
26	'ENDBOSS' -77.31 212.77 530.48
27	'Talk' -68.2 212.98 601.2
28	'portal' -88.7 214.1 617.91
29	'port' -49.14 227.96 747.41
30	'port' -67.21 228.37 767.09
31	'port' -89.71 227.99 779.93
32	'port' -114.03 228.09 774.62
33	'port' -131.42 228.13 750.81
34	'portal' -96.97 227.94 684.41
35	'update-caithe' 163.2 47.9 -440.06
36	'portal' 143.69 54.52 -524.17
37	'talk' -263.44 199.87 1317.23
38	'talk' -626.42 173.23 1249.69
39	'port-here' 641.13 453.21 838.16
40	'talk' -534.41 19.82 -534.15
41	'Destroy' -538.79 7.42 -486.71
42	'Destroy' -540.32 6.87 -427.16
43	'Destroy' -539.08 17.87 -518.94
44	'after-talking-done' 1027.08 247.88 606.32
45	'pick-up' 1024.73 247.87 605.1
46	'place-teleport' 1083.22 240.26 612.06
47	'port-kill' 1165.32 227.38 534.12
48	'Return-here-after-you-collected-the-item' -657.42 171.04 1234.69
49	'Place' -675.25 173.66 1248.71
50	'talk' -672.83 169.12 1135.04
51	'Pull' -681.88 173.66 1253.29
52	'Take' -675.34 173.67 1248.73
53	'test-5-times' 139.52 397.54 -70.75
54	'starting-The-Crystal-Blooms' -635.55 171.26 1182.95
55	'port' 244.48 175.37 316.88
56	'port' 290.69 184.03 273.47
57	'kill' 340.21 184.04 237.96
58	'kill' 334.29 185.78 193.22
59	'fall-back' 338.94 184.04 240.21
60	'join-aurene' 322.38 190.06 264.51
61	'talk' 332.05 184.02 241.45
62	'instance-done' 331.68 184.02 241.65
63	'talk' -657.85 171.04 1234.84
64	'talk' -536.95 19.38 -532.4
65	'to-this-part-manual-next-port-is-next-location-btw' -678.82 17.66 -766.48
66	'location2' -762.65 3.17 -1156.66
67	'location3' -480.57 6.8 -967.74
68	'talk' -518.84 22.39 -542.29
69	'talk' 523.3 231.06 -167.05
70	'get' 786.08 233.29 -264.7
71	'talk' 523.08 231.06 -167.48
72	'talk' -658.63 171.04 1234.65
73	'starting-instance-the-crystal-dragon' -631.8 172.61 1176.14
74	'port' 515.13 195.5 -321.95
75	'go-over-plan' 481.7 195.5 -323.27
76	'port-here-if-you-want-a-buff' 569.56 195.35 -397.84
77	'port-Back-here' 481.71 195.5 -323.3
78	'take' 449.34 200.57 -341.69
79	'get-buff' 451.63 200.57 -336.89
80	'get-buff' 454.31 201.84 -308.34
81	'join' 333.78 179.19 -322.08
82	'talk' 334.19 179.19 -324.75
83	'channel' 371.68 192.73 -325.91
84	'attack' 290.97 166.52 -328.03
85	'use' 339.49 179.4 -325.71
86	'after-landing-port-here' -332.61 191.35 -126.75
87	'destroy' -311.95 185.16 -100.24
88	'next' -245.71 164.5 -67.52
89	'new-spears' -260.59 170.3 -105.87
90	'next' -249.58 164.51 -172.57
91	'spears' -259.72 170.32 -106.78
92	'channel' -330.41 191.67 -118.95
93	'attack' -259.76 175.7 -138.11
94	'spears' -277.6 178.06 -153.7
95	'use' -291.33 179.16 -118.61
96	'when-landed-use-this-port' 336.47 178.04 -93.06
97	'next' 456.12 190.57 -103.82
98	'next' 471.43 195.5 -28.3
99	'next' 604.2 210.78 -50.19
100	'next' 644.62 221.39 11.96
101	'next' 580.15 195.85 224.44
102	'next' 450.57 200.57 229.13
103	'port-safety' 469.13 195.5 223.88
104	'after-explosion-done-port-here' 435.05 214.94 231.66
105	'next' 394.24 175.39 203.37
106	'destroy' 338.42 184.08 218.64
107	'destroy' 305.27 176.97 212.9
108	'spears' 276.36 169.24 196.48
109	'destroy' 282.3 184.05 267.45
110	'destroy' 219.71 162.84 240.43
111	'spears' 211.36 162.82 237.94
112	'channel' 314.04 192.13 257.39
113	'get-fucked-up' 314.04 192.13 257.39
114	'port' 211.58 178.35 317.62
115	'port' 41.48 150.62 394.85
116	'port' 4.25 151.91 358.37
117	'channel' 11.26 151.9 361.29
118	'port' 37.92 102.69 308.17
119	'channel' 35.77 102.67 309.03
120	'after-cutscene-port-here' -46.43 12.51 356.36
121	'port' 9.03 0.79 289.5
122	'port' 37.25 1.16 221.48
123	'Chapter-done' -631.81 172.62 1176.15
