1	'starting-The-End' -630.52 172.65 1176.07
2	'port' -48.48 13.49 363.98
3	'port' 37.41 1.82 225.08
4	'caith' 40.56 2.16 217.71
5	'channel-2-times' 38.24 1.92 223.22
6	'join-aurene' 38.69 2.16 217.08
7	'after-the-dragon-fight' 710.79 122.93 806.16
8	'talk' 878.74 128.42 813.34
9	'talk' 831.31 119.33 764.31
10	'talk' 842.81 125.07 838.27
11	'instance-done' 842.81 125.07 838.27
12	'listen' 878.6 128.36 800.89
13	'view' 508.02 372.87 273.58
14	'talk' 862.86 122.87 481.73
15	'use-scanner' 778.6 246.45 -679.6
16	'deploy' 587.77 208.25 -535.58
17	'place' -679.69 222.54 -623.6
18	'place' -549.88 141.94 764.13
19	'safe-port' -531.94 248.84 812.86
20	'talk' -371.99 165.75 -860.33
21	'talk' -361.17 166.94 -858.91
22	'borrow' -341.59 166.35 -909.06
23	'eat' -435.4 184.85 -875.02
24	'eat' -360.8 166.98 -858.26
25	'eat' -456.71 163.84 -924.48
26	'eat' -483.59 156.41 -960.6
27	'eat' -460.28 178.2 -935.33
28	'eat' -426.45 152.1 -940.56
29	'eat' -394.15 138.32 -930.74
30	'eat' -393.29 173.08 -933.8
31	'eat' -412.27 177.79 -914.63
32	'eat' -389.44 186.77 -956.92
33	'talk' -360.8 166.98 -858.26
34	'port' 1243.96 485.33 167.59
35	'attack-.with-skyscale' 1279.3 511.09 106.14
36	'get-on-skyscale-port-here' 1239.77 504.92 106.26
37	'safeport' 1291.44 547.18 73.02
38	'zafirah' 998.5 124.36 -54.56
39	'take' 996.91 124.55 -53.45
40	'Reforge' 997.04 124.45 -48.65
41	'test-the-spear' 551.29 242.09 53.7
42	'test-the-spear' 518.66 247.35 107.55
43	'test-the-spear' 519.13 245.59 48.89
44	'test-the-spear' 609.65 203.48 -339.67
45	'test-the-spear' 579.09 204.14 -400.6
46	'test-the-spear' 570.83 197.02 -306.41
47	'test-the-spear' 512.32 184.61 -344.9
48	'test-the-spear' 537.2 190.59 -295.28
49	'test-the-spear' 583.43 196.23 -347.37
50	'safeport' 473.2 402.4 -424.65
51	'port' -307.05 294.17 -247.69
52	'attack' -231.92 151.4 -177.2
53	'port' -283.33 156.02 -304.19
54	'safetyspot' -196.68 381.9 -400.59
55	'port' 496.56 181.93 -383.54
56	'instance-start-Descent' 496.68 181.95 -387.77
57	'talk' 303.63 291.79 -82.43
58	'kill' 247.33 251.07 -307.03
59	'port' 216.26 235.54 -398.55
60	'port' 50.42 181.15 -478.62
61	'port&do-event-after' -55.35 158.23 -556.84
62	'PORT' -116.83 161.27 -542.93
63	'port-and-join-aurene-for-final-battle-inside' -140.49 165.01 -529.12
64	'this-port-is-when-you-are-inside-and-flying-is-over' -216.5 247.67 225.14
65	'after-bridge-is-build-port-here' -212.38 259.39 429.6
66	'after-port-here' -224.58 140.4 356.71
67	'after-ttacking-follow-aurene' -201.65 140.02 361.64
68	'kill' -109.17 161.85 400.65
69	'channel' -110.13 161.85 400.43
70	'attack' -222.57 140.51 373.78
71	'go-with-aurene-again' -205.63 140.25 368.88
72	'kill' -192.94 185.75 505.84
73	'channel' -201.85 185.92 501.25
74	'attack' -224.98 140.56 376.02
75	'follow' -202.85 140.16 365.74
76	'kill' -314.82 204.47 421.45
77	'channel' -312.94 204.45 420.52
78	'destroy-heart' -212.99 140.52 378.66
79	'Epilogue' -52.7 297.4 -49.53
80	'port' -59.75 305.36 28.39
81	'END-of-Living-World-4' -59.79 305.49 35.78
