1	'River_Fish' -620.7 -1.28 172.49
2	'River_Fish' -588.71 -1.3 94.71
3	'River_Fish' -585.57 -1.3 47.6
4	'River_Fish' -599.09 -1.3 -53.63
5	'River_Fish' -583.68 -1.32 -110.92
6	'Lake_Fish' -549.75 -1.29 -451.92
7	'River_Fish' -495.27 -1.32 -446.55
8	'River_Fish_Lake_FIsh' -505.1 -1.32 -503.13
9	'River_Fish' -527.36 -1.29 200.93
10	'River_Fish' -411.91 -1.3 325.29
11	'River_Fish' -389.03 -1.3 529.99
12	'River_Fish' -365.51 -1.3 633.49
13	'River_Fish' -297.09 -1.3 670.52
14	'Lake' 46.26 -1.31 204.85
15	'Lake_FIsh' 184.26 -1.3 361.85
16	'Lake_Fish' 244.95 -1.3 517.18
17	'Lake_Fish' 326.51 -1.3 385.24
18	'Lake_Fish' 458.8 -1.29 435.69
19	'Lake_Fish' 692.87 -1.29 548.39
20	'Lake_Fish' 455.95 -1.29 233.01
21	'Lake_Fish' 300.38 -1.3 15.05
22	'Lake_Fish' 98.39 -1.3 0.78
23	'Lake_Fish' -65.82 -1.3 60.65
24	'Lake_Fish' 509.85 -1.3 147.08
25	'Lake_Fish' 459.13 -1.3 234.37
26	'Lake_Fish' 655.49 -1.3 35.19
27	'Lake_Fish' 651.6 -1.29 -246.24
28	'Lake_Fish' 768.82 -1.29 -209.02
29	'Lake_Fish' 761.94 -1.3 -530.56
30	'Lake_Fish' 884.76 -1.3 -474.97
31	'Lake_Fish' 840.12 -1.33 -617
32	'Coastal_Fish' 308.2 -1.29 -627.89
