1	'Rack' -959.575 5.22256 393.796
2	'Rack' -950.194 5.78613 389.011
3	'Supply-Cart' -948.772 6.05509 373.808
4	'Weapon-Rack-whenyoucan-killthe-3Tamini-asWell' -1027.66 34.4381 442.57
5	'Cart' -868.195 6.09404 474.054
6	'Slave' -861.051 4.54018 448.665
7	'Slave+Cart' -835.743 6.15968 454.086
8	'Slave+Rack' -822.73 5.6987 456.313
9	'Slave' -818.289 4.73759 475.114
10	'Slave+Cart' -783.608 5.51315 479.055
11	'Slave' -809.733 5.99501 502.802
12	'Rack' -817.326 5.97066 501.431
13	'Rack' -832.219 5.88969 493.299
14	'Slave' -846.1 5.80551 494.073
15	'Rack2' -845.424 5.51802 485.571
16	'Cart' -868.426 6.21669 474.492
17	'Chest-for-fun' -698.921 59.4775 483.623
18	'Slave-Heart-completed' -677.318 49.7052 487.819
19	'Extra-Slave1' -679.175 49.9466 500.982
20	'Extra-Weapon-Rack1/2' -666.505 49.9099 493.194
21	'Extra-Slave' -627.864 46.0079 562.858
22	'Last-Extra-Slave' -613.704 43.3588 566.666
23	'This-Heart-is-random-do-it-manual' -1103.12 13.7604 109.233
24	'Corpse' -1160.66 15.1773 -399.065
25	'Corpse' -1191.1 15.533 -397.96
26	'Corpse' -1208.44 15.3678 -388.694
27	'Corpse' -1215.14 15.747 -416.018
28	'Corpse' -1244.38 14.2902 -427.199
29	'Corpse' -1263.91 8.19971 -457.159
30	'Corpse' -1258.72 5.29094 -478.691
31	'COrpse' -1254.03 2.41447 -517.714
32	'Corpse' -1201.06 2.67748 -483.417
33	'Corpse' -1190.97 3.97117 -468.4
34	'Corpse' -1151.08 4.43539 -443.719
35	'Corpse' -1129.29 5.51752 -420.967
36	'Corpse' -1096.85 5.47298 -394.457
37	'Corpse' -1068.3 3.72831 -396.31
38	'Corpse' -1063.29 3.63274 -383.561
39	'Corpse' -1039.4 4.39141 -367.576
40	'Corpse' -1013.54 3.62765 -351.945
41	'Burrow' -1009.86 3.2109 -357.046
42	'Corpse' -984.244 3.84886 -331.768
43	'Burrow' -1002.96 0.757459 -383.822
44	'Corpse-again-HEart-completed' -1265.14 8.11381 -457.211
45	'CarePackage' -397.26 6.82784 -51.5186
46	'Giveitto-Stark' -455.403 6.04944 -23.1727
47	'CarePackage' -402.693 6.55662 -51.2992
48	'Give-to-Stark' -456.367 6.06887 -22.4474
49	'CarePackage' -489.735 10.4102 7.30525
50	'Give-Stark' -457.472 6.16545 -21.0858
51	'CarePackage' -488.534 10.417 11.7327
52	'Give-Stark' -456.826 6.14233 -20.9828
53	'Care-Package' -485.471 5.92289 -87.7354
54	'Stark' -457.114 6.03129 -22.8159
55	'CarePackage' -469.305 17.022 49.5218
56	'Stark' -457.575 6.16179 -20.3815
57	'CarePackage' -490.082 5.82045 -88.7396
58	'Stark' -457.794 6.00611 -22.9521
59	'Sack-of-Feed' 339.544 6.34944 -180.604
60	'Give-it-to-Pig' 327.957 6.53896 -178.331
61	'Sack-of_feed' 334.672 6.2686 -196.014
62	'Give-it-to-Cow' 318.43 5.86613 -180.057
63	'Sack-of_feed' 307.504 6.09844 -197.064
64	'Sack-of-Feed' 300.926 5.43601 -169.499
65	'Give-it-to-Pig2' 317.479 6.19139 -190.657
66	'Leaky-Pipe' 296.577 3.43083 -304.688
67	'Bush' 325.491 2.89443 -356.136
68	'Leaky-Pipe' 290.493 28.805 -382.229
69	'Bush' 186.071 19.0854 -436.976
70	'GrubTail' 173.999 20.2931 -425.538
71	'WaspNest' 136.197 25.8922 -383.062
72	'GrubTail' 113.531 27.1607 -377.537
73	'WaspNest' 83.5084 23.7705 -372.608
74	'WaspNest' 91.979 21.8253 -406.121
75	'GrubTail' 75.8171 26.9956 -416.372
76	'GrubTail&Kill-HEart-completed' 53.1112 27.2719 -360.72
77	'KillbothPirates' 260.277 0.580368 207.671
78	'KillChicken' 235.904 0.554813 196.662
79	'KillbothPirates' 202.425 0.796092 209.639
80	'Killthe3mobs' 201.646 1.10291 160.378
81	'Killhim' 180.798 0.422133 175.283
82	'Killthe3' 206.303 0.77888 113.001
83	'killthe2' 203.629 14.6869 90.1674
84	'killhim' 235.082 14.395 88.2856
85	'killthe3' 292.787 0.955074 201.412
86	'Saveprisoner' 292.806 1.32948 207.486
87	'kill4piratesplustower' 353.316 1.30807 149.13
88	'Bush' 830.738 25.7017 -123.157
89	'BUsh' 848.808 27.3446 -131.247
90	'Bush' 896.891 25.6175 -112.199
91	'Bush' 882.319 26.209 -153.65
92	'Bush' 867.129 27.411 -149.659
93	'BUsh' 866.659 27.4988 -128.109
94	'MissedSpot' 834.167 31.3467 -139.122
95	'MissedSpot' 845.721 24.8046 -135.435
96	'MissedSpot' 837.857 24.7888 -158.191
97	'MissedSpot' 864.098 24.791 -154.431
98	'MissedSpot' 831.75 32.6401 -163.172
99	'MissedSpot' 857.315 41.4507 -138.408
100	'MissedSpot' 835.204 42.9765 -185.162
101	'MissedSpot' 808.371 31.768 -147.048
102	'Bush' 866.594 50.9712 -150.193
103	'Bush' 853.674 50.9712 -133.681
104	'Bush' 888.094 26.3765 -103.21
105	'MissedSpot' 844.159 31.3935 -165.817
106	'Pirate-trap&killhim' 839.1 31.346 -144.555
107	'activatedoor&repeat-killik-one-creature-until-heartisFUll' 1156.54 36.0367 457.154
108	'Supplies' 1371.92 59.8532 75.9484
109	'Burrow' 1357.42 60.0775 71.3218
110	'Vein' 1328.1 61.7312 77.2285
111	'Burrow' 1320.89 56.6479 106.707
112	'Vein-take-uploot' 1371.02 58.1327 98.9668
113	'Burrow' 1317.75 62.3756 46.5412
114	'Burrow' 1318.9 65.368 0.42438
115	'Vein' 1288.26 63.6168 -33.4549
116	'Burrow' 1274.39 61.9763 -47.8972
117	'Burrow' 1258.18 59.4406 -94.0209
118	'Vein' 1250.47 57.9741 -108.776
119	'Burrow' 1227.85 58.8665 -93.2205
120	'Vein' 1218.33 55.6091 -109.616
121	'Burrow' 1202.79 56.9917 -116.632
122	'Burrow' 1188.52 57.3758 -155.34
123	'Vein' 1198.53 56.2399 -155.941
124	'Burrow' 1218.45 56.4962 -176.507
125	'Give-him-the-Orr-you-picked-up-Heart-completed' 1379.67 79.2708 40.1104
126	'Trap' 1343.02 91.6662 -278.685
127	'Trap' 1326.8 94.9017 -299.389
128	'FoodSack' 1328.88 94.8327 -303.422
129	'Givehimsack' 1335.87 92.9585 -260.631
130	'Trap' 1315.11 94.4355 -330.81
131	'FoodSack' 1311.01 95.3536 -349.587
132	'Givehim' 1335.4 93.0851 -260.897
133	'Trap' 1301.36 96.0644 -360.442
134	'Trap' 1283.43 96.2175 -380.234
135	'FoddSack' 1289.46 95.8575 -379.025
136	'Givehim' 1336.91 92.7546 -259.342
137	'Trap' 1356.63 91.6728 -308.241
138	'Trap' 1383.31 88.6536 -348.434
139	'FoodSack' 1376.93 90.1414 -352.153
140	'Givehim-Heart-completed' 1336.77 92.8039 -259.411
141	'PiratePlans' 322.327 3.30814 478.14
142	'TakeShovel' 328.062 2.44906 464.12
143	'SandPile' 337.037 2.45383 463.808
144	'SandPile' 320.882 0.456191 434.59
145	'SandPile' 279.134 0.879928 489.604
146	'SandPile' 310.418 0.890787 509.537
147	'Plans' 336.45 8.03466 468.471
148	'Plans' 308.143 14.1797 490.547
149	'SandPile' 383.469 1.80125 437.101
150	'SandPile' 429.493 0.891716 410.81
151	'Plans' 374.034 0.367217 395.531
152	'GivetoNPC' 406.843 20.5563 462.629
153	'' 317.337 1.88469 455.39
154	'KillTurret-whenactiva' 281.074 1.07879 477.025
155	'KillPirate' 296.954 0.481693 519.128
156	'Kill' 303.947 2.18825 541.117
157	'Killthw3' 302.867 14.1853 492.051
158	'Killhim' 354.107 1.26196 440.236
159	'Killhim' 373.083 1.02347 418.135
160	'Killturretwhenactiv' 375.461 0.355803 396.543
