1	'PoI1' -1427.51 41.1727 125.173
2	'PoI2' -1470.93 31.8549 -512.199
3	'PoI3' -640.058 57.0919 601.796
4	'PoI4' -183.723 -0.683837 473.286
5	'PoI5' 7.03792 -39.3663 51.9312
6	'PoI6' -287.614 -30.709 -307.041
7	'PoI7' -533.507 0.634775 -428.061
8	'PoI8' -139.328 83.8335 -741.046
9	'PoI9' 351.016 2.46819 221.256
10	'PoI10' 233.108 0.311542 129.938
11	'PoI11' 870.739 81.9009 613.106
12	'PoI12' 548.141 0.110372 394.585
13	'PoI13' 844.199 32.6555 -148.068
14	'PoI14' 852.701 22.9312 -387.27
15	'PoI15' 1522.53 100.99 -403.472
16	'PoI16' 1313.54 69.6494 68.4544
17	'PoI17' 1183.76 34.6219 473.184
