1	'WP1' -1419.21 10.0311 423.46
2	'WP2' -825.352 62.1831 700.771
3	'WP3' -1141.13 10.9366 -23.5681
4	'WP4' -938.292 40.0639 102.824
5	'WP5' -672.922 15.9364 146.318
6	'WP6' -1354.88 10.9013 -540.531
7	'WP7' -1171.78 15.4478 -382.525
8	'WP8' -698.316 8.37188 -315.931
9	'WP9' -420.448 6.46525 2.62294
10	'WP10' -23.1914 2.15587 259.118
11	'WP11' -125.263 -44.8684 -141.278
12	'WP12' -171.795 5.74873 -520.475
13	'WP13' 221.648 9.9172 621.509
14	'WP14' 282.204 3.13464 313.553
15	'WP15' 309.112 2.70938 -570.042
16	'WP16' 464.695 14.9597 -195.817
17	'WP17' 821.491 22.5509 -97.1907
18	'WP18' 938.181 97.159 562.747
19	'WP19' 1415.11 84.4467 379.367
20	'WP20' 1081.31 57.7232 306.754
21	'WP21' 1342.58 81.4501 -181.451
22	'WP22' 1294.22 90.9919 -610.817
