1	'Firework' 664.917 313.994 51.8574
2	'Firework' 533.771 269.7 183.34
3	'Firework' 512.063 267.403 225.431
4	'Firework' 325.273 325.955 295.868
5	'Firework' 275.002 326.214 296.143
6	'Firework' -312.294 355.624 273.614
7	'Firework' -310.357 357.071 262.383
8	'Firework' -279.051 350.49 145.846
9	'Firework' -273.323 356.3 170.645
10	'Firework' 27.9805 412.361 -100.045
11	'Firework' 76.0312 412.293 -97.0947
12	'Firework' 113.603 412.274 -98.4305
13	'Firework' 214.088 412.543 -145.446
14	'Firework' 233.001 412.358 -158.978
15	'Firework' 248.446 412.27 -174.425
16	'Firework' 287.074 412.324 -233.18
17	'Firework' 302.402 409.627 -286.677
18	'Firework' 568.845 380.273 -249.93
19	'Firework' 572.723 377.506 -213.887
20	'Firework' 56.8216 371.517 -11.6862
21	'Firework' 120.022 371.527 -12.4014
22	'Firework' 201.356 371.517 -38.7675
23	'Firework' 256.837 371.516 -70.2769
24	'Firework' 312.252 371.517 -120.998
25	'Firework' 346.797 371.517 -170.105
26	'Firework' 75.8141 306.125 137.397
27	'Firework' 86.157 306.399 184.494
28	'Firework' 509.821 267.257 225.199
29	'Firework' 533.466 269.547 184.717