1	'Pinata' 407.192 401.461 -349.562
2	'Pinata' 395.374 402.095 -354.56
3	'Pinata' 478.309 382.059 -287.542
4	'Pinata' 665.205 347.136 -62.9595
5	'Pinata' 775.926 301.895 160.783
6	'Pinata' 787.654 300.852 180.238
7	'Pinata' 429.811 308.442 590.19
8	'Pinata' 417.808 308.728 583.716
9	'Pinata' 357.937 288.729 203.526
10	'Pinata' -237.587 351.888 71.6878
11	'Pinata' -216.366 353.413 150.622
12	'Pinata' -171.624 359.114 138.226
13	'Pinata' -194.461 356.077 61.2259
14	'Pinata' -68.3529 385.521 -25.9185
15	'Pinata' -57.4466 387.7 -59.3095
16	'Pinata' 25.4857 412.504 -153.106
17	'Pinata' 33.7834 412.463 -163.093
18	'Pinata' 240.26 412.734 -271.969
19	'Pinata' 224.829 412.459 -268.993
20	'Pinata' 447.87 365.226 -219.248
21	'Pinata' 452.179 365.403 -197.036
22	'Pinata' 197.412 341.34 -139.195
23	'Pinata' 169.51 341.34 -111.949
24	'Pinata' 131.351 371.517 -249.555
25	'Pinata' 103.254 371.517 -233.424
26	'Pinata' 270.696 285.836 -1.53397
27	'Pinata' 237.287 285.375 15.5262
28	'Pinata' 326.785 286.761 0.630227
29	'Pinata' 213.576 286.984 58.5147
30	'Pinata' 234.216 287.323 184.12
31	'Pinata' 415.291 286.665 87.5128
32	'Pinata' 637.475 312.376 69.6532
