1	'Lap1' 80.5113 371.631 -53.1694
2	'Lap1' -22.3743 374.365 -26.9503
3	'Lap1' -98.5128 375.774 41.9775
4	'Lap1' -160.693 361.454 82.1569
5	'Lap1' -254.933 352.326 74.5919
6	'Lap1' -373.382 341.8 56.6339
7	'Lap1' -396.603 336.413 73.2241
8	'Lap1' -391.875 331.068 92.3195
9	'Lap1' -334.814 330.172 103.659
10	'Lap1' -305.267 330.172 205.465
11	'Lap1' -229.091 333.523 254.018
12	'Lap1' -117.201 330.075 328.297
13	'Lap1' -75.0012 324.6 387.417
14	'Lap1' -45.4182 307.276 441.778
15	'Lap1' 0.678957 295.298 480.688
16	'Lap1' 61.0212 294.289 481.718
17	'Lap1' 104.643 300.499 458.264
18	'Lap1' 154.854 326.179 391.411
19	'Lap1' 177.476 296.857 275.283
20	'Lap1' 196.761 290.147 231.537
21	'Lap1' 248.866 288.951 199.482
22	'Lap1' 331.034 292.184 210.713
23	'Lap1' 392.505 288.276 216.51
24	'Lap1' 458.959 267.616 261.077
25	'Lap1' 477.331 265.027 331.947
26	'Lap1' 498.343 260.01 401.185
27	'Lap1' 556.821 256.055 441.09
28	'Lap1' 612.701 261.194 440.59
29	'Lap1' 688.975 270.809 418.824
30	'Lap1' 736.372 269.408 378.928
31	'Lap1' 774.417 269.605 329.842
32	'Lap1' 773.174 288.874 233.738
33	'Lap1' 754.945 301.4 156.931
34	'Lap1' 702.85 308.595 115.563
35	'Lap1' 676.485 312.288 90.5592
36	'Lap1' 682.893 315.797 43.5319
37	'Lap1' 665.47 317.975 9.77894
38	'Lap1' 611.78 357.889 -76.455
39	'Lap1' 602.991 380.908 -165.292
40	'Lap1' 596.44 381.54 -233.579
41	'Lap1' 580.039 379.99 -253.129
42	'Lap1' 513.357 381.614 -275.843
43	'Lap1' 453.661 374.233 -266.534
44	'Lap1' 389.708 372.194 -257.56
45	'Lap1' 355.276 371.472 -208.227
46	'Lap1' 292.785 371.627 -149.968
47	'Lap1' 203.578 371.472 -95.1328
1	'Lap2'' 80.5113 371.631 -53.1694
2	'Lap2' -22.3743 374.365 -26.9503
3	'Lap2' -98.5128 375.774 41.9775
4	'Lap2' -160.693 361.454 82.1569
5	'Lap2' -254.933 352.326 74.5919
6	'Lap2' -373.382 341.8 56.6339
7	'Lap2' -396.603 336.413 73.2241
8	'Lap2' -391.875 331.068 92.3195
9	'Lap2' -334.814 330.172 103.659
10	'Lap2' -305.267 330.172 205.465
11	'Lap2' -229.091 333.523 254.018
12	'Lap2' -117.201 330.075 328.297
13	'Lap2' -75.0012 324.6 387.417
14	'Lap2' -45.4182 307.276 441.778
15	'Lap2' 0.678957 295.298 480.688
16	'Lap2' 61.0212 294.289 481.718
17	'Lap2' 104.643 300.499 458.264
18	'Lap2' 154.854 326.179 391.411
19	'Lap2' 177.476 296.857 275.283
20	'Lap2' 196.761 290.147 231.537
21	'Lap2' 248.866 288.951 199.482
22	'Lap2' 331.034 292.184 210.713
23	'Lap2' 392.505 288.276 216.51
24	'Lap2' 458.959 267.616 261.077
25	'Lap2' 477.331 265.027 331.947
26	'Lap2' 498.343 260.01 401.185
27	'Lap2' 556.821 256.055 441.09
28	'Lap2' 612.701 261.194 440.59
29	'Lap2' 688.975 270.809 418.824
30	'Lap2' 736.372 269.408 378.928
31	'Lap2' 774.417 269.605 329.842
32	'Lap2' 773.174 288.874 233.738
33	'Lap2' 754.945 301.4 156.931
34	'Lap2' 702.85 308.595 115.563
35	'Lap2' 676.485 312.288 90.5592
36	'Lap2' 682.893 315.797 43.5319
37	'Lap2' 665.47 317.975 9.77894
38	'Lap2' 611.78 357.889 -76.455
39	'Lap2' 602.991 380.908 -165.292
40	'Lap2' 596.44 381.54 -233.579
41	'Lap2' 580.039 379.99 -253.129
42	'Lap2' 513.357 381.614 -275.843
43	'Lap2' 453.661 374.233 -266.534
44	'Lap2' 389.708 372.194 -257.56
45	'Lap2' 355.276 371.472 -208.227
46	'Lap2' 292.785 371.627 -149.968
47	'Lap2' 203.578 371.472 -95.1328
1	'Lap3' 80.5113 371.631 -53.1694
2	'Lap3' -22.3743 374.365 -26.9503
3	'Lap3' -98.5128 375.774 41.9775
4	'Lap3' -160.693 361.454 82.1569
5	'Lap3' -254.933 352.326 74.5919
6	'Lap3' -373.382 341.8 56.6339
7	'Lap3' -396.603 336.413 73.2241
8	'Lap3' -391.875 331.068 92.3195
9	'Lap3' -334.814 330.172 103.659
10	'Lap3' -305.267 330.172 205.465
11	'Lap3' -229.091 333.523 254.018
12	'Lap3' -117.201 330.075 328.297
13	'Lap3' -75.0012 324.6 387.417
14	'Lap3' -45.4182 307.276 441.778
15	'Lap3' 0.678957 295.298 480.688
16	'Lap3' 61.0212 294.289 481.718
17	'Lap3' 104.643 300.499 458.264
18	'Lap3' 154.854 326.179 391.411
19	'Lap3' 177.476 296.857 275.283
20	'Lap3' 196.761 290.147 231.537
21	'Lap3' 248.866 288.951 199.482
22	'Lap3' 331.034 292.184 210.713
23	'Lap3' 392.505 288.276 216.51
24	'Lap3' 458.959 267.616 261.077
25	'Lap3' 477.331 265.027 331.947
26	'Lap3' 498.343 260.01 401.185
27	'Lap3' 556.821 256.055 441.09
28	'Lap3' 612.701 261.194 440.59
29	'Lap3' 688.975 270.809 418.824
30	'Lap3' 736.372 269.408 378.928
31	'Lap3' 774.417 269.605 329.842
32	'Lap3' 773.174 288.874 233.738
33	'Lap3' 754.945 301.4 156.931
34	'Lap3' 702.85 308.595 115.563
35	'Lap3' 676.485 312.288 90.5592
36	'Lap3' 682.893 315.797 43.5319
37	'Lap3' 665.47 317.975 9.77894
38	'Lap3' 611.78 357.889 -76.455
39	'Lap3' 602.991 380.908 -165.292
40	'Lap3' 596.44 381.54 -233.579
41	'Lap3' 580.039 379.99 -253.129
42	'Lap3' 513.357 381.614 -275.843
43	'Lap3' 453.661 374.233 -266.534
44	'Lap3' 389.708 372.194 -257.56
45	'Lap3' 355.276 371.472 -208.227
46	'Lap3' 292.785 371.627 -149.968
47	'Lap3' 203.578 371.472 -95.1328